0,1,2,3,4,5,6,7,8,9,10,11,12,13,14,15,16,17,18,19,20,21,22,23,24,25,26,27,28,29,30,class_numeric
-0.5985588980156638,0.09417055764434606,-0.3549520447971447,-0.08463811115905184,0.021295683302754144,0.007322680628879014,-0.15200956206043656,-0.14535619054806076,0.35231167970916977,-0.6936657563227783,-0.41795145840229825,0.3716275138630488,-0.40615580851723787,-0.1544382224856283,-0.024527163248333927,-0.15281859210872312,0.4592657219224655,0.0313500234862994,0.23418536512936533,-0.3253059973336402,-0.24673935736741018,0.17751021766642092,0.2487813333075465,0.07365010661266352,-0.1480472214315087,-0.01086742958998421,0.1194234646181726,-0.04529933248123258,-0.2610484569831544,0.11382418804956802,0.04910158909842263,0
-0.6435758992229994,0.15528010372904988,-0.3412371875874757,-0.12430159202333682,0.019871387727889135,0.024904350012498154,-0.2410868397153155,-0.1799963047902895,0.5226263674909402,-0.9447926872165128,-0.5358565856295014,0.5171018628311715,-0.5642597335307418,-0.2183699773965184,-0.06006891528584618,-0.22011242283920449,0.6072971889873668,-0.009255713648065584,0.13668198895309952,-0.271321224478871,-0.31811990746050517,0.3117292001364001,0.3472021728323331,0.053130354135515784,-0.1303984097745959,-0.06640714407797808,0.23510830608180106,0.12033196621496502,-0.38491760530454905,0.0733078884886803,0.13833549871397335,1
4.523299279300373,-2.0822658246039563,-3.9747134734953806,2.986475311013555,0.5551970471696946,1.1099846681601493,5.580842430195215,-0.24560532249038547,-0.2608393880535837,0.1365726981924522,0.6099403870259995,-0.8449765835114184,0.24086860108098668,-1.3262303262628266,0.0854619468193381,0.7753190932558127,1.3297809468111013,-0.21347092676833312,0.2574818176199666,-0.5284869529850252,-0.5658293903242576,0.7427709455397024,0.023728069930703928,-0.15805574470829045,0.7917362062083207,-0.8324954748314597,0.08449537332195566,0.0008807539933059111,1.2710524538459829,-0.18714049077231543,-0.5608496243314823,2
-0.6754403234753156,0.1447078322628753,-0.36576964309202137,-0.14387117993935394,0.022654868892944942,0.007829694563336,-0.3321864089076624,-0.20741078684640257,0.5852766290862179,-1.0016529578072821,-0.5931483421693519,0.5995946240039617,-0.6228671643167929,-0.28142454005334444,-0.060550816866355765,-0.1435139834419452,0.665831633289067,-0.02037494209059305,0.13830183779923982,-0.32214698114536655,-0.33993033556844066,0.37815597135725465,0.3713074075743592,0.05142963280817878,-0.05055681090370781,-0.16443505373708406,0.25401435275532414,0.20034281573612847,-0.4346063279500353,0.013125692790767533,0.2832064269864684,3
-0.6201647785526287,0.20256176438394827,-0.3155744025426315,-0.11030754417832069,0.0006201704602164962,0.0778962620254274,-0.17156004349844464,-0.16058063181088866,0.4935753629737204,-0.9786095405859567,-0.485901457859458,0.43305132668863494,-0.5402260670754766,-0.17046232481350912,-0.08230110369427183,-0.32238059034650174,0.5861021526326666,-0.0018125692972526385,0.09593931670537788,-0.19200038689362847,-0.3006036766901761,0.2879053854021911,0.3331089757470988,0.05796419128560857,-0.17608891494659362,0.029650512414961937,0.22638271739123852,0.12979725247101428,-0.3440298306878978,0.10466280152275723,0.040545998569459944,4
-0.5454916009045989,0.39394274087495174,-0.49082539592131075,0.08104050142535006,-0.022852551813731498,0.22023973121105964,-0.0885484028741677,-0.1341366110339663,0.4599913454685495,-1.2727310311338547,-0.5721603265987232,0.3613863798510747,-0.7477410594614335,-0.19818539505691307,-0.10802481794927254,-0.5995603392853815,0.7783412614315827,0.04860043916178365,0.32896429179004016,-0.38120513108785614,-0.5054550733174593,0.28331222535866807,0.44579860892147527,0.053331148383992145,-0.16358943061481454,0.2281390907921122,0.39705484662282037,0.2615977784261753,-0.4847121940618562,0.22038484545529352,0.12037546982960345,5
-0.7043560850062092,0.02687103193865587,0.9611794572504788,-0.8342402390593402,-0.4496760526906358,-0.306181200595223,1.434456117553713,-0.08012405716940475,-0.22942893462231073,0.7067111530459803,-1.33017818121561,2.0760143888040106,-1.012268986539916,-0.2072667178065818,0.18791023057327386,0.7603928731487294,0.6876791232532217,0.3138341080561798,1.1499753047555719,1.0040058898374535,1.0650244180407085,-1.0593891596881373,-0.2468042556728901,0.9581056979912017,-0.09464382942109688,1.302491869990024,-2.491349700133864,-2.3824831801487223,1.6880693322463451,1.1649071949311063,2.2974299141492986,0
-0.6990940812371199,0.2293875253472464,1.1040924923402378,-0.8959389880722659,-0.34671932087231466,-0.03135005563168982,1.7252575705784257,-0.2927000974751607,0.1548596766698813,0.3637025652499667,-1.0275107308399043,1.7756984288956745,-0.7579078697663257,0.21617404521222883,0.017307579384192133,-0.3430899484781588,0.22815714543596727,0.04126870725316596,-0.4621078665614864,0.652855061697317,0.043898907811573226,-0.027625309758614526,0.14302142821215202,-0.05611846918801886,-0.3415361348484888,-0.06869253929540596,0.24632023204186299,0.22324680815606163,-0.5943631117724125,-0.11977502358215923,-0.1909448336883369,1
-0.5859295266355923,-0.06388847631915753,1.3051723958015766,-0.7605957053169703,-0.4271714365752132,-0.14122047002591215,1.3607813200844696,-0.09137285974343055,-0.21056169619485632,0.7191521587914063,-0.6048235042064777,0.9322855260359216,-0.5296996892482212,0.07984615900605031,0.0464884358531347,-0.02828174733117306,0.021700095769970555,0.0915712526036957,-0.09340608138045738,0.32787935976645016,-0.06550156445285395,-0.442224588519226,-0.08693482468493495,-0.09279403781482143,0.3303541536413518,0.18087472351409764,0.023261479696377957,0.06163594791797553,0.15919900010997193,-0.02344885340904892,-0.06450458734059428,2
-0.07697013059584325,-0.13815655958501669,1.4540369874112402,-0.42668320416519995,-0.29978543903041593,-0.0348593898685829,1.062800979127957,-0.054090270802011044,-0.07888053226094738,0.30806380555942353,-0.3877161851682651,0.6126378806273818,0.013545853103312834,0.5498441459456882,0.006812007094068194,-0.464817987212991,-0.604957400030522,0.13510053822091797,0.2729758080635385,-0.21348995877274354,-0.42669810916036127,-0.6045025004914225,-0.19902567375688054,-0.12045998203917553,0.3889795251310393,0.1776876757865416,0.28448743569745355,0.24637763279891953,0.6255191778941689,-0.19079017674921345,-0.11473595824664408,3
-0.679179997891609,0.029822963597504713,1.0342384114190333,-0.8163247035346721,-0.3766814052220318,-0.16821499792389621,1.3491333928565976,-0.1504276587932075,-0.06620013289631638,0.6127480591996313,-0.7723269630580978,1.2116392174549273,-0.6141839857237942,-0.16673001405752078,0.051031690021627274,0.11712331495877014,0.20771833292816042,0.0781837717812391,-0.21792460170883846,0.49049005367858606,0.07649969643480466,-0.36286604151575513,-0.02537885283892167,-0.03357379912503608,0.06417612068732795,0.15006483854496797,-0.1299810666838267,-0.13427887900105703,-0.2850680247069438,-0.00977860892879371,-0.06367736224104108,4
-0.6037091860504231,0.006330005940696804,1.1953203388500604,-0.7702603264719022,-0.38752193123029194,-0.1242345666648261,1.3494734607166494,-0.11328932757825703,-0.12409301148067897,0.6024466736210988,-0.5796230367927933,0.9524199084696506,-0.43618951742665035,0.08908883182003365,0.03446668933617941,-0.07829896372706906,-0.014912957140410932,0.0751819991983481,-0.135785133878573,0.314555253688856,-0.03241030116882242,-0.3371358797015128,-0.07020140085425393,-0.07063684823726708,0.16895789313177279,0.11733603199690827,0.03231353737941415,0.03331059110595326,0.04125588750113421,-0.04271719444088,-0.11533692916800038,5
-0.6179797587954766,0.054374705287525284,-0.3567992218795374,-0.0862127958056842,0.03604832488124519,-0.04471670459884394,-0.3134827904556471,-0.11686475657353676,0.3459125163997933,-0.5597056024526911,-0.34335118123289204,0.3182186533795601,-0.3018950885613503,-0.21404019929282647,0.009974249518419102,0.04290402017555017,0.3317303202879547,-0.00015558263322645622,0.18613005402870061,-0.2913174443731792,-0.12627510991476137,0.17298975448910364,0.15674221212769665,0.01889138245651234,-0.03659615844174417,-0.16332001172129215,0.07948338571536472,-0.02973340402709848,-0.15866573041776627,0.04683455812914704,0.18400193493117437,0
-0.6458478002417782,0.09709332593733427,-0.37743605502299493,-0.11020625531866506,0.05142254068959141,-0.011307350452833577,-0.34996373547258347,-0.17386644593157252,0.48060651982728836,-0.8127681637932306,-0.43263957565762123,0.38918878392553397,-0.4234287399149562,-0.22738250744343588,-0.05084630366617747,-0.09677497139159771,0.46037222472977296,-0.029283453009096315,0.05199108782326092,-0.21983968522001618,-0.2717867818121009,0.24599987320968336,0.2249877923256242,0.01835298399230235,-0.04179946680089695,-0.16893774756388663,0.16722289155581285,0.09671859519276928,-0.22701054834160958,0.004147869874864759,0.16622951015436513,1
-0.06390848576050324,-0.4610638307514613,-1.7404293958259047,1.14672776175017,0.39254946510498806,0.30480923673955823,0.716940206809322,-0.08988296873653649,-0.23450578245377282,0.5995090678602184,0.06947597258610466,0.07596307016262974,0.03152428038552618,0.32630681575142595,-0.07512985129490317,-0.346669850823556,0.44551044731832046,0.011951304714329543,0.36271587339916245,-0.4338622161077005,-0.5067857722260993,0.23227095447870338,0.24080395694758022,0.08571212261635562,0.32404884865596284,-0.0532686343935477,-0.09931495278819921,-0.2550046229638766,-0.07452105404569417,0.16299825516344152,-0.2842983313547966,2
1.8105170955613108,-0.9386950080293587,-2.665487345127189,1.6555498829286268,0.4313698811699119,0.663621210946886,2.8153041762711246,-0.14251060381593086,-0.30174306690193026,0.3504902632837813,0.44822065252634224,-0.7501057773555809,0.043227926853462884,-0.181200178217213,-0.03686921723497443,-0.19909008780482407,0.9934633052196314,-0.032310081137382214,0.276714817309152,-0.03454473812075474,-0.4334518330332666,0.018171690452614193,0.12681362742620936,0.09511954501069916,0.5546990567494351,-0.07662848595864905,-0.0966927693595862,-0.03553513932969043,0.29638456068260943,-0.02112901289853958,-0.2284209985000041,3
-0.6237036116356895,0.10609132474864284,-0.3363684776730007,-0.11154524392189417,0.01984825879591815,0.013307535471513343,-0.22122101471270095,-0.1516365306071361,0.4309703293543833,-0.7429700898574666,-0.40636627192859315,0.37730510566117254,-0.4079402517172405,-0.16969239349404383,-0.05049222556412822,-0.15790228903264958,0.43607332838614404,-0.011777707908047521,0.07633193212744466,-0.20399604663345217,-0.26924435002369834,0.20663333425119423,0.24149371361341634,0.03424216155637916,-0.12792938451785127,-0.05211237591378901,0.13284190833321124,0.03396034260502336,-0.24778164212977208,0.08369526777925823,0.01418654015193306,4
-0.5664804821001466,0.19939521789889933,-0.4391672656715864,0.0024218629206007084,0.01989019539967857,0.08266460451744592,-0.16579008318317645,-0.11373271055876331,0.399211952787093,-0.8943412119320613,-0.3598025096304725,0.22770517446648803,-0.43150337793354115,-0.12505415531502712,-0.07435644567510231,-0.35766031916266244,0.485071838142518,0.022087063324488034,0.15390780240963098,-0.20667724074130947,-0.3079729127509605,0.13780782957801116,0.25793639490019743,0.039499883916852774,-0.13065879495359806,0.09906014363702544,0.17909435474739366,0.06752393662911799,-0.21263961390998484,0.12756355584620263,-0.020447612529692925,5
-0.771118792103198,0.07315013742750705,1.2322160046967565,-1.065676244890517,-0.5040780403650856,-0.2192097047703511,1.963234197449458,-0.2436763693018185,-0.011461550970773202,0.8536550194588035,-1.3573748975063604,2.2509785389601413,-1.1110859963584072,-0.15677186381450678,0.12517280278104123,0.1814715434411428,0.41667132110893235,0.1867832919212627,-0.22743882606875906,1.067952278135403,0.3791305795286652,-0.6761832959318382,0.010622939884442746,0.12758076551406478,0.001635588236487529,0.5475625669184081,-0.6270700402142579,-0.5370238144982014,-0.34175351021746153,0.09034793672281709,0.3313928238099961,0
-0.7602551958838758,0.3420870508258115,1.34506464529184,-1.0943230410873395,-0.4895878950681066,0.043424921442031264,2.278489524656888,-0.3862675164438002,0.2746710127433792,0.39075487934346786,-1.3819581544427395,2.563848577948385,-1.0992937942190526,0.4582082531785529,-0.00844939904750975,-0.5992888592988516,0.30956019221369924,0.05221523626234205,-0.6524160208084798,1.109812091818002,0.25865494527437327,0.30018579685894425,0.3304460208283066,-0.0016829650675073715,-0.4939216796254307,0.1294096641122193,0.2928331944663511,0.3328402937961217,-0.6924525143361235,-0.10555198834470457,-0.17494640601853273,1
-0.4618503161328992,0.1621067517663084,1.4679390834035848,-0.8229458255954113,-0.5095662497061757,0.1167157707577735,1.764011808593964,-0.24704931442150319,-0.001127015642493431,0.506321375887315,-0.7285010116206448,1.33799281390726,-0.49312100410337995,0.9249114304864625,0.036794461266065705,-0.4879570221029013,-0.35211736920921194,0.11046080284131223,-0.15253166699036486,0.1541800555433961,-0.16334646391763166,-0.3435355497673681,-0.09930294801230127,-0.1335286438859727,0.24897105787453702,0.1133571176411859,0.40079673304236824,0.461475264721871,0.5078952238901366,-0.19586533523016023,-0.18408702363055857,2
-0.08872298181121646,0.040833387564004835,1.4720389289054991,-0.5330439586507728,-0.3415225278592912,0.01990658188905576,1.3217897121879594,-0.17003021153458434,-0.022919973051658986,0.2841350422980872,-0.5182724433473398,0.865357766251071,-0.07275116881685526,0.8184364479717812,0.01171276882419718,-0.5471943595259805,-0.6796492361173856,0.11616988645143411,0.2760179894192961,-0.24824841338981216,-0.41298925941282505,-0.5271428316327063,-0.1661030370632508,-0.13948465846797875,0.4140901741692328,0.06005529801387508,0.41732577346096494,0.38824707773225725,0.8178146258058515,-0.24963533370879645,-0.03298067265947569,3
-0.680003502772715,0.04192954876438336,1.049760498151795,-0.8226644557897445,-0.39890105794893294,-0.16375154997070104,1.3849115275350399,-0.15766242115322138,-0.055305082372416214,0.5781536686426852,-0.8150915174357354,1.3207284883520716,-0.6615046576179897,-0.1357492380124076,0.06532159782042038,0.0991541724033963,0.2574020462222717,0.09364873142734385,-0.12289053523880814,0.44456875664213946,0.10659479820467738,-0.2888282998386233,0.01026937045594962,-0.013588466591296264,0.12695611617016636,0.1042826878517386,-0.14768337572517284,-0.09716607827005035,-0.25235878760213887,-0.011993358697482718,0.11495289781756753,4
-0.6682578900714274,0.2997164267680503,1.3054520627502904,-0.9298353474318145,-0.4266921519111669,0.08787741342224838,1.80241470663363,-0.24979717753586084,0.10646494157088794,0.4258900635493993,-0.67122787625078,1.5250160175017806,-0.5211707306298482,0.39888309004804673,-0.020278851386509093,-0.3993019306100473,-0.029454263886837233,-0.01759404978156767,-0.4426746686722205,0.5243467518773437,0.11128404014003818,0.3578951767858883,0.12668593216815216,-0.12455680433683824,-0.06746350872701298,-0.1297791501995379,0.34035789956668416,0.41177534115324854,-0.2284281295407345,-0.10655695728132794,-0.16728238339160728,5
-0.6497652577019398,0.007474447947068899,-0.4253356687520187,-0.06492283834374225,0.056074611072565485,-0.06531471710586158,-0.380888351335,-0.16247273681563668,0.3632600847970682,-0.39196744853153803,-0.4598818518246768,0.5175043957845002,-0.373575259176161,-0.24979791276076413,0.019849297508537728,0.188064756493737,0.26647460412499663,-0.003412367235815333,0.188763939555436,-0.41840156279012564,-0.2807008596393692,0.1776083386637226,0.19909853272171124,0.004060537609533005,-0.08492853410136433,-0.09098215585668758,0.02994982960823346,-0.07263126640860951,-0.24934062629196377,0.036553042733706215,0.06884830189524951,0
-0.6382907662002804,0.13947767868383934,-0.30526761821953957,-0.1350110456264636,0.0012103021131636723,0.03167092360921418,-0.16505316567667738,-0.18427855319021208,0.49587557384056313,-0.83548925117751,-0.5421235339110356,0.5728761276215982,-0.5579781933259584,-0.20510037412315932,-0.04696527752046761,-0.20168063063846067,0.5847864841827334,0.0006604171165927574,0.1280810994771143,-0.3036766720951012,-0.3806325757380623,0.2780235950254204,0.35772286353207317,0.046650760179152706,-0.18559324994210033,-0.047260258508379505,0.21653441515006971,0.07345476435341658,-0.4445840658066709,0.0740914736387196,0.055524275201371966,1
2.945970362956343,-1.645845596439807,-3.2611447362262425,2.703540750894152,0.5043569111409899,0.7002097875500461,4.101285802123267,0.14962932116387734,-0.6535957904445632,0.3284380417064805,0.5671401221585155,-0.0849901181412217,0.7813602317803725,-1.0756031637283567,-0.052832580831093795,-0.005142620513363476,0.8537567052144086,-0.06874228544438722,0.44024339454879646,-0.5049910185871782,-0.2796139922597887,0.6492571920378313,0.1663866814200357,-0.26655813371800774,0.46216572985518667,-0.8196573046132374,0.025681689294996497,-0.27483534215446376,0.778208376821729,0.01730947358547974,-0.5686016819286076,2
-0.06021325121141161,-0.10551700341898879,-1.4286863880021314,0.6903466115122947,0.1560179728974399,0.28404549377206817,0.8233180313408318,-0.05363970901738781,-0.05013072301615055,-0.32779861926422715,-0.05931906941031945,-0.19058736382716493,-0.28205307215952136,-0.027687182416691557,-0.07548477763314869,-0.49266313362813086,0.6346262727707822,0.0675786258131633,0.5484828587873459,-0.5041551366022722,-0.625243324034026,-0.024118395657314183,0.2680564597060105,0.020971931651032692,0.258204662630273,0.28885980988142,0.08973930193807561,-0.1326990158554284,0.03733269225864944,0.2409325869226954,-0.37263906828730986,3
-0.6310576270444378,0.1141033015231905,-0.3338342013528591,-0.1194619268209863,0.007765566485591304,0.0168148282835205,-0.17146856960992815,-0.17188115882100963,0.4529207687957972,-0.7702504531070441,-0.502469549974541,0.49448261220846423,-0.49269098607887557,-0.1773349173369508,-0.05204977207467856,-0.18307930847113943,0.5116492376043892,0.006136951224468374,0.13555515274085916,-0.27977974733969757,-0.3372885991643222,0.23086778133003938,0.30391922922355097,0.06060206489366588,-0.17276607412560224,-0.014012919588208637,0.16202507876819794,0.026503971894236648,-0.3518848996656197,0.0976864624788555,-0.004816565937419542,4
-0.5223481899636304,0.292985149751991,-0.37886288331059276,0.008375326004124412,-0.032767224210286126,0.15973345545255155,0.03347177518771039,-0.1161204196832141,0.3567623505844642,-0.9841830753297534,-0.456035603916647,0.29450415640935523,-0.5522482327713957,-0.12345073307063918,-0.07469816460232923,-0.4648133121922594,0.607444826591589,0.057616633526099276,0.28478226323405503,-0.3393544718454509,-0.38628529664161876,0.21884089185503952,0.3491948309183625,0.06788153121140429,-0.1999512205630776,0.15492116543545595,0.28899384655469,0.1428933522920138,-0.3450734084468417,0.20587138216693732,0.026474195077236418,5
-0.7161400612753348,-0.04911887622074126,1.0631632023627002,-0.8091800349490289,-0.4139600441524566,-0.2544838304177524,1.4459676171296345,-0.15896214383946072,-0.19193831324314706,1.0049030876134717,-1.2586567008005856,1.9043247675397499,-1.1127941042902456,-0.480986549761106,0.16138462640564855,0.483823607213751,0.4626643501596577,0.220964612934326,0.09236019984178602,0.6419086824213242,0.14881140087850647,-1.0365035157602702,-0.008172314758345834,0.09876227733373918,0.20124820749547429,0.7408611230213084,-0.6036481636084157,-0.6051753632539029,-0.30639383932360864,0.04938509587392156,0.2792135985999614,0
-0.6577032035842075,0.49228692872713997,1.3450876945645238,-0.8927934053713767,-0.3808051305142232,0.22804894227356706,2.135056216826804,-0.41147834083801954,0.2357412618771285,0.3112832891048252,-1.2437125323125522,2.224677504712155,-0.833950666017168,0.714080817666966,-0.012775464992051604,-0.8171413413535472,0.062181438651568145,0.008724587897805764,-0.5468251639425543,0.790511270130768,-0.027162918527048375,0.04260811645043256,0.23120367166220357,-0.02125725921525047,-0.659840268765442,0.035605883297489926,0.6358368160804222,0.6066759576899732,-0.3415974915510147,-0.160819229908625,-0.4185394831211565,1
-0.07808140111558433,0.12393539246925141,1.744665836328493,-0.7591639553684898,-0.6096696545087427,0.21920053477917992,1.862261074003941,-0.30975868924690436,-0.004776004427415755,0.4172352585021685,-0.8011770781748248,1.3758785085138971,-0.5064835274061883,1.5681676433929648,0.0723257605536354,-0.5629544430517462,-0.7835241616317619,0.1483060768102348,0.05931198217459468,-0.09226405027164876,-0.3633958306146014,-0.6360136848264106,-0.20239425027087624,-0.2053398878631303,0.6278485793404623,0.3157709724113171,0.5812249925265364,0.6409276729225536,1.2823659918042687,-0.17850763085017912,-0.2291778762446404,2
0.3258896137811955,-0.04742937519700212,1.60303879158238,-0.4189216127611992,-0.37434149774657766,0.09451494394815775,1.3246058424910756,-0.20359779097175013,0.06284183538086173,0.14537051583498353,-0.5673226490036738,0.8810394528726614,-0.0027319117462515875,1.045068782143284,0.029438858399011027,-0.5508781943038948,-1.0045347841278283,0.1413927472074382,0.396874049214424,-0.38427123745361746,-0.5478990998510771,-0.7004499275047223,-0.20461289930970997,-0.16053484471496535,0.5803413540196686,0.22688521375312543,0.5309833287667035,0.457350906060787,1.1866734845596378,-0.2517923896149645,-0.09248710227871668,3
-0.6709483506049899,0.07594156176352476,1.094872905089345,-0.8398602639181859,-0.41255009558297184,-0.13039988701706512,1.492436411840048,-0.17632066311114417,-0.018291762697042427,0.5631180846919425,-0.8288689464535548,1.3823442839494229,-0.643264428095521,0.03349054206528755,0.053093641541358816,-0.03324219371059546,0.1700800322272928,0.09579373429829749,-0.18959452155906092,0.46383711458297017,0.06657893271035459,-0.30468600811170277,-0.0038492279913553617,-0.02671106055454942,0.04685753116441869,0.0948501260475197,-0.0495356788926621,-0.023188588388386527,-0.210390675794906,-0.05848080589943357,-0.004419573975902461,4
-0.6257735720695121,0.134575945461051,1.2608940579648338,-0.8560415011379304,-0.4237838099807011,-0.055024014637340336,1.7146094760932449,-0.2398419811191553,0.008045883011005976,0.5575925710504782,-0.8417829769533596,1.4678772866325023,-0.601182133299428,0.3737345580835578,0.03056852016081916,-0.3369523717140393,-0.04716401099475227,0.08647461559096516,-0.2755173486595716,0.47395233017899524,-0.06392892453053602,-0.35713182833430246,-0.013478595774340763,-0.08826464821154129,-0.034605821222250865,0.13579196340801253,0.23636765740216747,0.2217893090858736,-0.01447049535877834,-0.10752483677569556,-0.22339063587788904,5
-0.5946884892611317,0.09416206391990817,-0.4089817750131801,-0.04052998005737191,0.017829854396396682,0.0186791205081141,-0.17211594574545144,-0.14108577614349857,0.3647851608719917,-0.6821798765578828,-0.42924052473099905,0.3850035923318431,-0.4175986799651588,-0.16095370749478874,-0.0160977104231399,-0.15445201276544093,0.48638600960276446,0.03371867522434503,0.2594118493748218,-0.40008020330006605,-0.32582951949236877,0.19507819940545326,0.2762008487445934,0.05978983585453692,-0.11608311896362547,-0.029232880736109874,0.13223950877339688,-0.01772237681169681,-0.30743393301757155,0.11097147693956279,0.08641291516586537,0
-0.6219104947805969,0.16586672268209635,-0.2965688762783659,-0.1142690342705065,-0.02057690838167512,0.05019949034564005,-0.12670942059292908,-0.16778237673968477,0.4819641200587793,-0.8532994960913525,-0.5316980792384705,0.5463618920633416,-0.5579338124270654,-0.20035438516045004,-0.0324566348615204,-0.23528423263454495,0.6195425201262492,0.013588408452089074,0.19114537327097714,-0.35194692102615543,-0.3747586406984706,0.3035444133283229,0.37956169437829473,0.047978908662515536,-0.17284336338650308,-0.0712682621429205,0.22704341946844725,0.11319768569627879,-0.4591930135703197,0.09702228525117636,0.13664610130013044,1
3.8059088071124796,-2.0050186344923606,-3.146911723717378,2.749234304339417,0.5061255640133498,0.8936738646711254,4.430162052415144,-0.1319478981990314,-0.2741415746925431,0.1760762209374415,0.5200702571553343,-0.4024029374013705,0.4898892117793252,-1.0555132449873443,0.03832069184061064,0.43531836988995437,1.1933356654999852,-0.16965441428788366,0.20066365135422456,-0.45721754955563737,-0.33538686380123794,0.757918841114466,0.03444522341570529,-0.17483258580274355,0.6434345991552958,-0.9250484047837894,0.02404501421531691,-0.06971104742586065,0.9531386868210199,-0.045800075709404725,-0.3884689677954121,2
1.8010452316425603,-0.6608500132571171,-2.199323132474008,1.2166281931718923,0.278892400003402,0.5880812164328604,2.443551149290909,-0.15547551555195507,-0.18531516616403004,-0.013039508178676787,0.339689711068075,-0.7184294647981184,0.021042847868290582,-0.3888208157415161,-0.001284374587275324,-0.18904424956364782,0.8525175107450383,0.04796602844519765,0.406845880677611,-0.21210250426423544,-0.45733034952847906,-0.028711878731154297,0.08466081453178283,-0.038927074021171404,0.47470201153623304,0.0485927796469828,0.045359576917281624,0.09448208969868326,0.392550469389164,0.006377612325973314,-0.09660051665862474,3
-0.5928340457323101,0.1604044330855528,-0.3763160511265086,-0.058463254918543456,0.014733702724802426,0.058070709213850547,-0.20137770789524453,-0.1384177321587895,0.4042717066950691,-0.8623604706788832,-0.3761373093553482,0.296968617422603,-0.4284325820007031,-0.16162177659645624,-0.05466247324690805,-0.2547664459343574,0.5177395844276768,0.011315693938319665,0.17063975602267428,-0.264116371744338,-0.270622843209599,0.24640331347241415,0.26927196413313265,0.03788232639789716,-0.06230813956335749,-0.08221844776342155,0.20594040348278023,0.1286736333641188,-0.2813979636313573,0.10635280184072791,0.17534135601348297,4
-0.539600891695404,0.2824049025022124,-0.36940769133948126,-0.004613978685216124,0.013478332653381298,0.17041552778612562,-0.06643634728082481,-0.1393124917478627,0.381580720974398,-1.005719073653501,-0.39630196631163656,0.23624619361098462,-0.48875222311095323,-0.13704723094287355,-0.08007259702701673,-0.45176076111718805,0.6029430158922705,0.030393265269524967,0.18943091948663277,-0.26526208518047895,-0.3659418142454341,0.2367510658496882,0.31348583656076234,0.043524394775917505,-0.1390283365789218,0.041825753105727455,0.29884975296299715,0.19680352765187673,-0.3103031440754492,0.15963103131644074,0.12897773000258467,5
-0.7218871724889131,0.015533015472768308,1.0438436155509678,-0.8729159621074054,-0.41422690653576366,-0.2188808194351633,1.540801613140468,-0.19889921048283654,-0.07041540786741667,0.8132326136290673,-1.1805676082171417,1.8305295965660826,-0.9740224044775089,-0.2778218098237478,0.12013956785655659,0.2694419930323954,0.3721753138547243,0.17129864496567074,-0.13488554318346135,0.6850822946861076,0.11306955102577866,-0.7950910251206968,-0.013817598209202307,0.041962806265852616,0.04026829257490554,0.4674963976557681,-0.39371151420330736,-0.42874094353129844,-0.4373770245049172,-0.00610003955101374,0.12033367789740536,0
-0.741093688148858,0.35223982235984247,1.26879047579066,-1.0066147809720318,-0.41597898026301333,0.06338368989557643,2.075172661742211,-0.3438424174433195,0.29376271719169256,0.3492855391570397,-1.2272592851459236,2.33736478651375,-0.9989696791836354,0.3362082505933452,-0.009890763631429718,-0.5259279475133531,0.31840369046189637,-0.004761186819933006,-0.6370941805792968,0.9079434502086565,0.13747467309817327,0.2643997789558112,0.30202596512546864,-0.06822835004672304,-0.4742451590989571,-0.09647225735635698,0.4093874628908847,0.4073885325823141,-0.8698947780059636,-0.20279249052150528,-0.2325302220701495,1
-0.5774490293701139,0.19912871915134714,1.5202472993070413,-0.9441224949828867,-0.4873268059756779,0.030955500767383636,1.954338789442354,-0.2557373545495579,-0.028749443012517646,0.6191963303088847,-0.8190888711191369,1.5336605284624347,-0.5012662473393178,0.7347328393616269,0.016220140024883832,-0.5047073978415181,-0.29578950659466474,0.09474918866884058,-0.21469529872526738,0.38975284288761597,-0.08418110308339799,-0.24332442880270722,-0.07280547826037924,-0.09317367662322558,0.14054223629151044,0.04722756408939355,0.339269384579936,0.4009062766496165,0.37279990976069927,-0.15797134874567698,-0.11554511076300943,2
-0.21369575953062037,0.013143111145684,1.5745720493829032,-0.6835195125807123,-0.41876920312049026,0.05042467544011622,1.5057188023228831,-0.20810690428050013,-0.07737782932744403,0.41633740531559077,-0.6057396744136211,0.9940583298141591,-0.2948153066312986,1.0043347503688345,0.036025793928128644,-0.49953601588746793,-0.5798140612109833,0.13113245202486792,0.13930303980407155,-0.11406333721658633,-0.3394237379110311,-0.48822268714899814,-0.18203482439285618,-0.16063223972035745,0.5059621588929032,0.10760933684233101,0.388362036722739,0.4306011766272646,0.843757687917858,-0.15414783356639356,-0.1077903796106859,3
-0.693455186538498,0.07889190131446501,1.108073138590548,-0.8921369399088119,-0.4122994021614194,-0.13962972148326738,1.6200123752529656,-0.2143680084530256,0.011449707884874172,0.5808322161090703,-0.9843335376869853,1.6085155301779892,-0.7713633219337126,0.056480971441123386,0.059650489612138,-0.08224851915696021,0.21550567513429994,0.11578770414992637,-0.2626444783377296,0.5870511892963333,0.06795128939641684,-0.36430268094016854,0.03194884335337692,-0.025125188727502912,-0.02980328714775121,0.17428549053706047,-0.033406092631422905,-0.026192965216297312,-0.31544393034378804,-0.05086441308438137,-0.06415889615327701,4
-0.6268910734497286,0.09357256813147441,1.2925754982190802,-0.8728856030816853,-0.47287071290915006,-0.06992087288043924,1.720116607176458,-0.1933599665082355,-0.028997174441144326,0.6105631948714887,-0.869681452446396,1.4990716050980086,-0.6445200256498398,0.3614280625804215,0.04507152042152638,-0.25847786739625084,-0.01243028391869054,0.12160503051563099,-0.1820056747978432,0.45733634759699904,-0.027085946160414955,-0.39274593517756307,-0.03656081619092523,-0.05514738102257713,0.10616165282139962,0.16178905700337995,0.11573613251977517,0.1448529684872468,0.09407937215830434,-0.0944095030828456,-0.07452519214876109,5
-0.5951631566855075,0.07947207531889919,-0.47298530254772747,-0.005427710611890509,0.04600968590550035,0.002807586837648706,-0.35288495278159027,-0.1089347572698341,0.34916913175348385,-0.6809349889363991,-0.2720157852807553,0.22220825913459713,-0.3064409474798157,-0.16277438232420222,-0.00519443666013357,-0.08939085068690726,0.39975394371479406,-0.0007377615294754122,0.2105286878634924,-0.27490457005678876,-0.15431033745217693,0.2070132695811062,0.1749091246025811,0.013283857897083336,0.1127194284149069,-0.22773622690525208,0.165579631902856,0.15818479277217776,-0.1819239828192749,0.061082556359366075,0.3729817040891205,0
-0.6342519387570126,0.08270111597825397,-0.39335247980013616,-0.08145884380315555,0.07280649969805426,-7.436347557185413e-06,-0.4380603774906552,-0.15407977166984474,0.439289706477135,-0.7561278349651922,-0.27300309418897306,0.22420327509996507,-0.29814092627418487,-0.24534342714838717,-0.026803826007333765,-0.04029470585615998,0.3920414700583275,-0.0502202564752176,-0.008588037420981165,-0.18323909715140368,-0.20025547211106912,0.27511361100456516,0.1386425964895418,-0.0480837444729667,0.16287336897359447,-0.39663571379233054,0.21689066254772527,0.24756532795984384,-0.14399817692430994,-0.061792323971421315,0.4708152884325062,1
1.4217350769877803,-0.9306318238847869,-2.84735399319959,1.8720563679613338,0.5103490189777062,0.6562263828388994,2.5535774109880216,-0.08573332004250564,-0.5029941319307151,0.7842804407478468,0.4968544281371116,-0.5062672354313771,0.14648462183762542,0.13778089733395563,-0.0750415396790072,-0.5690267798472972,1.2755544465568467,-0.06102421616251043,0.28140784524115436,-0.014523997540642812,-0.41650247558773734,0.19578673857868464,0.1315291485723595,-0.01239415254143221,1.0278192739074437,-0.5223220017395336,-0.23123910879885973,0.0735239496670857,-0.008701972641579713,-0.032006407177908404,0.3108651781865247,2
2.0038887930997773,-1.236294439693045,-2.4077289259797947,1.7660764412823293,0.5037592443383412,0.6094631427292072,2.409651134399266,-0.14544083651114467,-0.34731460365422634,0.7385279347381409,0.5146595889155517,-0.4934402840539203,0.27473432048133095,0.06234496229974461,-0.05096209052857789,-0.37354637824293896,1.2190584897765053,-0.07461298045159612,0.06613156596052912,0.2521317671640236,-0.08295626245468009,0.22809633492243878,0.04045325753853569,0.11967829907554438,0.6734364944155841,-0.5895545538086637,-0.1758185739015509,0.0724898613338074,-0.02002091463413525,-0.02443574455480942,0.34082289027040663,3
-0.5684196918730473,0.2802804662638483,-0.44165899060462854,0.010452363777213586,0.10195169988650857,0.18896389868266777,-0.3498657544289151,-0.14675301224522594,0.426350095113915,-1.1359671542971015,-0.25634625454973164,0.08692316282549672,-0.40866317521455064,-0.18687959874976987,-0.08482264163468498,-0.411863527756199,0.585918354427809,-0.0022239592198066427,0.03362872260379697,-0.07982584612985354,-0.24215086707263014,0.2586996099563757,0.20178888464881042,-0.02007441632295595,0.17387054684009481,-0.20786801761924215,0.3307258324862261,0.37850847998374104,-0.17889778859798475,0.020927072256114603,0.5418052627566616,4
-0.539594670412978,0.27724107649039453,-0.5241074119922894,0.06424340970138416,0.07277270547378277,0.15480468771328915,-0.30155889602532043,-0.10712827553645672,0.3900952846784903,-1.0906904243486764,-0.24972885984173002,0.04697657617441345,-0.41646007600537566,-0.14963866078670696,-0.0955859375354426,-0.4474435724920498,0.5583336481880378,0.013960391691391478,0.11906024889213666,-0.08335163237635122,-0.23569426250107148,0.1827387090913741,0.19415509143581716,-0.01211487758296094,0.168687840380872,-0.11324918259231323,0.30198075347652364,0.33532518898997205,-0.15850906972789694,0.08970852700079325,0.4641972147783798,5
-0.6955998638500301,-0.02618983241856106,0.9685911184252073,-0.7737427375671684,-0.35453621884870085,-0.23349928596441863,1.1589861233163772,-0.10482592398244049,-0.17974001440769052,0.8056026754508591,-0.7790992572918302,1.1496099464181913,-0.6538124359057924,-0.5326867531690362,0.10906929382498942,0.48679499976774215,0.29355664411111604,0.09515956544435981,-0.10358712184256386,0.5430475329139488,0.2122978224923952,-0.5856684109675734,-0.06368401042263086,0.0002310073881542152,0.17793139507700445,0.37695945783586876,-0.44235376083167843,-0.45891395496004617,-0.28198042271252405,0.025113055982837775,0.06615510806172109,0
-0.6868985994354084,0.1480835551895394,1.1054716172296744,-0.8869698916748542,-0.3706126740520707,-0.08149297900086307,1.5556845366827883,-0.2052179815524253,0.049461578600548166,0.46870484301596715,-0.7657236028407516,1.344084947864387,-0.5365739663391181,0.08934106899804854,0.021780960302900342,-0.1447885968776396,0.11853929059210921,0.03310244800384269,-0.3717950880839419,0.5293923568172799,0.10632315008142558,-0.03194338926272972,0.00890565510718649,-0.04622852142162738,-0.14048678918048077,-0.1129416316675089,0.04487337043647656,0.05002508696379341,-0.35121082697018613,-0.06001781353524866,-0.06950859861589483,1
-0.29966445725842816,0.023728866039086416,1.3851486839179357,-0.6373544255642649,-0.34764607820065496,0.03765049646207402,1.16018875588454,-0.1277137555773258,-0.09865299888235625,0.37304567750079276,-0.3040408847707408,0.5449715838215773,-0.10320369896991953,0.711654407188515,0.004180696614685655,-0.3449512016592048,-0.40908028063091934,0.06160812783223993,0.114968646998213,-0.1971256431122234,-0.26947026890015363,-0.23524321175550644,-0.1497908819005033,-0.134387358603502,0.39206535629747014,-0.07370593556540825,0.2594394959322424,0.3328324047368799,0.4574591852372662,-0.11097853744022551,-0.05001218861535932,2
0.24874627595047444,-0.1964049118035455,1.5238038280791248,-0.4548112913817645,-0.3220687910466169,0.1068481758307165,0.8885778516787698,-0.16381580191158038,-0.012267963811148185,0.17674731625006798,-0.2308518142882123,0.2931883876455164,0.05452830459574422,0.9949775343530041,0.021543617814983287,-0.41627024851562283,-0.7440497852070033,0.09925944113796648,0.32884601762792165,-0.47322653294753175,-0.4568749725858813,-0.4522105940697245,-0.17898888356598475,-0.13656798653675623,0.5503055343178428,0.14566485775031043,0.3152065243959341,0.3539256635964015,0.736134464573463,-0.10741651722004912,-0.09710085261179087,3
-0.6572748423098989,0.14778521725943394,1.0233383413529773,-0.810961341344291,-0.3238059026258225,-0.046486245133287966,1.3279858981659534,-0.16768944097459895,0.05156180762295962,0.3384353638177906,-0.5002679552371702,0.962686061624445,-0.3455345663940705,0.10255074761533114,-0.00785702003412703,-0.14557701894622305,0.04369898122222314,-0.01077820481308857,-0.3558295570686222,0.3704237556447171,0.11370599749952927,0.20276278951571086,0.02277588550287005,-0.06516772544304447,-0.09964539859559621,-0.16085881799806032,0.09023178930412061,0.12202065232471333,-0.2719040253595413,-0.029954285418449942,-0.14673214294287168,4
-0.5292152954053747,0.339611681795165,1.221291593210771,-0.7520651568038922,-0.24958926951986152,0.13637249175657207,1.3698841409134108,-0.18707271150777802,0.0527005502084014,0.26776846886860656,-0.30183561404504905,0.78857402142257,-0.07523833779783012,0.5283612568298294,-0.0369981394947823,-0.416248612065076,-0.26698652518342963,-0.054745069617495,-0.18750846507955685,0.06544969347237545,-0.02943342913569818,0.34436848294837374,-0.0042159855237190805,-0.07312936162398294,-0.06369642519138086,-0.3064897890657403,0.33599281148328863,0.39266177753575826,0.10043509236366763,-0.07330225583461125,-0.0804545165475399,5
-0.6463200098015035,-0.018493612292418197,-0.4351991863929365,-0.04065786074851627,0.10708805745473124,-0.07399210952181352,-0.6528788199717038,-0.11033106319040077,0.29594667234222627,-0.2780740018279798,-0.08369007036239778,0.03473372319318363,-0.03454426573707913,-0.2669320177041941,0.01564846120501143,0.29760869828975445,-0.07251862217660168,-0.10600470581609643,-0.268788007972331,0.1135274373951932,0.014438123011951234,0.04609061695255828,-0.14998951213287381,-0.13933720988455206,0.27334348647081413,-0.37535920562861597,0.07999249176216244,0.21890593076548548,0.20250083600625554,-0.19228564313472463,0.30319759394274653,0
-0.6514076402668388,-0.012201265855642775,-0.5298457220456388,-0.005857390969457338,0.1364579156142873,-0.05975800200774641,-0.6923553806524887,-0.1355843863893341,0.3403083943402109,-0.3747699691555336,-0.11211818928175078,0.03186130062934175,-0.04126488250095407,-0.1882615187079455,-0.020214506710093286,0.17918606369947282,-0.08062346878905123,-0.10509824162490781,-0.32148431397534455,0.21669209174022802,-0.012450983468079314,-0.019196967680907423,-0.16469740654367018,-0.12235070659705832,0.28951901264067764,-0.3079220552264865,0.057040906865394786,0.1897732528620658,0.29278318887251586,-0.22253007220442875,0.25071106311327906,1
0.44975840028048447,-0.7085137390925612,-2.074739031757302,1.4267926053041886,0.49828877573999275,0.37471529083888633,0.8992343402283812,-0.060685154552697934,-0.4816154166625894,1.196160980487052,0.41244474839729434,-0.2341884411237551,0.16445958218020112,0.9023273756818886,-0.09938727593441765,-0.6215691805134106,0.5097433759517999,-0.06542928363092114,-0.19955950108792372,0.6328634900775116,0.0869050238617609,-0.13103766670701905,0.08711814623614447,0.1612502108408719,0.5091929370762124,-0.3356377812894782,-0.3731108740789927,0.12643095448561692,-0.5587068222817418,-0.04949115640913133,0.5291400030903751,2
0.45546330582778355,-0.7274740924214859,-2.064021233154306,1.4434558291818547,0.5073489015548686,0.2787427995017417,0.7551960545095998,0.053207388393779365,-0.6205486018784245,1.3073796283243213,0.43578945826841226,0.09043297511931712,0.5581433080464496,0.6352059298359692,-0.09773888925945672,-0.7407174609257877,0.17081757221616425,0.003989059599435823,-0.07962849574381432,0.6851892514098169,0.34701719980646534,-0.1423048467675364,0.1135235172974017,0.04328775531832736,0.26355040263009677,-0.39607605389652956,-0.20685000776027868,0.010504567009740777,-0.5233464564551829,-0.05577173987948984,0.49776615151358966,3
-0.5909940259292343,0.1303495493715416,-0.5580350988411815,0.05681843186540036,0.14664095226283372,0.08513364137516577,-0.5227483369906444,-0.10528953472305497,0.43395155873050495,-0.7495759332478559,-0.021596932144937107,-0.06191190220403278,-0.13208568051775202,-0.09569028254767308,-0.08177647929893817,-0.2706972590042302,0.20256406793959547,-0.053884933760805644,-0.3081060539044951,0.2835152246635882,-0.1446750973930412,-0.0998134937232232,-0.04470506425659145,-0.09134011400439897,0.23425299486548223,-0.1343073100570239,0.04554788434860006,0.23535630312847028,0.18095816342141235,-0.24122997873078078,0.2458876173939851,4
-0.3508299822762537,0.003772530277854262,-1.2825736025016476,0.32807574003224915,0.20354475335160838,-0.05003997036413902,-0.32770633015085354,0.23173744663776022,-0.40567308823179304,-0.3564185228526063,0.0804573481339327,-0.125569674903623,-0.08432310345763239,0.5808629322753434,-0.3651994360089049,-0.5374264246941755,-0.03017799914948586,0.24497545449792343,1.7927447203276297,1.3175305697012065,3.5387276604723206,-0.5047849584121532,-1.4890511370547115,1.5008403113500128,2.306130951983967,-0.35197211502163883,4.55640533000779,-0.11921189788213493,-1.3250014920460984,1.8879994550966255,0.09806114232952642,5
-0.5640510413343723,-0.17343946211958422,0.5454465530850644,-0.23352593244274497,-0.13058247330266465,-0.19202069603001065,-0.2133746578632284,0.15337218399456315,-0.3253058715403324,0.5291674159658958,0.2349779530944888,-0.4824344830935538,0.045796822177866736,-1.0090437105314476,0.13723404572327583,0.6328396789655636,0.22281101650695317,-0.09956052080377825,-0.08423659717097964,-0.1772673173283488,-0.11981700708352354,0.04597815991995008,-0.08089699086994327,-0.22537607931596126,0.3851314305656761,-0.362124716013204,0.1711411608653687,0.19733140940197222,-0.28940097228340905,-0.15426580660050337,0.370454936593052,0
-0.5477872145015166,-0.03297813539457529,0.31265837711806094,-0.28935247375367207,-0.07718058928810928,-0.12010158493735569,-0.0674599279255822,0.030513971833418918,-0.055657302082329364,0.05635136890965217,0.17415754583234727,-0.3631561257709708,0.16625011118157262,-0.4054697063907676,0.013885327244027013,0.32279836610220664,0.09747123233900472,-0.0736864522188033,-0.12650615121194198,-0.07922165406986179,0.0825058924784593,0.13761304413663272,-0.08336136712617592,-0.07580570600934429,0.0966788566338035,-0.35018710350215443,-0.05806578055128724,0.0029642026924536075,-0.14715662959832623,-0.06304988397977553,0.20039232885825958,1
3.087061689235337,-4.689284013721454,3.2249458084352374,4.712692613824914,0.06614523981609582,0.5028821868394854,-2.253450240071026,0.9221546013581879,-2.023521187831526,1.5143902053281875,-0.2800968102717948,-0.7362720834140887,-3.5749730975438045,0.9791626190684494,0.05053017216717926,-0.8400672799486016,2.3867153500034584,0.21677390840040633,-1.2712898846859757,0.8700249072231911,0.9807989308681094,1.7588768191401274,0.892875307951104,1.2392044370505177,-2.6663446342271,-0.839525183884555,0.9514942549489601,0.692274869831731,1.471643318819155,-0.5425338171151775,0.6375158493906,2
1.7435605478655598,-2.546829002393178,3.1293321574083612,1.7052027857069694,-0.2055808690177742,-0.17321274298557424,-1.747267589327764,0.8026083314415191,-1.2859933199045641,0.4865312535252312,0.09069469806763157,-0.4738908020137081,-0.4812657216718283,-0.8833526655351707,-0.2730885013091729,-1.6676310802671197,0.046895352264083555,0.1753260384124022,1.0056108155874959,0.1991179393510493,-0.8470456574011589,-0.11716876547938555,0.2695686993379066,0.09428014556781995,0.6144747295445863,0.36764168277998993,-0.017968601206372652,0.2713343167867867,-0.0764730433729667,-0.03399981738547176,0.046505381953064244,3
-0.5891926766970826,-0.00419760120806259,0.5372505804977087,-0.43768173330622967,-0.11895750006180605,-0.11936929127621705,0.22743941553081892,-0.007928189358643844,-0.04866773221773998,0.15837440914301365,0.08390314289398176,-0.22693742708044934,0.09621267492088058,-0.4862521137284123,0.016801805354581742,0.2949777428663833,0.09442193558886536,-0.09211914861733675,-0.22291781196942725,-0.10398341160255796,-0.035753979296360885,0.16949022115352874,-0.10457200727054604,-0.14465377413319505,0.10876232447743521,-0.45303727426681617,0.010365203645932627,0.025492066153936004,-0.3555053549241912,-0.11677556369371543,0.07223817830487098,4
-0.04780919701050112,0.219513081714466,0.8738163918520281,-0.5375814424276728,-0.050835302695565125,0.20633188303995714,0.23879258313101792,-0.11779305070919584,-0.026475683410062963,-0.03171184402837559,0.387498129322525,-0.4952889967583825,0.4998060154445952,0.5310236472273234,-0.045004195461296956,-0.22825037607162096,-0.24759451957513673,-0.014543022645504264,0.19958726736994045,-0.45486894963320784,-0.14872631917681914,0.36210458871035106,-0.02879208302138997,-0.011597388746732573,0.18931741351584652,-0.28545811434961016,0.012302844541826643,0.20374845299205155,-0.045370833704125625,0.092588716676837,0.2810118436678398,5
-0.606913260738274,0.01142972082715232,-0.202613712540602,-0.16749521347005894,0.007049268751874749,-0.18469423361928566,-0.4425580373285541,0.03921301876412147,0.0055771892327163486,-0.31468747891648957,-0.11151630447621104,-0.03268537524825205,0.13805537988915884,-0.13873879274141082,-0.06669470889455069,0.6233287454493649,0.0799219861330764,-0.01531260354777584,0.7645363055485843,0.27867374751724827,1.008626132652468,0.09798011167264785,-0.5905900323840994,0.511438254450768,0.048890411648356,-0.4719364419442641,-0.1557006487108876,-0.6375598922220819,1.1229255126478594,0.6341858866929321,0.9433801015733252,0
-0.6525667136734107,-0.03254907386902764,-0.5498586204577284,0.013374504048055796,0.14892854389201438,-0.06982861606864516,-0.7217643822629545,-0.14135745910600425,0.2920326170535512,-0.2433130577614506,-0.09750777632741332,-0.020167753765016245,0.031130425071821958,-0.14309776712507044,-0.05766623394364738,0.2191376402697092,-0.2267493770974641,-0.11287883673174354,-0.40826118392489047,0.35482142385078436,0.04738325216129098,-0.11733461217234413,-0.25456519665670446,-0.08732731341879595,0.24706311760800717,-0.19564408642436093,0.013612894691080776,0.10860576026029167,0.38272533614637244,-0.2064925156340341,0.02335393204308074,1
0.48518689392107817,-0.8074255381723944,-1.968763380799842,1.4358570880366608,0.5528181338999486,0.32670749998953413,0.6281310551808476,-0.06939477142573314,-0.504538749273611,1.533722966841175,0.4704962363194118,-0.12226410446598084,0.49818530940985023,0.8968686918913565,-0.11674391128611061,-0.716409679784268,0.17053398092196118,-0.03119289984582709,-0.4104550591792429,1.043529808528051,0.2708867279716287,-0.23986627348936085,0.042598835330279285,0.2853288021101945,0.12952836043594462,-0.25761061337413865,-0.4526965958716295,0.05718137244071773,-0.6603909208748273,-0.2376168792424129,0.612776754337487,2
0.3798636887378027,-0.7002878184552729,-1.6650209133712959,1.233552322287381,0.4489661854636818,0.21191907609401026,0.4239349171666579,0.043152829584908424,-0.5339982127718945,1.2617406112846365,0.4104602688128232,0.05738673008637464,0.5779116583302166,0.6190031158815765,-0.07630219791288055,-0.66648136073664,0.031186171412961778,0.0006649797310218815,-0.24111092851902075,0.7310484120367305,0.35633690179383737,-0.20512231446067755,0.06620958973086265,0.11081945125409805,0.0062121165862349835,-0.23990808429144606,-0.287814431330615,-0.0046088034602699375,-0.5655829748140735,-0.13091058952646367,0.47089853318353664,3
-0.62506454420154,-0.15441372941904608,-1.1146756245199465,0.44076913465993545,0.3241195902288934,-0.0005619029281824148,-0.8138755636597734,-0.15500025803617104,0.08062928194170207,0.48295651750045115,-0.07416278605871654,0.22211967152209688,0.2124127868186773,0.2665837610089178,-0.08437811753070525,0.0623313500384501,-0.6298295707033068,-0.04916189950892869,-0.3987906610301235,0.4856082285796101,-0.020922381455506733,-0.3366753379108498,-0.23204608075242783,-0.1977754061089436,0.2094977172326537,-0.01840372579145702,0.017143337800717206,0.05050232309063039,0.2639871649860025,-0.24714594194258635,-0.011238982188503364,4
-0.3624601770627283,-0.10943477534560966,-1.259005519693486,0.4654888018690827,0.2892878364699304,0.1408615845813421,-0.14594171726309704,-0.11206307001857038,0.05290696062318149,0.012607167489632715,0.1157206224229242,-0.24388042612672678,0.08494799841257077,0.4036163114212878,-0.16245281430081568,-0.5818138369359925,0.040567729670319505,-0.010364291107529695,-0.24835240225909466,0.7510042941907674,-0.04545649344665581,-0.5229705855480375,-0.15192213958747255,0.11333191949095106,0.4151434155566375,0.14280722126252182,-0.14996531685095785,0.11744002860969503,-0.006316124039590652,-0.10171180282051523,0.1536690133068318,5
4.325679476984925,-1.4452849412287523,0.4004495061529629,1.5087554743289722,-0.8528114373585947,-1.7025434403273645,-1.3313601887358877,3.2871858225548793,-3.5232096346711286,-1.378238359417579,0.5176154828089188,5.12701087373545,5.353344728447273,-1.2011013875302654,-0.8175888476174316,-1.8934933064208772,3.465179363114346,-1.1269273712032515,-3.7997188527464334,-3.6351641084180084,1.8001430008718466,-0.6690594557498831,-3.4501183449458033,-0.8938008797180205,-0.3483109984294779,1.8453084387152872,-0.15292137230658476,1.151395114633665,0.2104028516564704,1.3055173083910885,0.2555928770728984,0
-0.595800079422561,-0.0361991996084543,0.49476501367944853,-0.4137265714133015,-0.14182677350891906,-0.14491248805236215,0.19184986876439822,0.006672081884946294,-0.08652834927333498,0.230741403151012,0.0024803629169310006,-0.12462191842158354,0.006821337460104823,-0.5546883073246501,0.030871208971757956,0.4030125957027938,0.14228227642362165,-0.07025873015415074,-0.147819732826915,-0.07116355358458423,-0.0027308959105091435,0.06770086898179983,-0.08478358739027099,-0.12141533739292759,0.12466169003786462,-0.3344287305006218,-0.03397637424101108,-0.04910114090614571,-0.28622863908496937,-0.05371052485651543,0.09643962323703564,1
0.5984691879195935,-1.9148495954475329,2.0354217584290955,1.7348413275505787,-0.12206811286640691,0.033506212313747424,-1.3649061894125825,0.5870015654382833,-1.4172275810631003,1.429486573227604,-0.02908970321552202,-1.0605707659766317,-2.08370164551917,0.058938607458713856,0.10541755064919316,-0.04006204857868138,1.4158332702503607,0.07887155968600044,-0.3034924497604035,-0.032310106559243594,0.023962875666548936,0.2873260971357774,0.49879389582280004,0.4846475757366578,-0.7675503242631734,0.21792034554040202,0.859520336429462,0.7147347762295658,1.0291859891050363,-0.2957264131178286,0.2819333724964475,2
2.825192545157366,-3.2578274611167095,3.583382498282904,2.2408332490795493,-0.21972765511684686,-0.29548961360629145,-2.009429572366995,1.1025318009875666,-1.384873180104442,-0.23833396975596774,-0.07102525375997831,0.7153796091326382,0.4043269185411567,-1.571120527855381,-0.5457352296920785,-2.6091568570602623,-0.7352367994536653,0.27596965339276,1.463934863310554,0.4701627217534444,-1.0030786622426504,0.01951319446172628,0.30302859571697915,-0.07293274971332028,1.0272771580419933,0.05914507820073715,-0.36884159550576034,-0.03309274918569807,-0.05089686874818887,0.10004295707745427,-0.16223806458615114,3
-0.5666213321568012,0.09293122363119023,0.6136917179103126,-0.4848830599108736,-0.13636280021426647,-0.02948992644918141,0.3578162478778413,-0.012214188309373427,0.026766772975114414,0.023645249873142125,0.18023850268071462,-0.15699477109646887,0.1491811266311433,-0.2588686077947705,-0.006294299878516822,0.14134325025049757,0.06919315735222684,-0.09563169449071739,-0.1791904747718676,-0.13573460145807553,0.04356839297377663,0.4163298353334801,-0.056336468396367044,-0.11818402550074361,0.11737232234776904,-0.554696783429177,0.018777224342628015,0.10316460980646494,-0.2927406552150798,-0.06536430515276175,0.19072149758106685,4
5.3091261958558436,-1.1781890749734485,2.2295132272608558,-1.0220443854971935,0.04085858591071944,0.8473780212259592,-0.9898448698234438,-1.3215456841319084,1.4539758596535308,-0.13918079545122078,0.06394719483700016,-0.6488333293633181,0.5460599287542466,2.5680358341757143,0.2090518349119921,0.1818207929544397,-1.1778068813106686,0.22359673242498362,1.4145175185239334,-1.4040961126328402,-1.0664954837255232,-0.6924026504816562,-0.42830873028085875,-0.7927668775447158,2.2052623165789766,0.6649271648775946,-0.2833538897266692,0.4187400244799183,-0.6673620059858292,0.6684891418856393,0.59771264108805,5
-0.4450430169386856,0.04551319047881245,-0.24999769683967155,-0.03939122194957778,-0.07092660239365982,0.20491044031730146,-0.5341165350423106,0.7782507678415749,0.4429674775473058,-0.27460212390770705,2.7636860310460625,1.1756583721255667,-0.011465434741703005,-0.657710647890103,11.895406008996416,-1.4256098466811251,0.01478094302763625,-0.14182328883539097,-0.13459109763079377,0.3602924722829985,-1.0329040854309104,0.33914358334833467,-1.565609380329374,1.8379566666978988,0.18399976081886738,0.16745131019322723,0.15943129220044,-0.05233186811759043,-0.40339971287974585,-0.48262430114983207,0.04994482274805536,0
-0.6534657342238148,-0.03988983697721564,-0.5765088465194822,0.038075731223839546,0.1546843668408107,-0.06912662956770137,-0.7336649951310511,-0.14281253843911965,0.28602261431182613,-0.19157899438111858,-0.13618755028315557,0.06244328487893129,-0.006009169498991791,-0.1640391393194097,-0.028492135304594973,0.25991753107079424,-0.20199847535326998,-0.1013566467979037,-0.3307762679651823,0.1953504616110665,-0.04152915588062579,-0.05990784902044422,-0.20911892352041264,-0.10501108586807979,0.24090676975995018,-0.24967330055146622,0.04159935997216857,0.1409684116344371,0.2908541760964135,-0.22684413603116874,0.16169764749849158,1
-0.06741173761630195,-0.5591239423919414,-1.5274276033042318,1.1137900961350953,0.4555460298903535,0.1975649034264074,-0.061994380823472896,-0.04785563662268534,-0.4359586886529394,1.4190144111949943,0.3002372788280282,0.03545215061420733,0.35860147656331537,0.8856965848018462,-0.0770035829953026,-0.4631209896205291,-0.1663207788155402,-0.030959995410266204,-0.44175018431637014,0.7576021737082684,0.19689741170356428,-0.17952088978397532,-0.01909373188308393,0.17028467121150181,0.04181886422833253,-0.14018515487577382,-0.3246827793523138,0.17056266731236985,-0.5051318566971925,-0.17436837923831788,0.5371578541108385,2
0.4556230231032445,-0.7400207053414083,-2.0175323222875896,1.3943898173415565,0.5302127854900834,0.303191793514526,0.6728256066576919,-0.02465612539337585,-0.4972845168993157,1.384329825810587,0.4723085718714937,-0.027146576532177193,0.6258270593305209,0.7132091072215418,-0.10883893931427885,-0.7857965211416809,0.1604274846974094,-0.006867646563507512,-0.30545861914358946,0.9835353291318912,0.2772439726400508,-0.2976819300452033,0.05994080110565689,0.1617831930147319,0.24275425101312398,-0.2656899325861882,-0.35931860991667486,0.10640257555087296,-0.5920363621458907,-0.19544258428400574,0.6182538407532742,3
-0.6603974100515586,-0.04811410526709371,-0.7721743274869578,0.14322773010372458,0.21668309084009582,-0.036350058506687696,-0.8239549393138524,-0.16233951369611332,0.3190485169520035,-0.18867062652376307,-0.09624568786091509,0.05297151011111296,0.04326818503435364,-0.02837983790295909,-0.03925723444901354,0.08869425539349556,-0.284435123254697,-0.10693044978707585,-0.48766070102267745,0.43545806590969477,-0.08824660833273276,-0.21804193516759335,-0.267458421990512,-0.14966450440794776,0.35791117655174276,-0.22263824091155582,0.005591815702526492,0.2246057120229169,0.40279499502913796,-0.3585057663735736,0.22747898933058813,4
-0.23783451939278796,0.051556967547163046,-1.3252291113417058,0.42461063401437027,0.20627634303022907,0.2106632829725816,0.06945341042832415,-0.051419736546741306,0.022475199602673527,-0.3895231961915738,0.1188443777715751,-0.380725206666027,-0.15444926772624568,0.25519814868807317,-0.1551557876544544,-0.7778069824554404,0.2890228733664905,0.02581812581859996,-0.049509827747732084,0.6498287929643761,-0.11314774567475147,-0.5191300419441188,-0.05864654568414868,0.040325533453604755,0.5278288951263621,0.23605709510596404,-0.0695454132980707,0.2836789473918969,-0.054045349523323225,0.033814491110247064,0.28289822424394817,5
-0.5246969519520517,-0.10104980027214568,0.46059543755163984,-0.27648750539469846,-0.11572207033084173,-0.12109026663172509,-0.018877472001762242,0.05911654919186556,-0.14331793695344835,0.2007484404710575,0.1443165133592146,-0.3338417237641285,0.055518972402011396,-0.4790318225719541,0.056849648462381476,0.3206415062189502,0.17775658200331446,-0.063005137185234,-0.0812714500495002,-0.16834902667430107,-0.024079851531907646,0.10447964342704907,-0.05474475225515873,-0.09235193420425336,0.14840993968762914,-0.307315286422307,0.027822219165658715,0.07576469119819394,-0.22721739298798418,-0.06017974419229034,0.2219630699284646,0
-0.5050051815713243,0.07575207863211261,0.3568786951949719,-0.3526170477429782,-0.024060482019400437,-0.014335409934690053,0.047578365131459806,-0.02831206415178274,0.05590507786431019,-0.13868072615895835,0.27843394576201447,-0.4471795580296893,0.2730017460372345,-0.15750064203336708,-0.030673098200914586,0.06472085493649782,0.029029422436295974,-0.0739330485754646,-0.21818972166696265,-0.037445423390361034,0.0928811455446022,0.272224839570984,-0.07542709822867318,-0.03427352405692679,-0.040672977387086355,-0.34494335472898524,-0.07709507646340925,0.020114227829550493,-0.14918925315661474,-0.035877411063677485,0.10791501278232096,1
2.596349489078469,-2.921735521750325,1.6170161692398395,2.5400918994733037,0.15274985047378642,0.2578199582049405,-0.7388198675310836,0.3569417748837118,-0.6624199916475866,0.3175420277407863,-0.026548119786405287,-0.30986339090897835,-1.1743595917623109,0.7683035105743784,0.044578565279496045,-0.17093565579387748,1.1097583059130325,-0.10486410688812252,-0.5528273457810631,0.20606862240575566,0.5213311539989756,0.46556961100728256,0.23941438042256113,0.25120599838999547,-0.7313767046346097,-0.4314639660689897,0.05569341978223302,0.04626351457442003,-0.002718565362408203,-0.11835543145079301,0.2680559012333781,2
8.757909314286602,-7.394641731130907,5.517884463457412,5.204349063335358,-0.005161679305513734,-0.0430897909240943,-2.475936333298939,1.0905975244326274,-0.3720573288375173,-2.651614444139434,-0.9859111151694941,3.2104668565033316,0.9986097599764442,-2.6500855227589244,-0.856854077704241,-3.1932174155660737,-2.8450138220653454,0.1899705608363177,1.3681825204134634,1.6607889159841975,-0.623894907842117,1.2963628006947605,-0.168030586097473,-0.3189494638582526,1.0670948842602603,-1.4744515451463827,-1.3067238305090472,-1.0575222464173097,-0.39988424201636913,0.44298944451117767,-0.9095254160945623,3
-0.5517939228256384,-0.03681273534941719,0.5247000808878914,-0.35653565198466103,-0.15000633216587547,-0.14041674546304053,0.22786122680253157,0.030696921899404157,-0.08731497496724051,0.19741057379717272,-0.041852894975368864,0.04944545070599601,-0.002836528032641152,-0.45604234071049854,0.07332175734567455,0.24078687166941,0.14919534010062888,-0.016277238405136923,0.023798561359553383,-0.23755022200983153,-0.053476825471139966,0.006169020143091133,-0.03671077174659893,-0.11799408296974659,0.11337269344437961,-0.3008580076943587,-0.0038485006932002636,-0.02434898009639943,-0.2789157845284712,-0.14649996146260502,0.18164067911050716,4
-0.050616058627359926,0.18873122996043537,1.0031670441154938,-0.5121843429484452,-0.09899687899929187,0.24990662636133515,0.5412789534885148,-0.20676535060884058,-0.01414527970708502,0.008827451489244988,0.10333270729891851,-0.1683759853454303,0.2769168148216542,0.6870285781511546,-0.01303463129114865,-0.28265525365927313,-0.3441149185246094,0.02838426714196642,0.16765035045169582,-0.5159263962883103,-0.22245980504632254,0.10639917711590577,-0.0818114917647488,-0.08775791628375985,0.1652976254072426,-0.19470032464000728,0.17525150456812094,0.28964212264371214,0.14161438188041567,-0.03573645056542311,0.10069304721492563,5
0.0579197516385058,2.53864193358384,1.204974689432869,0.5635983033481194,-1.891571129146965,5.121159298663389,-0.3360678613366928,5.0026280350789625,5.756490819571085,1.0910163167084093,11.600582721076337,4.649789378471958,-3.674921626108285,-0.6261050118839009,-2.651492168823364,0.7785032754513581,0.07696379918589144,0.248457420458097,0.5883736800999358,-0.09653321429533664,-0.6457074458079828,-0.9025177464089085,-0.899340743434244,0.38953302410523166,-0.4155263673978278,-0.31886478186865946,0.17900853835485342,-0.28821628460404086,0.05355450836849081,0.0167064646098861,-0.23488233481590096,0
-0.6421105827203807,-0.00571262588984885,-0.5687131448698454,0.02174033185654578,0.15967315281490202,-0.03888514080202383,-0.6753754681947849,-0.1444466302693703,0.3482517115125083,-0.3948586556868863,-0.07883428309506857,-0.04819214626972483,0.01005555029559729,-0.0961978920612467,-0.08309911190166061,0.04842141327268387,-0.1251477037066686,-0.10502335092639686,-0.454999172476689,0.3784920825828744,-0.0657980106057269,-0.16423587425765465,-0.22278364384065277,-0.08679567107392361,0.21425159931282553,-0.17949801545211905,-0.032103783833117405,0.12404006376824528,0.3516864366824426,-0.27012037226135843,0.03294709913955849,1
-0.020977852808059177,-0.7065713329736637,-1.9612228073902633,1.5215336598594,0.5775526342696262,0.3397297268553102,0.21153249309104583,-0.11048587030830642,-0.5122761266980577,1.7374475640748774,0.2880556651836429,0.06388574149951408,0.20028456948752293,1.1696305010470418,-0.11376151840020836,-0.45349096454012805,-0.004204744512695734,-0.043871883531298686,-0.4260533223095523,0.6973401064220098,0.025758530581401085,0.03851309001495726,0.07177281240784703,0.3058832601076617,0.23254708431820706,-0.25765882192448364,-0.3678883260490548,0.1790406093373188,-0.4944453148727946,-0.0932004828089098,0.470452574892737,2
0.3231647833262356,-0.7162345600075397,-1.980083225544318,1.402748756268502,0.526469254582298,0.28730491947348635,0.5861451274232694,-0.00937664574420246,-0.5354553182569084,1.3922191492396512,0.4177615714610713,0.03212111944135816,0.5808875955314807,0.7190821981551603,-0.1310779487582619,-0.6844573353128646,-0.00704769760156231,-0.0019818757287567183,-0.23494929070976112,0.8938561848584494,0.2903854056982508,-0.2573089970208511,0.07598737888900114,0.15230211323447676,0.10813442448805324,-0.1976328110947791,-0.2945729105525951,-0.02664151314034536,-0.4979293937939717,-0.11985712680101114,0.329938928233956,3
-0.5920501933201625,0.013013553680005705,-0.7750379530796925,0.18703009094810982,0.21349655542966806,0.017067237135074364,-0.5720635011674544,-0.1319678993605483,0.3208366276503227,-0.3615977749660057,-0.06484625246661328,-0.022610211602198435,0.026251564072304032,0.025030105626795668,-0.06651021984356295,-0.2020362958550778,-0.039418491140919144,-0.04220291207914627,-0.34084967986553383,0.3320137248517587,-0.19444474119569366,-0.30420037241511766,-0.1394074135149675,-0.11652479978994632,0.18972751852430303,-0.052074144041825136,-0.07363788644671827,0.06998044233224264,0.26648527490915314,-0.3363365483978537,0.08998754409542635,4
-0.23899039981847095,0.06038784154212513,-1.123558793854245,0.4091940774025128,0.3105501102580242,0.11754292440321085,0.05458115083994237,-0.047580956993573634,0.05435971291885691,-0.272299417315503,0.0962846362468825,-0.2705986846821565,0.12126285795421832,0.11143738791122915,-0.0786686287145007,-0.6184848271230499,0.14438027730434005,0.11516891191840119,-0.03542549291593767,0.4311140183614121,-0.0345517045665685,-0.5507802410061776,-0.09960962414926801,-0.027959529102461363,0.13428850203025777,0.24642989967577972,0.029327225797298996,-0.07509000014565508,0.10118794631317307,-0.19741009950384134,0.0447312604282474,5
-0.5187677998857612,-0.07821540721390335,0.3988376154470506,-0.2728595140091027,-0.09130112638031757,-0.10331346320566735,-0.04856622508685154,0.04516843838683597,-0.099230425830276,0.12635157431838906,0.1945344107409988,-0.391039000921581,0.11312743536740091,-0.41854850727320103,0.024368334543527687,0.27713699429695815,0.1375467067846116,-0.06511930963003056,-0.12469428578515243,-0.11577050666405957,0.00951575432226647,0.11343126283604939,-0.05006371245468351,-0.09083049106689867,0.11918004691507068,-0.29563521629388767,0.022446983614717593,0.06825202712414064,-0.2210694380291702,-0.05584054433325531,0.17983011209644334,0
-0.5043911107093371,0.04169938490317616,0.3052037160716286,-0.31185949643441013,-0.0401221262991422,-0.051219500837824034,-0.00410789250933101,-0.008689638168592896,0.02110541673647152,-0.12395875742636117,0.22039246623048492,-0.39209284129402866,0.2324627069222301,-0.2001697784147043,-0.021363973866017464,0.10993544057036435,0.0726825804245175,-0.054309861829762156,-0.14020418170499668,-0.07180117972694093,0.09587176709468621,0.2263521075046201,-0.05397476466388634,-0.042378251513382294,0.01684247271424216,-0.3494478882024306,-0.042617894512552934,0.01199670979254624,-0.1419718493425156,-0.043195205036614115,0.19478167603065027,1
0.854275559329258,-2.024906980835926,1.8878764043999832,1.924997958783939,-0.046272103006971446,-0.016944886072855696,-1.2749614215840284,0.699560803050441,-1.418071064363206,1.0983500781322268,-0.022937564465400954,-0.41314957339930825,-1.2059862299277608,-0.4943391124383159,-0.06525245622668194,-0.5505814516873773,0.8336651215035443,0.08778113770792104,0.01975505490475994,0.16160443090263207,-0.08826287970194091,0.30521407066873185,0.4065517683305041,0.3707927553841931,-0.6910719910984024,0.21738899894276129,0.5254658660136836,0.42820687174680905,0.6517196752574427,-0.10742608810739823,0.14658289017459192,2
0.6607619272534108,-1.939773961074421,2.5572411537421513,1.5562481808041284,-0.2373513255716839,-0.19557344907774918,-1.2112899981119039,0.8478527181991649,-1.6277868561632831,1.0700783866877044,-0.1314206538610179,-0.27359160079562256,-0.9937410321909417,-1.3583857393229386,-0.20666537173161587,-0.8792358425952722,0.3655718615679818,0.18673986519583455,0.6623945540005425,0.24192146362285294,-0.6080838800786413,-0.26644671736598463,0.3055486466223504,0.1987416916922328,0.12160075863616683,0.6434477643832228,0.4029430160496972,0.2565892075399018,0.8041528282455916,-0.06531474049377517,-0.15260376618128485,3
-0.5188703059720048,0.028076725327300527,0.5768740163149152,-0.4042638505002833,-0.12708717982711468,-0.06584828718559257,0.31837718866782466,0.001221087105619719,-0.011015311386661644,0.08679852902815764,0.08984167472957036,-0.10683877708009233,0.11148726803416079,-0.22353485787730543,0.017910448075560997,0.06387464375430883,0.02767884105600409,-0.043790985038294816,-0.09619584163160283,-0.14870022900708516,-0.03300531605256089,0.11542927504013564,-0.026805602224896204,-0.08144298992459835,0.0045666613256131455,-0.2645479369587497,0.016279330375762586,0.012705241277054793,-0.21803199229395281,-0.09866914778583318,0.00950320509248516,4
-0.15615025256412138,0.12896015100033667,0.8578358566896794,-0.4013649666643676,-0.09958178930216136,0.09359359253033894,0.43772054457742476,-0.08192289570190044,-0.004010717971592699,-0.0026705289145523376,0.1517914188538785,-0.13866982520078744,0.32302131991781696,0.32266653037808857,-0.017033590185260208,-0.2626532632830486,-0.26172923563866207,0.024852461940830482,0.16443267137990314,-0.4294521772369818,-0.2030726801671408,0.048076920229490984,-0.02986209209036825,-0.049201311684007945,0.07885397857238148,-0.2206705350838865,0.12752179941226108,0.1799570011719023,0.04605036786860344,-0.10048388290821333,0.15119717909216765,5
-0.5508855145152308,0.04849821493341723,-0.27720060172515765,-0.013319841148695624,-0.014314232078580255,-0.15700807598857816,-0.5405482047291419,0.29865617681627504,0.03488057371685821,-0.16586700570133117,1.0798667142861664,0.6414317175633433,0.13057804433898554,-0.4671434622199172,4.663199267985203,-0.1603368289995432,-0.22987920788594632,0.139077872908873,0.5535430701391432,0.14597849431443463,1.1046659142005066,-0.311358050814221,1.6859913305473295,-2.8148002699204158,-0.4176755058317088,-0.5372557823826114,0.005581668708614249,-0.05042982037367407,1.0836671402403038,1.1747925232823748,-0.5865216597173931,0
-0.637522952956,0.006026569413581926,-0.5370860402204957,0.0009792680283022698,0.12713142770288233,-0.03888854791270696,-0.6261520594837846,-0.1310129229908977,0.3529662846484319,-0.45942883037388565,-0.11846328214682632,0.03366768312256844,-0.07519593018731525,-0.13529271577985208,-0.0409836486586796,0.06264635767833124,-0.007814758207468152,-0.08606696083714803,-0.2731563662155393,0.2000269069443567,-0.048504713472910105,-0.033761103685189156,-0.11571199633428933,-0.07174141039375007,0.2181792261963952,-0.2053588935299642,0.014274589210644475,0.1434963645492912,0.23308718441201734,-0.1804471415198074,0.15012017733759286,1
-0.384274729566355,-0.38741969054193853,-1.4463206491474108,0.926033626531491,0.4104287580091916,0.17310678807423102,-0.3187407684767207,-0.12236286236196756,-0.22621925781219743,1.0343588101862073,0.06045919675970147,0.10997212368680268,-0.0005598888064715948,0.8032890300440358,-0.07929616565718273,-0.21704348304072238,-0.1219242349237867,-0.03307010134294456,-0.23825477114206234,0.3800735886722473,-0.00759374749818279,0.054462086646030576,-0.06867203858423272,0.35345902520257644,0.3130709020133691,-0.13215667185458954,-0.042460997212959976,0.24641630050958335,-0.24135681682162025,0.02562527132855565,0.410200635831928,2
0.5219602326536343,-0.7260302056101006,-2.0404025064495124,1.400692128599874,0.49684173453842806,0.33428784145089113,0.9706959692826006,-0.03657661476757434,-0.45186572708308814,1.1271537900311992,0.41801630643808535,-0.07001752730771756,0.5044702177770188,0.5282089135616398,-0.09333483513939465,-0.6719817636835355,0.3054346946630687,-0.0032766558768203054,-0.10973055877242852,0.5748328400545134,0.07681918855332666,-0.15506116474175402,0.07681407753945878,0.1101516118284877,0.2617117463026446,-0.2183191158824566,-0.3191669101204564,-0.024096245098066838,-0.42711302132898465,-0.13980185287281205,0.36812331685541705,3
-0.6231147016219066,0.041395656422115304,-0.6343275479014774,0.06851947737095973,0.15870565146355486,0.0070918336298864265,-0.6159635111984398,-0.12389822665395574,0.38578877487478597,-0.5639968554617475,-0.10238214343717081,0.013156835338889172,-0.09206139017617804,-0.07883039283354448,-0.06570856009747464,-0.11386069031045455,0.05401278914167974,-0.0623458094936089,-0.27398398278358366,0.24661732166199904,-0.10483172215513446,-0.12147151787851171,-0.10134558539470027,-0.08357133455674408,0.2508534210616594,-0.15570377362164078,0.052189432819930166,0.15585754123772735,0.21888978123993533,-0.22927266522495343,0.17129592088547502,4
0.03263761029802485,0.4008752455661558,-1.0926361442344656,0.26668744707640835,0.1211955083865926,0.3529309875358469,0.29402920499574864,-0.018686290404729935,-0.04372459758134418,-0.8067899849349396,0.09062306246849755,-0.6164627083894024,-0.3633535094531703,0.013673644860892188,-0.13745221058667048,-0.8015982977942179,0.39547370344410854,0.12017045892172153,0.11719590275175637,0.3913660759622658,-0.18038868882508094,-0.43248827263219414,-0.02395652540658266,0.035202998379070864,0.23356558587239526,0.5053944925493351,0.05080503986289723,0.35543153002143385,-0.035778680315265446,0.1726018994448102,0.2913778606950744,5
10.613958231178842,0.6885803249025754,-1.1248500791728981,-3.7567385532732684,-0.16210969735074585,-0.7225357509288872,-1.2192268983963324,-0.5109848664570888,0.9666444220034806,1.1359562514889912,-0.2502727481756718,0.5392356857779967,0.060042219337969584,-0.29075011179714216,-0.036159396436272646,-0.3811189903129027,0.496848972412254,-0.2329887139898286,-0.08138081090441314,-0.25746892366748725,-0.010502820814416638,0.21956422420275423,-0.2082846798657988,-0.3010396525533226,0.28466780422871096,-0.4662717716978581,0.12543955865909245,-0.17544592945540588,0.78720388129872,-0.11171678079725453,-0.5551723842796864,0
11.516557384605045,1.2853226650122502,-1.4650548845552984,-5.026121273087494,0.29298180087876297,-0.7490917244485736,-1.8680878150719087,-1.0636085858582736,1.3018958282123498,1.9866609865801095,-0.1274982607647448,0.06405220258754123,-0.001970522064978849,-0.18605773846711976,-0.10344226416638165,-0.774089217698467,1.0625278966013898,0.04165162779451994,0.32038898102259267,0.41720672156862093,0.018523542631762608,0.33138356684269726,0.053046767041200885,-0.014388454318858799,-0.1687755737825354,-0.12400755747174072,-0.0006294422341433629,-0.12296746804932485,0.021790870477084622,-0.013784461655708508,-0.1656345100470941,1
11.170760640668561,1.362828064261478,-1.376945639709387,-5.058295163147145,0.44177128248717495,-0.6266805497569887,-1.9764314617658985,-1.190211021557263,1.301990210040808,2.0996391191945714,-0.08046500895527389,-0.000854241315162259,0.07532152854179426,-0.10751507647481695,-0.09925127314552029,-0.9031767704357123,1.2194819019101868,0.09727262474141458,0.3768705423986564,0.3983834842276477,0.008095921089720627,0.29608007899390615,0.0432197643290133,-0.006870790815068774,-0.18437988450622309,-0.04505916391961344,-0.05491282326814599,-0.12486787519536775,-0.0815270937150936,-0.04968131248851267,-0.07206198056995948,2
11.582190154537281,1.4129373218410313,-1.415874858771293,-5.056205767067311,0.34887941024586794,-0.5882254853428887,-1.8771535251828868,-1.207684077407266,1.3759211323202,2.034723263719365,-0.16174158678264475,0.015705425968033596,0.0037666436573226976,-0.16452135375610225,-0.07454149626774502,-0.7436257784679847,1.0561826279204316,0.037394521646460024,0.3134194876903368,0.2929844671967636,-0.007058540565389085,0.2694048838005609,0.04311591270519142,-0.02923685552554185,-0.11067107346170726,-0.0331217231468147,0.004743698909697185,-0.05046017694728739,0.0646997590566093,0.028302958170209547,-0.14687482792622328,3
12.20591682626142,1.7331333149808392,-1.6263780302165693,-5.479323860513259,0.3827834297539664,-0.6294736368982052,-2.018763282682188,-1.2537616176446253,1.3057993034019872,2.1894760187994815,-0.12195200512676652,0.030929808333693156,-0.07243090708061495,-0.2202276958079393,-0.0909758678142776,-0.8132759241487304,1.1419388723857626,0.06396765045887934,0.39774470827930997,0.4313451992062922,-0.062198120187524145,0.3656151777230662,0.097231157763922,-0.027743819521052725,-0.026880177953627928,-0.07666886016445514,0.0014720202060552376,0.02496659988158375,0.05652182735466813,0.16740801371337682,-0.13306708687734237,4
11.473579344620944,1.2322798962593808,-1.438106966732364,-4.828189719487958,0.20994385632494647,-0.6213476230860687,-1.8033830490906864,-1.0098073452870464,1.1901730460426356,1.895918105243011,-0.15293676068042866,0.1537885613754213,-0.009998881389432382,-0.14495607093494198,-0.0740775699990661,-0.7553816736744071,1.1533202974468708,-0.0012216077918992018,0.23947259657882108,0.20682533463719405,-0.0015867986843243708,0.30558612124951257,-0.020547415185976293,-0.17352098174571848,0.12529301822040695,-0.23389895066333444,-0.03808999202478742,-0.08484936357446407,0.08342447455335325,-0.006608755295151445,-0.14006413447890018,5
-0.14201948685972912,0.23540777651360256,-0.9063192245635722,0.4289152690513087,0.15303700397009373,-0.06160593912583652,0.21406200148298626,0.33221151642891683,-0.22030772045952585,-0.48035031773787756,-0.18862826857618162,0.16346239997482429,0.038333817367238385,-0.1388866668089871,-0.011669160262558455,-0.34744591011581527,0.22958343525565325,0.39789133781583746,0.990800652140836,-0.7438118034818338,0.680715134710272,-0.2879370873872765,-0.03624174372094672,-0.22976252856773022,-0.23989064277487274,0.1486163154323179,0.6795631031966101,-0.777313639998827,0.09150187686831146,0.01362813901001454,-0.10390866625003803,0
-0.6464603378359354,0.09392494559784291,-0.5779511009166539,0.007501471687395727,0.04337601636780205,-0.02578356133630547,-0.40274554451218764,-0.17204670219788237,0.46777837782464676,-0.8005940406002898,-0.585574509072185,0.5761944344881426,-0.5687006295863676,-0.21676733023415098,-0.026973604048173044,-0.06573108176953425,0.5256916947739094,0.04076729104330384,0.4592861685595128,-0.5780988210984465,-0.3175918058195987,0.2545866653673204,0.3341070950505298,0.09601994424917595,-0.023956084216369564,-0.009683305564767273,0.11315364633520422,0.023471943791670818,-0.35767616454086676,0.07903471556714994,0.21881047181360558,1
-0.44167374581912827,-0.38199741544979093,-1.5143542710764113,0.9874690070161443,0.4064807270577338,0.14605834090457717,-0.27180011625095524,-0.10811226266117298,-0.25577391457525034,1.1081582889118566,-0.22563780037292827,0.6552130421468401,-0.0671924755706126,0.5050843583251216,-0.07130452272658966,0.1290926743266555,-0.18036338991056441,0.06097029910068033,0.4668532769273384,-0.9532597317941697,-0.3385376200383084,0.6011163966205234,0.10597253347162659,0.2542256866790549,-0.10298707284263686,0.09253061800362394,-0.03866991559728994,-0.28181725931753937,-0.33725300101555344,0.2372373228887579,-0.03734162902698479,2
0.014050056039914612,-0.5838157261752462,-1.9706105295735508,1.4930240740059733,0.4275276731442421,0.2759045741208153,0.6970942437560346,0.06156027176912039,-0.5567681288887802,1.048219969178486,0.007275313349328741,0.5989461209662486,0.19850243357068575,0.36209608165888474,-0.02773448887678539,-0.22030840374510202,0.15792311473898477,0.06532067442178524,0.6691829352964755,-1.2137988401301147,-0.2721763498125736,0.582577315388736,0.24212555585132808,-0.08818514515708727,-0.040730761305233634,-0.051445866974238745,-0.12882158294313345,-0.5244522425627739,-0.3776608792631627,0.22388360286908002,-0.35067208622536866,3
-0.6072340804819316,0.06967541884226279,-0.5285110153884311,0.02725220063771057,0.03535740798676361,-0.017329217020797306,-0.26970243240278224,-0.13466613669284383,0.3464351959186755,-0.5628274077552722,-0.4599267004187292,0.4618549644996019,-0.42622102429918585,-0.1571211027039463,-0.008103757627162913,-0.05405888522868862,0.37867021762809777,0.05208674833593239,0.3751280133083166,-0.5360389297121442,-0.30106326734434297,0.1293123174768509,0.26392214810380404,0.06038266982469768,-0.11532060719267813,0.09350096399007476,0.030805381548239624,-0.10369874950850362,-0.3156485978146621,0.05966610581553849,-0.03902416260245606,4
-0.6223278821844969,0.05573601173655819,-0.6860244409785776,0.09007206759777331,0.08770568152408212,-0.008169617373219251,-0.4230192129932131,-0.14541282630536412,0.38457724198217624,-0.6410391842585408,-0.43548292331374705,0.4065237952875908,-0.4181904800414087,-0.13243632753212353,-0.027599677100365285,-0.09914379236452693,0.35299530167105836,0.03017905854312706,0.3441812704416448,-0.4569209262402095,-0.32091379538366827,0.13059638400109497,0.23485690416967286,0.041323250581337095,0.016629605647854578,0.042376299244535905,0.08435882026625828,-0.02263130964950795,-0.22242790354084918,0.06957395612496255,0.057179887575618045,5
1.1999503000251774,0.7387236996616954,1.0567537243824756,-0.04611081801526468,0.41104515061609154,-0.29910483442584324,-0.04461594935455134,0.10899088128869026,0.44757093349431404,0.1428288318253291,0.46042027535174945,0.19649841308920873,1.2101773181152486,0.2774792655673037,-0.059813394631998,-0.5527899648765211,-0.10341489253101743,0.21520285498596267,0.5363232003292506,-1.1963777014789037,-0.24006728846286302,-0.895854073969229,0.00821881563082193,-0.6200827795294815,-0.055920398073984585,0.02595864657065167,0.41588038723768306,-0.17755249615221713,0.019521325062779173,-2.270580354505735,1.2731443164331036,0
-0.5622169625361848,-0.010133883263504022,0.7043118997639863,-0.4828121371774109,-0.2034874514041621,-0.12261731891928798,0.4781678558005497,0.0006077113480758795,-0.10731999781289385,0.2638276913506285,-0.06378297383660854,0.06252480330350736,-0.018196057652082726,-0.30211262050019233,0.022749281131151242,0.20191404164188007,0.09402297175229637,-0.02308970975021159,-0.04894544741576413,-0.09085655452239554,7.501528041000664e-05,0.036636991229749324,-0.06267399786176951,-0.0761552874748911,0.11438366274110845,-0.2548418032294649,-0.027903561483466496,-0.04209079266328142,-0.18892427936917705,-0.06346769244615456,0.08602161841981573,1
4.197699559728385,-2.6507675246479723,1.8892507640759637,1.072194707304305,-0.0999661360519892,0.5416838460565248,-0.24670836844218408,-0.6170329541077484,0.8735981898612212,-0.62677364621183,-0.24321860560265973,-1.0169536499367087,-1.6943508582840798,2.9979718535784703,0.5746178377023893,1.5901328072083898,0.39271006926451185,-0.2585285644403867,-0.5466667651200996,-1.1520199429373825,0.352870033258289,-0.7790900286010445,-0.5154559986592541,-0.8402160926756727,0.9567444417232216,0.15030502398209225,-0.16743778464442863,-0.3096291803861194,-0.21645025477074395,0.14398978607504295,-0.31764838673825346,2
2.2866373884562465,-2.4996962512622045,2.7667605462372844,1.4515880045216316,-0.15541359586012574,-0.08216103853526216,-1.1560358606509,0.452871190095791,-0.5606554989306277,-0.12980807312812442,-0.07072736669128372,-0.037144827811283206,-0.08716528840628054,-0.2509843147068532,-0.20065725696456826,-1.1932609486426884,-0.5178355854308252,0.15194988035400048,0.7758950296708259,-0.06805101286719609,-0.6194371143686922,-0.28744033054645673,0.02016259873443565,-0.00025403983806050035,0.5594241395017465,0.2685196774179454,-0.15384110236736134,-0.032879082605575184,-0.09812086157570411,-0.11284071884959274,0.011748058439835484,3
-0.5483446882157786,-0.0386080546108402,0.5347234741243118,-0.384893119623104,-0.1718923317354114,-0.12388053785517482,0.3094968392713931,0.004123469406174307,-0.08686013071291517,0.19492939519077992,-0.0930194025294921,0.0656232479990036,-0.05136628176132377,-0.290791229910744,0.03146085647149148,0.23192147497646862,0.13020382379761364,-0.009259930891120788,-0.006868628688268166,-0.13490634953633107,0.012988381790295923,-0.017911613150024885,-0.04435857587732799,-0.024001899619179687,0.031751556048847704,-0.15331794184110686,-0.06748795332365366,-0.09936409958226232,-0.16265630024449512,-0.04709206565720808,0.06291333067443093,4
-0.5567623583496574,-0.08550693833774799,0.6372790920966095,-0.3940625069257094,-0.18775188941784218,-0.16645949394440482,0.3017794470648682,0.03758438245310897,-0.18892334166322003,0.3402066080642815,-0.09635257141876584,0.020485054303871823,-0.06631656684275611,-0.478424224269752,0.03787298908051351,0.32131162046179207,0.15648967642039066,-0.010280510659377125,0.027267055492488285,-0.09389557893895581,-0.01671586489184403,-0.08075019160868302,-0.0478193124591886,-0.06751598485537547,0.13895709016519583,-0.13359733976399743,-0.05475920860510298,-0.09969342380329128,-0.15839855349214746,-0.013348862822056095,0.08700953934759155,5
-0.502382180859916,0.04152838094626009,-0.623999216201116,0.18436822575253364,0.14695751525127335,-0.08275599165866633,-0.30647327733546115,-0.0010768916226605444,0.10841919352809065,-0.2406788855098227,-0.15996145646416748,0.1387224148444996,0.06030413452026584,-0.03581357950215937,0.04428376210904157,-0.042261350776247306,0.06161917899732059,0.13625183309499564,0.444247759048803,-0.2716035173568112,0.24746929158297182,-0.19593449889762976,-0.0738307833427092,-0.06980225071885943,-0.24577342486644596,0.014986421503839237,-0.0355108804341535,-0.5725141834870017,0.35353504944904324,-0.033266085015329495,0.20721372197096555,0
-0.6281150226223662,0.10097864732408346,-0.5586050200402413,-0.004919104745583783,0.09894336044303957,-0.006639283706387548,-0.5162294310434586,-0.12797650951523518,0.4346754625089647,-0.8514944026292052,-0.2951306448902371,0.1606446802430222,-0.31708363646259013,-0.13255843863261957,-0.0899445140275398,-0.1661325390515303,0.2819488819721462,-0.022919647455607522,0.015335955254906804,0.012871165545321365,-0.08014184602639822,0.06709762878752341,0.06164430211825474,0.012709097416969014,0.11857310171196342,-0.03776368451154355,0.14007859915322268,0.07717750447584333,0.069912352398677,-0.019137505296246884,0.1060354446976783,1
-0.5609879445074768,-0.4681715942419143,-1.6235097285253075,1.1290066962500591,0.48444524186219334,0.04833447161846814,-0.9611955717558025,-0.07503033444785817,-0.463441196583308,2.056562792759386,-0.17974265717583834,0.960633045921587,0.20334436507395698,0.6417981482089303,0.019139168645778637,0.44922342432098294,-1.1079904497669122,0.08753513083621688,0.04229878587649363,-0.5497633128648426,-0.08195021976734176,0.5912815393891325,0.006193414630554829,-0.03075841366712656,-0.44775422686356936,0.17781892016623563,0.19990507018218634,0.13887897246933553,-0.2312046245270219,0.17625160787610084,0.03542326813106982,2
-0.4108753599409959,-0.5206806567431534,-1.8581875848896472,1.3338236119593907,0.530873692200817,0.14225945150464847,-0.45623311317961845,-0.027961881948930317,-0.5406107037297057,1.854121021729188,-0.0935264515000707,0.9580008268180297,0.3733883080275704,0.6604016759751133,-0.05239227449765768,0.08416846738848058,-0.7451309327337609,0.08011467120806816,0.2638818866560175,-0.6904832233263907,-0.0511671568697454,0.5543383065370778,0.04099220470656136,-0.03383110598352057,-0.31086506876688547,0.08786767891180296,0.029870568137493017,-0.17603431567976735,-0.358636770034983,0.19284930248671414,-0.07897233347012199,3
-0.6401216947073342,0.01619382633719215,-0.6130627489357552,0.04632432261661884,0.1154915861021339,-0.025818514770705115,-0.5221621655224152,-0.1702778926060022,0.3717114110249983,-0.4844490375946323,-0.3520165254734531,0.32298954565417615,-0.2779526837245582,-0.141128538072592,-0.05755636497581014,0.029065459993020914,0.17261627366452603,-0.014314295890027862,0.06917027011564278,-0.26618062566713674,-0.2857374634029288,0.09074589844936244,0.10298727189248072,-0.004888740382520725,0.049460638375333425,-0.040884467190536344,0.09282203882136046,-0.006882390940064586,-0.11706288811440288,-0.04306027088909906,-0.0036172540789409773,4
-0.6256617323754166,0.04105481676584061,-0.624253812290809,0.04693230166515098,0.1085066382240589,-0.013814838642000905,-0.4920037640852527,-0.13966875888149372,0.3757295666276978,-0.6017977435654629,-0.29959283617318505,0.22134212453992647,-0.26777766848558887,-0.09334135935229876,-0.0642323954631558,-0.09200652952826231,0.18710552606603048,-0.014962060303869857,0.054951911918482726,-0.10222226854975254,-0.19050429738550242,0.011995728699732238,0.08024486346757974,0.015411765647203975,0.04934659267395908,0.034259329421960694,0.03515607756787346,-0.010745476337445443,0.002125579496747407,0.00032227718648568203,-0.05491460042531967,5
0.18082114772033234,0.36043029445400016,0.7907572520423055,-0.327563575704775,-0.07352428860693508,-0.08445162912171109,0.358043142352371,0.0984590034589009,0.023465284819621297,-0.05626279973626067,0.09196963508114946,-0.0594930218882848,0.618986906415783,0.38122660230438393,-0.05078213625631193,-0.3635870859729961,-0.34831121301516726,0.11702678563789914,0.49897818929194976,-0.4030882092677509,0.02218391759404545,-0.08569838159005061,-0.010039744897356428,0.05851909437504455,-0.15322756193915268,-0.07301768390116481,0.3581613774421179,-0.12640506214196814,0.4101830898050866,-0.34486981327280225,0.2854332012290368,0
-0.5616187173641309,-0.04326586862405363,0.5992024660627192,-0.4210170070236104,-0.1771058191380123,-0.13968343847077364,0.3543916796919507,0.005219264415644598,-0.111239616738565,0.25765607875484964,-0.09032549295531374,0.03592648780462076,-0.05437099846027158,-0.3703412211417338,0.025633249786891136,0.2582210332504975,0.1294084134563848,-0.01878557173115441,-0.04351150539041277,-0.07319721721049337,-0.006328620041595758,-0.03796544275928418,-0.05027675155866183,-0.061501495925938746,0.07295700861253719,-0.16367720022298798,-0.05011600021569486,-0.08746872948372529,-0.18785056421995325,-0.03482278178172011,0.04362380578868391,1
3.7853545038426732,-3.2894322665254214,2.4282238913247878,1.9911326723848812,0.026149041016139,0.5345486694234017,-0.6078359806794003,-0.38652992560829985,0.5049081560318475,-0.3487886794074846,-0.3379928633258298,-1.1908797227729753,-2.44151768140475,2.951631525938391,0.576940027232162,1.3164020701516368,1.008348368318203,-0.2807989016450452,-0.8921888662956252,-0.891766656036425,0.6643472413384904,-0.46599128217226404,-0.41207385153919274,-0.5286220812358089,0.3074151268567511,-0.07768513954002038,-0.07724638424903861,-0.4559097543045833,0.021914375059698225,-0.11172237945932885,-0.3798082241098269,2
8.350536183344449,-4.8868180633305665,1.1851022858028593,2.8019488685931386,0.31995410514678646,0.525149418973539,1.0540619318880753,-0.5863045578868206,1.610521384407938,-1.7575959917307726,-0.40597477109270236,0.7878513546898672,0.6834506607471539,-0.8436025404283829,0.12942175225088523,1.543070609899147,-1.1073452451723214,-0.10234934342013033,-0.7112784445201455,0.6797552032275337,0.6201896319470883,0.24621464940987475,-0.06674582035542731,0.4141821488365274,-0.9465397416780807,-0.1517795824834941,-0.06751917403705307,-0.12069612122167402,-0.8430011876340914,-0.10340139678666824,0.5293102717984232,3
-0.48748974853521104,-0.11579283263240424,0.6991866920418611,-0.3518137185228306,-0.16823737675210612,-0.15565632842906132,0.2614612953061825,0.06822978539145909,-0.20874479918794817,0.316522782408656,0.0483764805503227,-0.17111241475077482,0.10030420593125307,-0.3938004262095739,0.00812976908894388,0.15435684710007044,9.98587535823373e-05,-0.005704354406304538,0.02469917409632921,-0.08253631180174067,-0.05920108335993908,-0.14693558455142236,-0.04583793526608283,-0.045336285166623,0.058062385116264784,-0.031423229253385025,-0.03919773093976471,-0.10371971936765388,-0.10038331540661373,-0.044887154285493835,-0.07095690555248033,4
-0.5612474511106786,-0.11755167617114336,0.6170922026819792,-0.36166580029610274,-0.17438410059299023,-0.17841038622805375,0.20096078447598464,0.05490252636614966,-0.23474170449718504,0.4276627782335686,-0.04361478912486062,-0.1250537134594312,-0.05627756203968032,-0.5825800734652101,0.029042065843730962,0.4188454342237951,0.1392390585391874,-0.027766965352069135,-0.03588889256087025,-0.008263255960960631,-0.0196637091522187,-0.15039547378413604,-0.05808776596325791,-0.05774445814129185,0.11288232862457231,-0.01335776785407255,-0.07017764709952784,-0.13611994017856976,-0.1354520931429328,0.0212595546566536,-0.04007315793990869,5
0.10977689912426875,0.2862023383984158,-1.2725441284419325,0.8554091491823472,0.23448950860775872,-0.1403038730496235,0.2579892451122244,0.3531160904707889,-0.11161665531666795,0.03450202700759475,0.11225449806466731,0.28488693088873857,0.5427860939168504,-0.11948566746867179,0.010631249494377739,-0.5660643276214363,0.3192579060527022,0.3525385779967174,0.24540530737621924,-0.6827300688193204,0.14031374617666903,-0.7748229219515038,0.2188530888946571,-1.0882063668810673,-0.39392940748404504,0.3140380785675097,0.005045340923511639,-0.24439722184900592,-0.11273858596239729,-1.317765592981214,0.3224565160985865,0
-0.6345123877747901,0.06795564412063164,-0.524243939228968,-0.0161436122826123,0.11152299191555033,-0.022529042028683277,-0.5404452216385542,-0.1428642230619257,0.42297565186618064,-0.7322285686129989,-0.2465131869776578,0.16272205921152505,-0.2532568000001647,-0.16596338518605142,-0.05111104675598908,-0.0683881773850407,0.24249060193471514,-0.04144165286234374,-0.03948269649531346,-0.018954611066694247,-0.10015542563064792,0.09191085612059632,0.06058705275587026,-0.054259807670942975,0.167020382640544,-0.19431092626197244,0.13688993178544973,0.15610838200827262,0.056844319438271056,-0.06906002889315957,0.23334284921067155,1
-0.6491859434614985,-0.29874272542756214,-1.4235052068757603,0.7650541826412326,0.40752121328370666,0.004390682639034529,-1.0679837889635233,-0.14571960761643332,-0.1622051777128274,1.3705279628217701,-0.23372000199568296,0.7331245832724617,0.07067363532689139,0.4512585912808907,0.003790936739110682,0.4885270142529823,-0.9762552544116814,0.039581806705822925,0.024144674269148302,-0.18522057300319855,0.022680026015598802,0.3168800924251289,-0.08756134073907886,0.011264472858336053,-0.009251302674547626,-0.008179988924064501,0.26294035241801417,0.3279856762546324,0.01020259147065365,0.10586555281149837,0.22464352053847902,2
-0.27039369850005535,-0.44039091233853006,-1.631400985111475,1.1001251466189306,0.43418884245450756,0.17516358530539136,-0.03523144366456323,-0.03097301258114459,-0.36165505858358576,1.1449906526793094,0.06557273938276524,0.43879811053814965,0.3483557600364742,0.5266620934906275,-0.03103534113633305,-0.24373724284456585,-0.273578272794798,0.032217721356934424,0.06011992592280137,-0.23149686266327688,-0.1262787650343732,0.1259821874943904,0.050056891995494186,-0.03186774621850025,-0.0444456198426853,0.021366294846136846,-0.12664287813470734,-0.1970008064625687,-0.33163778947239014,-0.037342946023018776,0.028215101633034406,3
-0.6401516054006159,-0.0104740459275727,-0.5496272181647136,0.02147423919938008,0.11469885690675069,-0.06945832878142012,-0.5949917998059273,-0.12521820112353604,0.29428288915617773,-0.33296436517576455,-0.23377826943296692,0.2356579792590822,-0.15462131877927282,-0.18063960964554154,0.02100999775165975,0.20076867270276488,0.03254222592127065,-0.03183626428445064,0.06492585415401317,-0.14001521563852487,-0.0023280862196411304,0.06901068643038796,0.027369171418889594,-0.09437898767134158,0.1378059328012913,-0.20190901376292514,0.09119036292880624,0.07550486646017357,0.05213616609069908,-0.02766750013825528,0.17363393637915298,4
-0.6354836251468897,0.044498416477258725,-0.6162165708068879,0.037045228069998035,0.1197430381233064,-0.013874461339415344,-0.5518962897344906,-0.14411454980236765,0.4085806645510857,-0.6451653199163089,-0.2736621410291263,0.20406110757312287,-0.25690111164222246,-0.12701203623319823,-0.049326252435964814,-0.07387039532760427,0.20394763952895179,-0.03304918217522868,0.0007170024911569191,-0.06984557050597896,-0.18277048363402446,0.04699371506135811,0.06480144840415375,-0.02492834871501081,0.1417558910052192,-0.10319080827500289,0.0896663665728275,0.10005804471683183,0.03019074816187973,-0.05131087643688017,0.13664249349464924,5
-0.30478675730145216,0.13638312708201925,0.6674875012702074,-0.4156486144368755,-0.14690777806499247,0.05148162532431206,0.4497826508002111,-0.06508930274457701,-0.013411899745686401,-0.07693347761618594,0.07261517063445634,-0.053840100386118084,0.17719394809293304,0.32350282865476054,0.0022180511873349253,-0.16768752553974817,-0.11188967357405044,0.032630594482763994,0.10726632573192493,-0.2788950911665774,-0.01984369352583257,0.18414201475599587,-0.010229017458224075,0.007903675818815473,-0.00925639801149746,-0.19821977369349578,0.0748481593860797,0.06298926243905079,0.11151934263792616,0.026872730840679683,0.12938047525977314,0
-0.5931131895918469,-0.0457943985150855,0.7285496593516793,-0.5035339932155097,-0.2311811543157318,-0.16105979255667233,0.5580755941734132,-0.01970895316246956,-0.13958733428566839,0.38347102356222035,-0.2740189337508937,0.3093844660023993,-0.21452639861443504,-0.4339647213060451,0.04560597576332566,0.28662261148430046,0.2023442942892335,0.007037669108477671,-0.014534442621994815,-0.045926586500943924,-0.03864925007523535,-0.11108000466322603,-0.051701077542781713,-0.07899454188270923,0.15902632615610057,-0.1785613809093977,-0.03774850479391318,-0.07870826169877683,-0.26176318173603286,-0.049899918321693604,0.1377578258971761,1
5.589354202237719,-4.6391696187929785,3.258916063660938,3.0054465792622156,0.0303985609719124,0.6950213675638858,-0.7303051667628889,-0.4801107580788641,0.8242202962864454,-0.9213914620382878,-0.6502647636455451,-0.8423452219249171,-2.932554042522425,3.398940422541194,0.6864687554511509,1.7287761982924366,0.9242306820792646,-0.419424870106268,-1.1448644568489295,-1.2273341902389638,0.8173297873242119,-0.42952775989480263,-0.8577734267951366,-1.1599561614017522,0.9760574965669192,-0.4509619307210425,-0.20604969691660133,-0.6879452723157845,0.1242874860245137,-0.1317517443347794,-0.6334540295157346,2
8.703198884932865,-3.7924892292945604,0.6964003068980313,1.6227251346516625,0.18288667254349827,0.3423528241111861,1.3715078960014528,-0.7733578573011206,1.8852806062720981,-1.9666954314703284,-0.3983931852501057,0.889575479488637,1.348306521454903,-1.2745924462472389,0.09990426380092202,1.6522933320535902,-2.0434037199349024,0.07562892339456652,0.036226846849130794,0.36136235454828364,0.042382310980491666,-0.1221392273948372,-0.16567504982819048,0.040349463887413936,-0.3633962559403482,0.3257513890739575,0.22383724456442344,0.20796171414250872,-0.4585596347579497,-0.06966154912947407,0.5325764723549985,3
-0.5940922293000058,-0.11163339117905682,0.6121991960361985,-0.38636789355750617,-0.19307907495045595,-0.1995543069967792,0.2565559098316435,0.03919113500125728,-0.23965828070664508,0.5142587568837165,-0.21014833931883806,0.14500944051662742,-0.21470258257647698,-0.6970325711488266,0.0675597816135638,0.5436865536676078,0.24212401931939062,-0.006356734249431238,0.03963508908071924,-0.07445825058696673,-0.009935748925973197,-0.18197679056558885,-0.050596328242609304,-0.06576581559791957,0.18960184366880037,-0.030870855196941556,-0.09177783032389775,-0.13448812728939843,-0.2196857524124416,-0.018499771117938622,0.09925298556751838,4
-0.5510583411099785,-0.10461230475191852,0.6972034823371072,-0.3995368686856637,-0.20779799708215402,-0.16059470838163684,0.3773517291196701,0.02678238378603346,-0.19917547842469716,0.39003146695716895,-0.1657711360350578,0.11752943823018558,-0.16062883037762868,-0.45419710912537414,0.045483850634778285,0.2921111078390817,0.1804272949701504,0.0037775208392786803,0.023991436037188073,-0.08158466099306347,-0.06267519262581085,-0.13896699134469326,-0.037260980560041776,-0.07139686132313534,0.156297601162585,-0.0799451770544634,-0.022047888719955062,-0.06897398597515794,-0.16919888570483704,-0.011184805525899306,0.054190288808601876,5
-0.5639589964667616,-0.012129815162103754,-0.646001060017935,0.1701786262636149,0.14112674928548016,-0.03485556606647134,-0.4060171880515032,-0.07793864768027405,0.18674991181244935,-0.21250612901768953,-0.18142701718069854,0.256659325793427,-0.07338225153686205,-0.10990335542193716,0.19918076238667298,0.01139648621007196,0.1175405093573966,0.056614028266687585,0.2677188928033749,-0.4349721019004735,-0.11983209545344832,0.01868381155554531,0.08165266181716979,-0.12046387465460934,-0.05362743544599589,-0.11089369603091942,0.05213204697685452,-0.1681621885321144,-0.03550135226192787,-0.1092006523990191,0.21251087370417931,0
-0.663881273022517,0.021969696330636196,-0.5613835572435459,-0.02079100643496207,0.1100330941749537,-0.05535952448957168,-0.6017571350837861,-0.16993963521980152,0.42901086212295153,-0.6008750746509139,-0.3858083786945712,0.34623952811070374,-0.3116884962164257,-0.21195264388117302,-0.03215011053200596,0.11474515915813681,0.205048955493193,-0.038066941009771815,0.08403241609934778,-0.21019554338389865,-0.15055364424555134,0.1521964386359904,0.0759242916730556,0.0051699651457418816,0.1288458150494208,-0.1846301258025274,0.10221481355603303,0.07759161626115806,0.004453454135275771,-0.04955186862447631,0.2128821314518865,1
-0.6176836339493531,-0.484088310185007,-1.6333572209047982,1.1090012767512312,0.47120870393428715,0.01725157531656327,-1.1861257704270338,-0.08833530767514046,-0.46930281410332464,2.210449788357154,-0.2661949101177819,1.0712286189394986,0.08443249219305193,0.5811416633502056,0.04184729334344351,0.6717574903220224,-1.1934753269357008,0.12719577906696306,0.13974191365555289,-0.7062601102480666,-0.047615897333053644,0.8747911820623854,-0.05285361708597927,0.11903781202556199,-0.3608783651855148,0.015595300133410912,0.46807717102360585,0.45943034337420063,-0.172655174247822,0.24890293091072338,0.5438755250896796,2
-0.2598669894779429,-0.6462603721816901,-1.992686390664067,1.5615114208602698,0.5819475362393084,0.24233368525066853,-0.1391763399736443,-0.029239333126810225,-0.6212432948759643,1.9559166523651048,0.0344754011992511,0.8289541445305666,0.41298975593239534,0.7743466052997864,-0.036159517144418736,-0.1403366151199679,-0.4823096867387357,0.05314394056985234,0.11395027506963086,-0.5504104152721613,-0.1290088960356519,0.6241123849967469,0.08723969870604034,0.01708868897785098,-0.165632460535172,-0.12588740035673684,0.009862850754236457,-0.11533107931726425,-0.4811766653432753,0.14057218478205455,0.1806480723163512,3
-0.6562868792039181,-0.02754526158070079,-0.6445815282268208,0.07444403265661209,0.13865089147904677,-0.0680550631977131,-0.7003363436754997,-0.13599220461536937,0.30964394535882267,-0.265338374285849,-0.28621716816861503,0.33652713269150814,-0.18456733662537841,-0.19851032329591095,0.02785331017944944,0.28498515593770135,0.009204775256943526,-0.03848811430250179,0.10784443494687913,-0.27868843961987116,-0.08406868455410751,0.13275645834790656,0.026469411189935156,-0.09078108866361911,0.19929880516263784,-0.2671055086622601,0.11634758142583725,0.1795074611450075,0.0053691588637039805,-0.08532899625158955,0.3415518964191518,4
-0.6599464738075715,0.014030920734383492,-0.6487597359761893,0.04057412652568391,0.13582124985294536,-0.0371512643727964,-0.6451441008487208,-0.16720483827798527,0.42244086745821324,-0.5620476670724146,-0.3317113664405868,0.29303141151117384,-0.2667168446044905,-0.16672593525286214,-0.04063677120565527,0.058798891128843046,0.15146071817574475,-0.04270136573973128,0.015546683773588815,-0.15750906612824211,-0.21043330325390125,0.09484169045933516,0.04650614212551478,-0.02765651963776833,0.1818891112902777,-0.17220615023310348,0.12417601896162453,0.11815298727188446,0.02160110089869471,-0.08764113688687519,0.19955127931898115,5
-0.38160094663563493,0.16921178324576916,0.7589916654434274,-0.4680703650795698,-0.22892679185095846,0.032894327272333726,0.7198836289700399,-0.07562880403964951,0.004823341959206157,0.0034181905438773587,-0.15668045223681776,0.2822787474028046,0.028903916326800592,0.390935371880159,0.00789745292630928,-0.20118499495270573,-0.12795701308824228,0.03561393684804388,0.09519211827649669,-0.1899471395831573,-0.039360583028079286,0.06651880625264996,-0.03114962755354999,0.021121862718477064,-0.0724644406903395,-0.14236678129688896,0.10518831579134812,0.05919599780400994,0.206728931470054,-0.015788972459782644,0.06530271864479573,0
-0.5817236402779611,-0.007737414288024956,0.6774689623240472,-0.49726735396481364,-0.21470055973651558,-0.1268948944430939,0.5483205824428913,-0.02920858551615178,-0.07362931246613112,0.27186819547267815,-0.18864188496405948,0.2482588432111787,-0.145383767529766,-0.2944258166121917,0.037364767101666425,0.19934844891126705,0.14210572261056573,-0.006838599428694323,-0.07471357718123588,-0.024579147170862434,-0.003265017374195449,-0.02375793545136664,-0.033191593612351966,-0.0700017784749724,0.07628575066014419,-0.17344386063655565,-0.02338069494848543,-0.043707063352516375,-0.23503782228309242,-0.04559151440951685,0.01876226740445857,1
1.495513802021441,-2.5619952575418057,2.746449482459671,2.0982329409772222,-0.13373487111371493,0.0765775789519921,-1.285871841865378,0.5657705779576858,-1.1297051025127702,0.6578936035100136,-0.22821450020512357,-0.6957707436612997,-1.9722390378136339,0.5143117438280492,0.05495580538558734,-0.3023273640231227,0.9266896617869753,0.03185906919692714,-0.06369255299335455,-0.11762160269812924,-0.009285243134932675,-0.09027312751114733,0.1537201684930322,0.08617764770058059,-0.21376106825118874,0.21797640552390762,0.3295525535979778,0.0739746224315895,0.7840531186271544,-0.21986708233208974,-0.180616173290508,2
9.491153877247477,-4.8311538037877995,0.5186638142754703,2.7000306445066315,0.31800511484345007,0.3116408351754896,1.8702312704355066,-0.4629917569757265,1.6505455053457425,-2.2712110381767703,-0.37688185666112706,1.4655952277667126,1.644672261749687,-2.2004750139579854,-0.019229131004321116,1.639862556253797,-2.0740491943017436,0.007565058988161939,-0.4020516274566929,1.0355035695842827,0.41651901478619574,0.3757404847307386,0.2979666305749085,0.5473862827501655,-1.0106126805599673,-0.3550536108661203,0.16982407781144526,0.0037103172738140004,-0.43800261284249103,0.01081174893614285,0.32489662984721657,3
-0.5720122548505621,-0.03675177575153672,0.6254994039194179,-0.44335671725831666,-0.20508371863047692,-0.1511553222855297,0.43759602623886135,-0.0006508033845034372,-0.11264041805833283,0.2869907278621119,-0.17690673933254808,0.21115113378330286,-0.12173417359903645,-0.3578359455557254,0.04241989106722065,0.2573310301720954,0.14536776401661614,0.002954720954222308,0.004400138193444337,-0.0638687356309802,0.012692690038576019,-0.08160462713277049,-0.026042973824706057,-0.05569106355648254,0.08053075170891826,-0.10890937352448303,-0.0820479923106514,-0.1192621020267669,-0.17007802660118393,-0.0317381384650497,0.04662161014288762,4
-0.5300987712157101,-0.08872521941063108,0.7090492918876459,-0.41316710251456396,-0.20494442803834023,-0.14496471354627893,0.40110545255542707,0.02615940190655022,-0.17745869811532713,0.3304899334854178,-0.09541153899705243,0.031728234938339574,-0.072927298314232,-0.3190581462254869,0.029180871239478576,0.2162656465577339,0.1007373990409653,0.0004999587256245485,0.004375710029954073,-0.04949000718767098,-0.027309718937149972,-0.11746783855414344,-0.04489625950149318,-0.037606908515813026,0.09419604991567376,-0.04769482755373411,-0.0579610429025736,-0.09649319498355706,-0.089214847525194,0.009991056782407082,-0.015673253883833425,5
-0.614263474585677,0.030471122364087885,-0.414382110223675,-0.043245425396196274,0.07425714220216359,-0.04104458837499255,-0.4171187666873151,-0.11883845842468986,0.3183154583687926,-0.46666569454563245,-0.22061575524143348,0.15868756467275666,-0.16938965122974814,-0.16717532387221523,-0.003369894043828843,0.04748203860735558,0.1594046663926145,-0.0268409852375367,-0.010669157357089176,-0.1083614697151741,-0.10641568817428793,0.05552275862725601,0.03615159259944137,-0.012800143248343322,-0.0015052046247338777,-0.11379641952157163,0.01580268661759996,-0.032966058315002024,0.002922962538271912,-0.04041829809362876,0.05006026902254996,0
-0.6536209958858601,0.047799681054226925,-0.5505260153356838,-0.0216835356999569,0.10673242352237436,-0.03398881846008735,-0.587687862329833,-0.15587137837867057,0.4434602307318789,-0.7034947141530857,-0.33013174994397915,0.26687101504866084,-0.3039140329811407,-0.20022043633575695,-0.055823813628694624,0.022905213448860387,0.24577855159210132,-0.03756653318507849,0.03875052736784014,-0.12707108029729466,-0.11366680927813383,0.1389123184570734,0.06330352009493075,-0.004187928509651728,0.18262603962818486,-0.1938610573687978,0.15883253034608852,0.12897644761050536,0.011633473847406943,-0.07387892651662273,0.24118793294966945,1
-0.7263656118665792,-0.6963240979008644,-1.7710881942482486,1.2290350504177296,0.4421301466289777,-0.20843464685243232,-1.7394816344174922,-0.02178206622812347,-0.6488892708038647,3.216285799945823,-0.43136348626907645,1.4756064989115514,-0.09289918775341306,0.5219348103053894,0.09141668652438759,1.4119674636948345,-1.9803115390090738,0.2683807906564645,0.20179166096417828,-1.158588406343804,-0.16424705154152378,1.3645831127183365,-0.03643694612392523,0.12048392348438894,-0.9444254927906564,0.40653355482977444,0.8041270400222789,0.7556576692335483,0.020838505161824464,0.44489278421163964,0.525348158164563,2
0.09044714388430306,-0.9007030141080641,-1.8271219024618923,1.8477030672129127,0.5423139044681138,0.25860182182176483,0.18506387268369728,0.15092382884841904,-0.9022888325396926,1.9794835517110787,0.1365921075174564,0.8781209135767224,0.4877060286340026,0.687925613261547,-0.008651954620433222,-0.21519080803913543,-0.23977352735408589,0.04783258491820084,0.1476398010229028,-0.7470493975673762,0.18121651981990974,0.7747096732170475,0.119838749689519,-0.045555858995377604,-0.4800606054146558,-0.24687715691169537,-0.08488205866586375,-0.2333117589737303,-0.5066294374791223,0.20640295671446746,0.02274783860569369,3
-0.6723370084995219,-0.0728112297496416,-0.649509400500537,0.10439334966449672,0.15841328318783512,-0.08600934421677009,-0.7414537802036518,-0.15585903095651563,0.23036400795355141,0.087514418446669,-0.37058099006189366,0.4809666523265774,-0.19862991985182168,-0.23558715799370133,0.054189913038547866,0.5228070858369885,-0.18374031167080213,-0.03484296753109468,0.10893601928658027,-0.457234561627812,-0.22408342835532888,0.18020883498863624,0.004159637960066301,-0.0630276487860709,0.032285184777956666,-0.1099103661952369,0.04559608853119638,0.03947737542339229,-0.05506132598075773,-0.06973212320617124,0.14487941313559138,4
-0.6660284917908681,-0.0033084031949837255,-0.7176750747244027,0.08187890104346376,0.1341742838331999,-0.04196705144293416,-0.6145926151904468,-0.17832392640813713,0.4048525901360326,-0.4744999461610928,-0.46605201965921966,0.512023230264258,-0.37925030735725634,-0.17927034374845066,-0.002064557545271794,0.1335172266088178,0.21744188069872078,-0.0011581902861307778,0.30031064097078397,-0.4998996769501456,-0.2979256143208221,0.20105535805473496,0.1823614637315421,0.01891247585255678,0.09597957491292641,-0.10287869450106847,0.11465406713438474,0.04433554489868435,-0.1819584072179484,0.016978507708236844,0.18958238717325188,5
0.6269539718077989,0.13750286366313197,0.9699719141129016,-0.051663139873011965,0.09251999549350308,-0.32878549668943174,0.05607067893576992,0.21388078789929657,0.15733636437846976,0.07969093618810873,0.425371850342811,0.20084941396814918,1.037547638783335,0.020673329917738407,0.026068943658419778,-0.5547759845444346,-0.25446703899857337,0.2164831489962538,0.49636470807273725,-0.8983564913014443,-0.15012900331146142,-0.8248165573447535,0.05278122943283382,-0.5545722552115406,-0.15979788901587832,0.11358485532240584,0.3499232707854833,-0.10597444835429212,0.04457332685002825,-1.6829607944602383,0.8499535512677604,0
-0.5522534346270832,-0.09443193849115664,0.6555697096491273,-0.3949057484154023,-0.18367596944156478,-0.1745111635676004,0.29264845163099257,0.049169572940545726,-0.21799638844992825,0.3672234494683384,-0.06734823315889579,-0.04540903332989721,-0.032711162405798404,-0.5095048359177462,0.02903432931293934,0.3229090467516541,0.13185764441667128,-0.008880326273501422,0.029671066662208017,-0.03717865489133703,0.006142402805669735,-0.1114856336445239,-0.05456811093506703,-0.0553201496555851,0.13492348314176114,-0.07732832933985449,-0.06750245656922106,-0.14918391958562283,-0.10758145274233635,0.016868521485032737,0.06086571788257557,1
6.167259433038567,-3.91815933844362,1.5351586062504854,2.121117522188641,0.18439084764658836,0.7923895999593233,0.4373443412875865,-0.9013367866455417,1.4191680097418529,-0.9728134947482173,-0.3396591844103419,-0.9891469824698699,-1.856338754690575,2.6302685797997243,0.7059920546278268,2.473688331905751,0.608336268481561,-0.37757743585252446,-1.0854683060774677,-0.7481897266023291,0.8500557549118429,-0.5578024987247401,-0.5654132730398286,-0.8216381350093362,0.42126791438945516,-0.09217286654352821,-0.25130747939021325,-0.4515620665487439,-0.6585100946780128,-0.0021281047818371276,-0.14732134755645332,2
9.64525528181404,-1.4012409569308655,-2.3141790937732947,0.4456764710528963,0.15768423258951733,0.63567543498184,3.9167154037002816,-0.9997387597702073,1.7452832173400665,-1.6718891877734157,-0.19441514446833671,-0.5191440638990421,0.8269717323398758,-2.455914057501376,0.3501549761883675,3.121216947924952,-1.8437799285618766,0.23097065119375818,-0.16719318528398616,0.3380438652089162,-0.23479161766817083,-0.615763504367986,0.26426110290948057,0.563990444916117,-1.2985712795511404,1.7183364625829554,1.3847829856983636,1.5819119002115603,0.7489535644957992,-0.08232223120663017,0.7745994725679776,3
-0.5277176500334367,-0.048047568581949876,0.5966370774395189,-0.3931972871182689,-0.1696518187065399,-0.11521815584545597,0.32480418500228675,0.007726849104611633,-0.102476713354102,0.20323005889337348,-0.0248457738463913,-0.051336154782741956,-0.002922836235187548,-0.2549817342131559,0.015388794719817748,0.18175518602169521,0.08404782808327461,-0.0176706705088052,-0.04721308169144568,-0.08926118419178197,-0.008901626911617923,-0.018440589024314977,-0.038913984273535526,-0.04020710876337548,0.033289533853455996,-0.12495432011566406,-0.04013165754767121,-0.06382124645312902,-0.139586332269281,-0.01400894507516187,-0.018297956423108677,4
-0.5213387631847664,-0.0523505104349468,0.6516692064787803,-0.40961894503515506,-0.17600127262425366,-0.11381224194801368,0.3676305210901373,0.005415798827490639,-0.11507018557191853,0.22764808901116124,-0.030092704592907464,-0.057827609431977095,0.004105952668088006,-0.25000503939976576,0.006775556962501116,0.1523942933869819,0.06447840455572817,-0.0156667873121808,-0.045777936439958,-0.07335564056508026,-0.03918103745100112,-0.04142458065677381,-0.049253378443855564,-0.04411822610295002,0.035651690956072825,-0.1259057761341992,-0.022516543511858857,-0.049192982161254374,-0.1326574679913088,0.0015470874959227676,-0.040651890048685226,5
-0.6256692244583895,0.00027942438181902866,-0.38492117689298616,-0.06838476462906616,0.06942704060934882,-0.06608870529610601,-0.4501242718340985,-0.11916404648798533,0.2816674673828919,-0.34037098923523684,-0.212100415554825,0.14960889843640737,-0.13386168204052118,-0.17999236935784135,-0.02662661885706532,0.1730456004032325,0.05199984068461277,-0.05027674264760968,-0.057018613411128335,-0.04143981824223955,-0.028451531904136646,0.05616392883115835,-0.02126325422118481,0.0020937048039251153,0.013947032615570199,-0.10086603828589151,-0.03598640105624257,-0.04203195633304551,0.05742851584359719,-0.021308442624327874,-0.020972588078685243,0
-0.6038425047047303,0.029069522594890047,-0.34309736458952567,-0.07799570638909803,0.0523653049276907,-0.054136240038327586,-0.368931486291888,-0.09105623027938793,0.2757271558817861,-0.4054935000442922,-0.15019603558383726,0.07138925798115842,-0.1014714608617214,-0.1412897688142101,-0.022527065920744396,0.06448410884430329,0.06577393292550121,-0.03730282501965934,-0.08742348455167426,0.030075741804420294,-0.010224031097436555,-0.010929439437883548,-0.009507373790337982,-0.01057653811003031,-0.06847383437843581,-0.01660443420088077,-0.06925112583228382,-0.1091814161412409,0.0782388655008318,-0.013888490688602317,-0.14926660843656636,1
-0.40239910368775084,-0.43367548232644376,-1.3555867899102254,0.9719051899123482,0.41219349088205315,0.13445231250608272,-0.37593156426838165,-0.09300634261716427,-0.3073234422920966,1.3113883026766686,0.014214651771244051,0.35919167874525093,0.21923735863499208,0.5479733783264266,-0.0679216709796977,0.004704281794440284,-0.5082606804963019,0.00837943491626353,-0.15144372389890712,0.04123771669298067,-0.1774974072172519,0.13481525134807817,0.029406500647268328,0.09501441792842498,-0.19796783388305872,0.14027092196097002,-0.11219648538579742,-0.10086266398064601,-0.11296125600825978,0.05308874250376388,-0.18895757546497172,2
0.47243229275057247,-0.4619646715930272,-2.184393351481336,1.1734160595717453,0.40619374776494255,0.3849668118594656,1.3575621748700724,-0.07090861996209905,-0.3132818383566809,0.45212643491883125,0.3214300150323357,-0.4434765126935968,0.09742707561579891,0.2796157530069897,-0.13917082554803398,-0.6164487935572037,0.39395125972065975,0.026286526900326634,0.16796373803032932,0.3152730668611205,-0.2989596280694859,-0.35537585153800266,0.10123436609226041,0.14423581168240898,0.3326629762121736,0.2590269184278041,-0.22675489876139168,-0.18799784452721763,-0.09070496867549231,-0.03120077303921845,-0.28376665092707914,3
-0.608171723407956,0.05514059659388962,-0.2928698988416151,-0.1170014244515298,0.04277468940328842,-0.01892915573474825,-0.30494692072352125,-0.10924145475213158,0.32673217252213776,-0.5085327809985486,-0.16787564283757522,0.06964563970428267,-0.1312722061040402,-0.1297007743614971,-0.061302339372313025,-0.03176004346999399,0.13204858399007227,-0.05346197763113736,-0.157738124559119,0.06503624242685364,-0.07141505246106819,0.03931213758661682,0.004936742637791841,0.015722962098010017,-0.10629729538149311,-0.030083523522734808,-0.03349781257476893,-0.07869453593347968,0.043269528252684486,0.0016345008932871037,-0.17719843633283286,4
0.9422332585887458,-0.6499744738407237,-1.612457300327937,1.0176977601135826,0.3029676076350042,0.27844316405359404,1.2743466999046518,-0.004853018883124102,-0.24865613006389184,0.3513857544902858,0.3551018082849254,-0.37174765433561835,0.31748166213947543,0.09725440247653945,-0.06294868332476876,-0.36941057654219295,0.28097674341552575,0.03455883263063673,0.13582247581559953,0.30964518616043507,0.041362442773862605,-0.26005005434254785,0.13438071993285708,0.08515458382633291,-0.0950991426693487,0.11856969154580438,-0.14399744304398032,-0.17916622379699032,-0.1124365416236463,0.0055902017245245145,-0.18938483385946936,5
3.231577571925554,9.746224458399036,3.338017639982306,4.109650186501937,9.105747026531724,-4.8373154190904994,0.4610372265491317,-1.113773378272008,-0.6045469836862057,-0.6626966911369899,1.1924428102386608,0.23109343373911048,-0.5691225686894512,-0.011866388213803414,-0.05719874338902447,0.908917879803266,0.4115950488015926,8.826421203554565,-1.3004281036133956,0.11123053087878171,-0.43636753832622405,0.6634352571436748,-0.9524621870217713,-0.1730984049451947,0.5236329186667441,-0.19468708166301404,-0.4513275320921122,0.19718262323090574,-0.08132805409874165,0.4895426339643831,-0.09745398903499726,0
-0.45414125104975955,0.015705504169018652,0.2837349158682592,-0.2933417424109275,-0.03612136421726795,-0.07081437028146992,0.018039309688064643,0.0049477224311259265,0.024872532371393363,-0.097621328541525,0.26489872409972215,-0.4821774597183013,0.2828093634414736,-0.06558600758501555,-0.050766725819161786,0.03514858083063091,-0.04305041134837657,-0.03897605257771134,-0.1715842552000128,0.12336260351147746,0.12586944237541436,0.017340780905892212,-0.02604139335876314,0.05583828272638424,-0.24930611687569423,0.019929801422807134,-0.1460007875682375,-0.11463493894145657,-0.03636676548134539,0.08696318067755099,-0.20520415909971262,1
2.126633444093427,-0.7096808166670663,0.4730432364385238,-0.14016659744467633,0.09056937494208701,0.21619757216502827,0.06862717695308569,-0.31569381726778545,0.40633245662984097,-0.3188597194874123,0.305383201508596,-0.8518087465987308,0.2336119333234682,0.9727213310006861,0.10994169468434449,0.4211648343177921,-0.24560939553606612,0.11470253915798305,0.021131325483467963,-0.07713887527676412,0.004321126215257328,-0.6435833522195604,0.17626043206006034,0.3428043141171658,-0.4039884297248827,0.7969307405737408,-0.16153628988933294,0.0690557459977411,-0.6643158117590173,0.20717580990012302,0.19011739533444957,2
1.3657912031991788,-0.4915514975540016,0.4404748841515178,-0.1532706303290422,0.025870927941728218,0.015265500198966477,0.023381789357030905,-0.07820356141738577,0.18026018402701283,-0.2454828184667399,0.33898672346760916,-0.6543824049250527,0.5110993659406795,0.5025846433558661,-0.0121247551877472,0.01048885516299499,-0.3308728578323793,0.12437755560175794,0.2237836494616523,0.09847846203509587,-0.047346289259574445,-0.4283490389820078,0.25895942511143566,0.3882831981291439,-0.49568519657791066,0.5957299384909278,-0.07136110805304167,0.02710396048853548,-0.38737518025961687,0.1334735857399882,0.14686494264685648,3
-0.4653306181971363,-0.01710583794445929,0.3161527589843668,-0.29475534748095694,-0.061806912845504984,-0.07153101374792677,0.024742283276561392,0.015558897118098488,-0.0017405594869403702,-0.03931898555340991,0.2503494384363209,-0.4767033534322062,0.25486392516222217,-0.08871961524324509,-0.04753649102014441,0.0745958331631077,-0.04396840005516105,-0.04845104919282049,-0.1853219041302981,0.12077682886338001,0.10960132268731688,-0.004276538033890518,-0.0284789309622985,0.07116515806963802,-0.23534908868110402,0.06102235908108693,-0.15220748586562094,-0.13201838390207984,-0.0469409682042506,0.08918605210874302,-0.2553308168024751,4
-0.4215347058453085,-0.05605467278563438,0.41114519579644415,-0.30308845955534924,-0.06730281741916876,-0.07892343917345274,0.028043923886350658,0.023390180932725418,-0.05721811407708637,0.02162440873826693,0.27323902064153444,-0.5600264993811389,0.2908624808801744,-0.07928925870703153,-0.04943340606988579,0.06494115493196322,-0.05199270737402447,-0.03799940547431633,-0.1303478891686486,0.07749606482311935,0.0819754088948598,-0.009577662204449661,-0.025409010945187025,0.09321774390236702,-0.21346760971423445,0.06427028630131083,-0.13230932600689518,-0.11107478733287526,-0.07159650991269692,0.0982355785208914,-0.19855725348995196,5
-0.4672709521536031,0.2775303163000743,-0.25336215973868886,-0.10392249295786384,0.06655488465694377,0.21939207744632297,-0.23345038031294335,0.035966425260419564,0.11523979769839769,-0.7775000364482206,0.18910132390277962,-0.16034110251837103,-0.1375374608254877,-0.005981205941659631,-0.21473149838875347,-0.2473654753209256,0.11269968590075044,0.09210087925443691,0.1493597100320018,0.270154543825247,0.7441153135900104,0.18247810017664587,-0.1814049381446024,0.21969026108276127,0.3453757891387633,0.10545739785366585,0.858237683625702,-0.09799609652508323,-0.24881832410015398,0.2100710826319267,0.027649718363656085,0
-0.592299078643912,0.05514972301867996,-0.33537074550110624,-0.07879714984202403,0.06639802340699776,-0.04124362627822792,-0.3744423857786083,-0.08338280500603099,0.2860807666153607,-0.5053177645828182,-0.09159266416203572,-0.0434420613832184,-0.05678484862614527,-0.11353190779138665,-0.05468571201320442,-0.014781049252325157,0.09082310352037856,-0.04831564954298053,-0.13464261520181325,0.12701319099082312,0.046818875513369426,0.007217407508266687,-0.048483257710662774,-0.002320857420126367,-0.01127069698174372,-0.10281023824525987,-0.03034975440505957,-0.032742219943716545,0.1351845243331875,-0.018006840140280745,-0.015951718531870236,1
-0.25718699313901267,-0.42915779171200086,-1.2043489086243386,0.8639280439209379,0.35599250710074604,0.15308090060869955,-0.08913643452854139,-0.07811622307366232,-0.24303432603144062,0.9385169752667022,0.13488575778962067,0.05691779538629955,0.21589944618850532,0.49959938811137733,-0.052007254012038026,-0.20672526210282255,-0.14098424642275054,-0.013159443569799296,-0.18108825531578543,0.25457939759333886,-0.09186275479331729,-0.04558649961992779,0.04721263697237162,0.12643040496685296,-0.07200579175458602,0.04348335545140896,-0.2059713873053851,-0.04441966137323019,-0.1335427677481275,0.006029300009816238,-0.031975633485956216,2
0.8515627988125488,-0.4489089059339981,-1.9520618731533383,0.9976354560849753,0.29957269326087815,0.3338758174435379,1.5272585644784813,-0.02599036894034057,-0.2565381397146052,0.19150681161589914,0.3394039311759499,-0.5621836958741699,0.13138374100252487,0.043668490437276025,-0.09725359865399291,-0.46392322069035596,0.41370483382618195,0.057499781510414266,0.20900956086280226,0.2933957156758101,-0.15701849761417247,-0.35292359509947774,0.08597870004279874,0.12536593033617732,0.11678187057744928,0.2847426947896935,-0.10255899443565984,-0.11812405904031853,0.024377585587362523,0.01701400152140965,-0.23926716268391918,3
-0.31221825613367393,0.5843409021024358,0.02556799948646684,-0.021682010545940423,0.4364709887811582,-0.015692263014444176,0.13555059343522155,-0.14684813331865318,0.37363233355822273,-0.7927779337250318,-0.12119780187491207,-0.43415271548481194,-0.03442543557064239,0.1201953806521159,-0.1500507360211437,-0.6696502373446571,0.3438107602787061,0.5099129949551224,-0.45976378586682953,0.04334282117000056,-0.2876609841881096,0.24652699803355177,-0.046149008897058204,0.2924344881345568,-0.9914296118113043,0.38120798569116354,-0.11804861700417588,0.5571577835487821,-0.0035148007309928845,0.5076170948119921,-1.8546581024351874,4
-0.23597475791877415,0.19144185836721472,-0.9522872859723589,0.2823172881409015,0.08319445287853679,0.17384353743775952,0.19845346044640477,0.021453150961420437,0.05340699849776682,-0.6692634107505586,-0.03317442583836132,-0.36928461334067064,-0.26211866374851595,0.06519135609341052,-0.12431534550218523,-0.5806492853342585,0.22515250055710295,0.07236947684490165,0.12529563167962518,0.14549357439549526,-0.24554560530043495,-0.34798433792514344,0.03059070664016839,0.07101813188808649,-0.07392563834006487,0.5389418092500337,-0.03220087309944953,-0.03703751846246605,0.031031851709476095,0.1529078034677713,-0.33252133648106685,5
3.787019038072789,13.774913594157841,5.67484915910654,6.009626813814283,13.358117288668087,-1.910195487592622,0.8851464609254132,1.1364986811199198,1.8182886200041253,0.8140175088441072,-0.7299727368901741,0.2655572046082297,-0.11311233172872857,-0.38823495642732225,0.09824594590912411,-0.04543520564630136,0.09527869770983635,-6.53467017242351,0.8537902669351884,0.21702310922023751,0.2621247158721489,-0.4507658413400504,0.4480552840020865,0.031052003186343675,-0.13139681197840083,0.2157726751430712,0.12709581953110594,-0.07323049515349418,-0.07487619813442978,0.02655767365799119,-0.11506860772051344,0
-0.440681451577742,0.03020373180221071,0.242139850721106,-0.29481303803076647,-0.016728056902424952,-0.05418743824124742,-0.029433503603283093,0.007873246134586764,0.026071274147674215,-0.1469975846589405,0.29481039565078077,-0.5408064654767873,0.3156216721385909,-0.037730721518695776,-0.06710453089489686,0.016555367758900503,-0.03895122215118239,-0.03891126474015726,-0.1829602417638932,0.1620837158565263,0.1822584226425645,0.06918973870430341,-0.02961562295851509,0.08887312573509022,-0.2170246184193519,0.030725786088939368,-0.13203304893632428,-0.12251242681780478,-0.030969468186330423,0.09123896352669317,-0.16641181567580923,1
0.4759295145364013,-0.4161038261399994,0.5437109198168845,-0.16309136534743143,-0.004178980265522007,0.09726838591522398,-0.14788620248036805,-0.1277778946533232,0.061878721185606465,-0.011351813934562555,0.3522918252776021,-0.9473009358104786,0.13998805467871328,0.7241597262958094,0.02521549214594322,0.04239076290149315,0.06662779448334598,0.03347790134360784,-0.06642209426547975,-0.08287893754859545,0.06615216984053214,-0.3177010562280728,0.04992910066458691,0.27319672020941244,-0.36427897735578724,0.44194955827415494,-0.21182127864055192,-0.028398975541342752,-0.4418236438125947,0.1042900415622493,0.06276598075655454,2
1.9116103025639604,-0.5048032514199199,0.3243300140157679,-0.2228801433867569,0.0629214753514005,0.07499117521500351,0.07889134669768473,-0.17901258467043288,0.3202336136102457,-0.3061994208398245,0.3371485978865436,-0.7058972500899274,0.5210543018339568,0.5696414410089904,0.02409347639091938,0.16055245238386767,-0.37154294334567434,0.1557183463917336,0.17715584419369187,0.11448109362297629,-0.025524423332959,-0.52444093511736,0.31070862762833434,0.4612104391835946,-0.5644276465402248,0.744601868979558,-0.06168128427484836,0.08570167859831795,-0.5371812380649026,0.11807283227587065,0.29113713546252146,3
-0.41682503020558337,0.027925444177217224,0.27199981923657013,-0.2973187142632307,-0.027183411221569684,-0.0353310023303496,-0.01699431387939761,0.0021968440714625415,0.030408830590011315,-0.12816750720767286,0.3173058868580039,-0.5574305700551526,0.3280246231727378,-0.0002766739696082347,-0.05868894946497263,-0.0029967432815585678,-0.04818591143542848,-0.044013946167692844,-0.1771790770296251,0.1260518524487986,0.14436876254501246,0.05765481547347885,-0.03219520730456416,0.09713668963448827,-0.238610810197254,0.020991511884203517,-0.15117211151802923,-0.10146875801801923,-0.054773112432144506,0.08997248741138626,-0.14753584391196692,4
-0.3366815695465393,0.001651431910610447,0.4043485326679795,-0.32536651305280445,-0.04588418412203032,-0.05058000202337921,0.034120734632969135,0.019350085532569707,-0.01971404716237243,-0.06778434834878383,0.3455784930413563,-0.605537597814067,0.37620992094155575,0.09850173396475222,-0.051488355160981776,-0.019980234118604466,-0.09796622604065607,-0.021297260982358682,-0.0940946146521478,0.03611882990768492,0.10392910586866629,0.02959260568792378,-0.001216486151657978,0.13136686139150258,-0.2678844997374495,0.06909691962134508,-0.15805691221520443,-0.10845421642298161,-0.07885661828498208,0.09051322253750824,-0.13000505493935122,5
-0.7889461744433248,0.06616626174222846,-0.5260842470610511,-0.1646114030734306,0.1166886693517708,-0.1334240025835106,-0.931390236164777,-0.1875258062757492,0.6098831491980122,-0.6902591471107661,-0.4512354044715168,0.5225372009133068,-0.5181582345952294,-0.7068824425559307,0.013346435561905675,0.6438496841793742,0.3276761630643626,-0.1923104112676335,-0.2720231444143794,-0.1975691300432792,-0.25943553317518775,0.35510179527065155,0.06173499677727596,-0.4789772081310553,0.6773204342288979,-0.8616432103177825,0.2715204325162598,0.6157843117022059,0.4083057297029593,-0.675322342171584,1.0656006673406906,0
-0.608532387263541,0.06476226298009922,-0.3456625738060546,-0.08660301897982631,0.08531631754111879,-0.06115495488489039,-0.4476388411494645,-0.09380977220281393,0.3073034220802749,-0.5607677673206599,-0.12303039242925377,0.0010348841499120353,-0.10082254224707168,-0.1753967397501373,-0.027032590034529996,0.058143209452800416,0.12503306846597584,-0.048884261628611855,-0.12204250131649519,0.10578875502926902,0.11033385821212502,0.1077265504077635,-0.04991852435442726,-0.01807361110746995,0.1283691259043132,-0.19042386724156202,-0.027288056567906963,0.10959025648759763,0.13600887255478358,-0.12393954118718384,0.11946816150131832,1
-0.389904948506085,-0.14286390956851874,-1.0514324569672804,0.4187442692318259,0.23992450474228366,0.09689133577054011,-0.11828114574898349,-0.09399462432307655,0.015741526586557003,0.04224799157959783,0.045600973266090764,-0.1317261209597015,-0.004811324362937363,0.3186892993639905,-0.09133929786182718,-0.35285133032737953,0.10558643728149962,-0.009962975564612642,-0.01680378283225194,0.290139836853423,-0.07401009965346574,-0.22340695295477522,-0.018701892130995375,0.10029897460670126,0.23402213350091713,0.047424468056219624,-0.0628397496993571,-0.0011759280789459432,-0.03610068287851023,0.08286615004169308,0.029593524428589348,2
0.06996407899967004,-0.16081394407951938,-1.363209549090907,0.5268208290871677,0.2259520539169369,0.19288795977051404,0.46050815621301705,-0.033326550150615225,-0.14197828089191875,0.02698081367385639,0.22338212183051692,-0.4751672653212876,-0.04904010033406555,0.37868759019742126,-0.12695761807584383,-0.569741242461109,0.29287853484119386,0.014224192408272657,0.03761612339018284,0.4927654157477029,-0.02491578955549742,-0.42809234644633837,0.0075479520681637855,0.10854724887077616,0.263410792587667,0.20073786836120314,-0.18111723220705894,0.047890565801467146,-0.1596790836203697,0.0733289532605658,0.06737169675313988,3
-0.6078266551853314,0.16510085209005687,-0.3833949493653591,-0.020069247252506826,0.19894830589087506,-0.0814004033925119,-0.5397412897329849,-0.07275141162233012,0.38737067031287303,-0.683686546601833,-0.15930881668054706,0.03694859153155417,-0.15953484966595805,-0.2456115039413986,-0.07535929316836881,0.04532156527181761,0.13997044782032642,-0.10906231148226296,-0.18764630343604785,0.1334144771308244,0.07942675873547098,0.03749775067014014,-0.041540534578002455,-0.19174765419107428,0.1787716312351784,-0.24964669826260708,0.09862343734012195,0.042505274810088305,0.2493886799983384,-0.23223253835616772,0.23210238332141597,4
-0.502913633170293,0.21308267616018572,-0.38376226126322177,-0.015109288486106045,0.07941569909881818,0.08700053412283038,-0.21621004090971288,-0.07180551980613271,0.26570801367409436,-0.7946814504337448,-0.07583821648296171,-0.1352974035293731,-0.1643855745089069,-0.041486983083940214,-0.08820899035995021,-0.3340074964819411,0.26096489861499084,0.016961691432664697,-0.04132686732818752,0.10529997314832971,-0.0355153577934065,0.01626680603562905,0.04502145115945703,0.024302144814567855,-0.050011312364081906,0.04675726066663972,0.08949520287890651,0.08264820765135376,0.011819929799730131,0.05821880888654043,0.05565413736547998,5
-0.37451098245286374,0.04516944440823008,0.33268064951324516,-0.3354087281743237,-0.06455126120265836,-0.05225755496408812,0.04480641515698008,0.04252206883173061,-0.012578933249003667,-0.14905641867331973,0.3201235295655762,-0.5151117075492639,0.33777220590104245,0.0980327276182155,-0.06418455976595736,-0.006216129717380051,-0.05906930915753288,-0.02867254829515721,-0.06510492527761155,0.10533578536689829,0.1952344585644121,0.14158220886871709,0.004321662528482407,0.1268615813297304,-0.21081740690948875,0.047299419051209046,-0.10539429114653108,-0.12896794164563152,-0.0010722336955289323,0.16364389837188434,-0.10637042750391096,0
-0.5711158038479042,0.4634812199885544,0.6485410464925786,-0.6320012354750599,-0.2862485568249534,0.7112056698186615,0.43154121378501564,0.3551792223425139,0.5352894142680996,-0.5952763614770175,2.2300317249806993,0.46691624577947605,-0.30421561405029135,0.022093559199013454,0.11148921843130691,-0.13618077354827443,-0.3081213777001221,-0.23083826739794544,-1.3022122144177013,0.812586395540685,2.5826756432887503,5.522274787794248,2.3769264980694538,-1.3512428486985626,2.917620010516261,4.680620133849796,-0.15801786061735887,-0.9480685676443374,0.3351737753056363,-1.5211852953434832,0.13339483739269106,1
-0.013736124763138173,-0.37017884567440074,0.6013847436530142,-0.08723205645575689,-0.06619258508448651,-0.03492310269237332,-0.20033643651280103,0.055386862664740875,-0.15431371100840025,0.15639451362856394,0.3582236981970196,-0.8216592317490955,0.13114464841712126,0.2533079976098254,-0.0015437702797006605,0.0256298553132269,0.0956753002834629,-0.005051403825848153,-0.05787450947626482,0.02721681694765829,0.04981850255353765,-0.18091107833601586,0.09131621733375399,0.2314689980227389,-0.24961646345294355,0.30743656473829173,-0.09703248232249366,-0.009808340311039289,-0.2440600106653182,0.0810639140472984,-0.05138077716840501,2
1.5235664217588638,-0.3486011196639561,0.4511254164307872,-0.3194199913533287,0.05068704838706752,0.09344951978366063,-0.012730864221871304,-0.18415756668970296,0.28441489917814644,-0.22485968861786795,0.3810989076209381,-0.7458907366877958,0.5185563578756318,0.6663938709812294,0.012656680559719512,0.03886615691634531,-0.3265392485119504,0.14211529768897607,0.21919018424985656,-0.015448491491414598,-0.0674410421773435,-0.4427361239262817,0.2579250577565721,0.3871358738799684,-0.40699323074926164,0.6452216152363676,-0.10329263149150683,0.1039337441351588,-0.4728096188172983,0.1838808717111561,0.2635478908539669,3
-0.4434605616163244,0.004720911597715722,0.2777661829361733,-0.2923247147073294,-0.039195158068393285,-0.05255450304348353,-0.01716548771483124,0.007685131929029136,0.017956263597734043,-0.09808415386653455,0.28783335653994097,-0.5324240717693809,0.2944127336842256,-0.051438794318629945,-0.05703512342175115,0.03842825451673893,-0.030739006999650164,-0.04834990075000863,-0.1846022602647284,0.12309124306703376,0.1350916494548068,0.049666502025706216,-0.03514289748207268,0.08070594291264005,-0.20915378948938254,0.014216658862781993,-0.1465043593267761,-0.10145206919484613,-0.05688751178054097,0.08343088874196856,-0.16049289977690243,4
-0.3637958971949368,-0.04016712250871565,0.38872194256257914,-0.29650456111057655,-0.05049875192170284,-0.06371100156598579,-0.013809848693240909,0.028484498356638816,-0.04925450239522491,-0.025490118493585293,0.32795351407951784,-0.609595723182249,0.3497889652127103,0.0062320057304613985,-0.049795021819507956,0.026293853513458493,-0.056891775450375444,-0.029294526112174816,-0.1070605085846715,0.050350081968372616,0.09124654483831428,0.0037250382137795648,-0.012463093328136315,0.11398712901230282,-0.21855677385007483,0.047460440280900296,-0.1472327275284929,-0.09664101169053609,-0.10366494328084848,0.07399646171063959,-0.11029768779243385,5
-0.6371039030294741,0.02874307490180331,-0.4063492402674282,-0.07884642705380673,0.06588828665667183,-0.046366895471315714,-0.5497066638540603,-0.109320301345586,0.352022357681502,-0.5113193460667257,-0.16026594577726666,0.10231354557373014,-0.16163975114918838,-0.2419337672118388,-0.0016085273721561746,0.16544845384839468,0.11804819224845306,-0.07449402656962448,-0.13824722044117688,0.03611223355693984,0.10126428828314632,0.26154446898216777,-0.04453232528090321,0.016947813964046488,0.3083338433502935,-0.12809260338369988,0.008821860480774353,0.1705202946693522,0.11172112638149444,-0.280088759792557,0.2323850069756168,0
-0.5559392659118949,0.05047396837991816,-0.31167793329647087,-0.07662869335982461,0.0717039669057883,-0.016251351453999776,-0.3184446473497593,-0.07381059368681148,0.22856602113773233,-0.4512221684852427,0.013132489317993651,-0.17691310279743835,0.03037825666025842,-0.045686942072508736,-0.05911219203571143,-0.08667086274351488,0.05288368734596106,-0.04419856996083562,-0.1910098336258238,0.2088373779703404,0.07671625005264815,-0.023876093105650392,-0.07409627233216981,0.009114005098427738,-0.025875603626881936,-0.08423126011481738,-0.040723663749555716,-0.017217232890953896,0.1299786016876842,-0.00306793342971371,-0.01375594035347842,1
-0.5455084671779976,-0.078855354015944,-0.7282666010587484,0.21637937484670736,0.1708623653394587,0.003506400543939949,-0.5458206372442514,-0.05756126211077849,0.14015812633881977,0.1651271510215831,-0.0034175158992076223,0.047147237295248175,0.12279278292391521,0.04676022752397204,-0.11212041960806887,0.019498368641420558,-0.20408075387690836,-0.05573850780178248,-0.26008621735293075,0.1663370685523097,-0.09824812108393671,-0.19834896643712452,-0.1614634668375416,-0.08507668510838791,0.0792349180385301,-0.07942825241972354,-0.11347102419674297,0.13028281890458773,0.12316281509354318,-0.29737146890068367,0.168611709105158,2
0.8406567527579849,-0.349632416386141,-1.4947290403081543,0.6430433110587412,0.23603404198756273,0.2345506485419255,1.045627518281801,-0.023180182938207308,-0.19001651137216602,0.13932592008753608,0.3555188807460624,-0.5414385748929104,0.199164508916797,0.12984279762034728,-0.05778598833352958,-0.47488730068795676,0.32254113184266814,0.07055718184145753,0.12492490131666016,0.4349835202840945,0.044997059009075545,-0.4145463262553693,0.0520268304382384,0.07779681183455679,0.010657966725192388,0.21522562705238912,-0.1378245364064299,-0.02400028378094117,-0.15865703342746118,-0.01092626544315734,0.06289661524444863,3
-0.605723079034655,0.11971720032930727,-0.3269618299002181,-0.07441103876218212,0.1250933320129433,-0.035052414637557774,-0.45708103878953094,-0.07708201002893299,0.35376704784934876,-0.6103654474974162,-0.09953436651507973,0.0177664579178007,-0.1343620766965821,-0.20415922396198835,-0.02885744568890704,0.028926146527955388,0.13469572160461896,-0.057342527337945884,-0.20358203022318924,0.14352099963022602,0.022891271894661544,0.04080074288988102,-0.07693714275524266,-0.06986562624775973,0.07783689058361408,-0.23814346271204073,0.007912741961484221,0.11497253280376299,0.10680540621998598,-0.12219677308777663,0.04337957231925275,4
0.7493037962509205,-0.3094065313501477,-1.4444171397686056,0.6578638930254309,0.2094124868419799,0.28202381555667083,0.9798068163920692,-0.04418962354204651,-0.11547512669883428,0.12985585150832493,0.34652665493457663,-0.5520903924462215,0.18353379354102373,0.18214039491657602,-0.04976910582826303,-0.46205216266308086,0.39282083078951147,0.05536883493740095,0.025390128139566596,0.3750037187330524,-0.05017570214005676,-0.4530502713350576,0.09122515221920116,0.07646938646132971,0.06280290162731836,0.2786128829471776,-0.22633527730647487,0.08196498947388971,-0.18697455719425718,0.0049369941681048045,0.0946485562998309,5
-0.3429333269419869,0.1196319273515931,0.40058883238154613,-0.3923067119919137,-0.0854705522673981,0.00022300247320220366,0.11820453815783587,0.03465268750856453,0.03437199114526005,-0.17308791962246267,0.3841474447223246,-0.5029657238037387,0.37192318691361903,0.19924150490538844,-0.06524013055629481,-0.07213318656756545,-0.1088219500265659,-0.04130106132761684,-0.05395027783559694,0.06768099687645117,0.18417525493020803,0.2588013719437816,0.036573325324736054,0.11503706565122072,-0.24184690773600767,0.03457887463735027,-0.12291689038998153,-0.08140125388059295,0.037913312492428485,0.1931359062904989,-0.08148685384487364,0
-0.5060664766860542,-0.031902658599495114,0.30964350641143706,-0.2934667694596121,-0.05391871959114357,-0.10675972664420848,-0.0512917440934045,0.027437431089013697,-0.048343684329535466,0.008009137914024066,0.24778468545917678,-0.5294507840222965,0.2732572689034085,-0.2507577375604497,-0.05020093201507151,0.18112894805716562,-0.006825806651356654,-0.06563378057566628,-0.1893690583602733,0.1415182260138623,0.137757100712151,0.0283006946942374,-0.07161368398885821,0.03388699059545785,-0.117995327749832,-0.03306280291557694,-0.12587199246973974,-0.13186977134001815,-0.045467571088401104,0.071287918646971,-0.15747719633729496,1
2.8056256393261134,-1.9706437693818266,1.305445592077272,0.7258180633112694,0.08142758513835573,0.21610488726684982,-0.4528561649972627,-0.29728780457049897,0.44994072232596594,-0.192286838755133,0.17161337573948013,-0.9964768971292034,-0.4019082711210436,1.4783707329903109,0.225202808593672,0.511720112031406,0.22844468663162398,0.009604284570803975,-0.2069118890685219,-0.05886110461623257,0.20605427207205854,-0.6660829778704546,0.028490551174949218,0.1893213059476994,-0.3566423954567611,0.6903411947028167,-0.3640245231743581,-0.1447283161388137,-1.1084026281947397,0.09277061476428415,0.1949340487937687,2
1.8704495069943867,-0.7805095173000045,0.4712258100427417,-0.031104056848393697,0.0609980247577198,0.025358820323037018,-0.0591512869438419,-0.13955771485268265,0.28558168329944683,-0.2088989133376673,0.3491583043174702,-0.6603159972819398,0.5023520939349595,0.5131202675898384,-0.0055154424284604405,0.03640497348899299,-0.23573118113416036,0.12691394700638006,0.15978208656657464,0.17386579857169912,0.008739406934669451,-0.49548935722316956,0.31106008706481897,0.43748560917743584,-0.49673989676602615,0.6421617932191764,-0.11357549818360739,0.07534626070201762,-0.6370768469759782,0.1311207953450922,0.2925882706295866,3
-0.49437815040298255,-0.03779833337901402,0.337870366615468,-0.3040714629438568,-0.06906992504058265,-0.08416373342395274,0.00020294403479692913,0.01569589534520229,-0.031108004123468275,0.008382766146654692,0.23791778008716488,-0.49373937249106487,0.23311123564648253,-0.19746052651525475,-0.04257699356987861,0.1381473217462427,-0.004759776623179571,-0.06209700980162162,-0.19736412190551547,0.11554001907148176,0.10518954003635557,0.036574199654126,-0.0433214911286519,0.039513782035365465,-0.14356982347837885,0.00024599351051347445,-0.12660657035212666,-0.10480163298335822,-0.06629527981517169,0.08542274138240163,-0.19269607023999974,4
-0.38671835166930885,-0.07337464037317225,0.4103983444549517,-0.28587694616657994,-0.05033149572592072,-0.080188387340218,-0.033667860324843916,0.029625306847010185,-0.06921916196670816,0.02845535532523768,0.3230587279160055,-0.6286339321767863,0.3290028911825165,-0.08848630164234068,-0.04631350992580041,0.047748679239726186,-0.04094578353429324,-0.028479189443215404,-0.10316609045220754,0.06836177309545112,0.08177571775455196,-0.004556556294006835,-0.01202146886033322,0.08226997295931061,-0.17954061051143363,0.030721833359033175,-0.11557863256696851,-0.07366801156222388,-0.11312633642645176,0.07461476625315135,-0.10843869694114587,5
-0.5223543963449484,0.07909375334090839,-0.3564029902894393,-0.02531897382199429,0.04883787334600584,0.02903353648873339,-0.27958210564430686,-0.056569198462799106,0.221247138020145,-0.49787587204404626,0.0023379873924274457,-0.12510869021016183,-0.045721067888016144,-0.03204306162249085,-0.026436843021377734,-0.13064088300726753,0.16694623724735622,-0.020588182174579507,-0.0842114867841677,0.06679305882902628,-0.016351100247397166,0.00524528719264105,-0.0057505516069517055,0.008899716042277819,0.020419772673412218,-0.09984215406646618,-0.03323240618397565,0.07560198709723213,-0.0021166854279831633,-0.01969244353761358,0.14992863092698236,0
-0.53614222483157,0.10012207458257358,-0.32036322555958857,-0.0678050535225135,0.08643406894892781,0.01746821532571897,-0.29902824338992606,-0.07009553196970565,0.24539840922903547,-0.5628009554919662,0.014484041988509999,-0.20666599193208554,0.009293955796703706,-0.03499701164173514,-0.07338209493518384,-0.17013349748130702,0.11421952626412707,-0.02745590759295629,-0.17535141598729684,0.21478080093425142,0.07067651797156471,-0.018017986930055824,-0.0729337642678756,0.02670091019955056,-0.009044449436310427,-0.08738936038093145,-0.002149353696036916,0.025339789121931442,0.11043709586308974,-0.018871879324291397,0.0590354152153177,1
0.06660540331692687,0.50434037082046,-0.478800052233631,0.11810652942931754,-0.6484549119237218,-0.08205303905626013,-0.13634952715765145,0.5532521114812751,0.14099179296518524,-0.541599556666404,1.9537123598156982,0.2841594721008922,-0.5025675995891186,0.4295389562278352,0.7948607923675973,-0.1802904228805339,0.14762144542040853,-0.06717500430761189,0.4758172428068318,0.6070179741745487,0.866150277112258,-0.7593773887762225,2.948727488338421,-2.8610051216516568,0.1467132991090659,-0.26678157796071406,-1.8995280276414923,3.715335895462034,-0.10428314007986765,3.025435538783479,1.6594530814865618,2
0.17898160545155703,-0.43183553072891906,-1.3739278113412159,0.8069255179378234,0.3601808269021302,0.36437364917431136,0.5437666924696876,-0.15217663471640472,-0.16857622810250997,0.4939820269922368,0.2683109150011378,-0.32184252769522054,0.1788097536571054,0.4424257651395136,0.00925423047711633,-0.4738179735167539,0.39017271787740737,0.0001026064411180639,-0.15639105293369374,0.3376483688786219,-0.17329333663769808,-0.22410187718670477,-0.031780346037873324,0.2875503003215008,0.23056462448611773,0.062134600757032504,-0.22369668731401982,-0.08624968804924614,-0.2699397636429849,-0.08678171063957545,0.11814896888413166,3
3.639091995137638,7.709088997329495,2.1591039680539543,-0.9490653239820964,1.757728916056828,17.108877915699455,-2.3605145741753635,-3.883653596231154,-6.382789864124988,-1.2502114731055272,-1.2311261495317887,0.9498954868043217,1.0284094563371011,-0.7629652821480931,0.32575694723145127,0.9075044989818339,0.2360246790089726,0.8051341053087743,-0.2996891301071604,0.1982644506168319,0.09448169162363532,-0.26712870725896926,0.08918726694354603,-0.08210982483013654,0.03970624223431068,-0.21696717514515326,-0.14506484484629714,-0.12583262953637805,-0.07207858259512243,-0.07201228795205866,-0.055052986233986245,4
-0.48958150615383955,0.060355258429868476,-0.8529754394727594,0.20491053873416498,0.14144544370281506,0.03603361470060751,-0.29099501978129316,-0.05500297704599365,0.1730626992593772,-0.5513536765016595,-0.05487618118274055,-0.09792374669117224,-0.1514178685194744,0.10303180052301857,-0.09462714836259147,-0.38976241868940725,0.14989513465917711,0.017869183632135167,0.053887065977280664,0.24141186538975276,-0.006003059484092989,-0.2203179990885603,0.005079590509949697,0.00020425681585883908,0.21475505986514032,0.11158713386517655,0.08690757256861455,0.07019346047779927,0.04203663925216735,0.11743387680631708,0.027703301057476593,5
-0.3477044518959135,0.2778961331683882,0.3268308080316859,-0.43843351169784867,-0.04437092803064563,0.1867319290378433,0.08703934353034258,0.05397608482690381,0.050140645557206764,-0.38212097471513884,0.5713234344429299,-0.4783765294479356,0.267387920385052,0.29016691239287795,-0.17773362850192606,-0.15468100211076646,-0.13426532532220725,-0.005144421178909602,-0.11706481608575113,0.213640412732119,0.7157554162285311,0.8769246560459966,0.11711249519315921,0.1296835954411195,0.12215726153071678,0.4936666550024997,0.11458535442319807,-0.1613648835970887,-0.029042181530779403,0.08211712054388184,-0.14105057805237126,0
-0.4766885425317239,0.00012059755762624384,0.2640447855560365,-0.2849810914689515,-0.028601721970774967,-0.08437215941928328,-0.07952442197579325,0.023555033005753078,-0.00455585098027782,-0.07549049055668011,0.30114562729746097,-0.574529120182599,0.3186792737160301,-0.16353053647372187,-0.0636862715827572,0.10748989122247547,-0.016119572662321065,-0.062216912373755796,-0.20749387533599858,0.17073827549747975,0.16285286640200486,0.05456405635715272,-0.06261861539213844,0.05669613122659051,-0.14068230595003375,-0.0296271564787407,-0.13072953826465775,-0.10621958635336834,-0.04756096099336868,0.06920051635761536,-0.13233236662470554,1
1.0546355188528744,-0.8723067969819316,0.6606129969031246,0.1575130919431613,0.013266641001822333,0.11237764049408781,-0.3021281648385247,-0.12188137766527701,0.08308915980486366,0.06709203297970855,0.3321041863539965,-1.0333735842675336,-0.1264582057404581,0.9924112618207719,0.07685447971422157,0.17955241900951982,0.3230240070818843,-0.00606725431891904,-0.15055972619443173,0.052504755829368185,0.15155603055691913,-0.43128577264967466,0.11352549059923533,0.3028374338521328,-0.4523911197499598,0.5384157916139004,-0.22134186332735087,-0.004815416394361867,-0.6481684804022554,0.08137372181358304,0.17823925484884867,2
1.309800711386702,-0.44086628565002695,0.4456897752271061,-0.1819709434843415,0.030273692645036352,-0.043593018431875956,-0.09397744851400375,-0.04086006919088234,0.16028800899901194,-0.1917510043294991,0.39805186964866107,-0.6616120317086215,0.5785302845669488,0.4920694774899426,-0.017311820624778224,-0.04711826895885009,-0.24609455881081665,0.14711528552958195,0.24244610600629382,0.13702139074746136,-0.02990442106963245,-0.43242038562066426,0.31790625457336613,0.34934830524665383,-0.4798863529632742,0.5570211928985838,-0.12145469785223693,0.03568405191136199,-0.5243079213687853,0.06507473377078875,0.2783403183858905,3
-0.4136681146118983,-0.061900373947781,0.3507620006215542,-0.2555757904672824,-0.033251683356012966,-0.09952957891560334,-0.0679014706521475,0.04088935888448109,-0.05943113597913416,0.028516537105259313,0.30877761581418256,-0.5848582760282179,0.3480083674801587,-0.18660565170963772,-0.04031844226472119,0.06156789079608828,-0.05579065891626021,-0.029550086521403847,-0.11516079745101525,0.09319785178378676,0.08723392448082387,-0.06026159241080383,-0.022004181960179763,0.061445691136934176,-0.1975143426897151,0.03245112722088663,-0.1236997776879279,-0.11878999550696696,-0.0914833821220404,0.020611454646842615,-0.11783125344806897,4
-0.3729019558297505,-0.03996344161821248,0.3859681585092715,-0.3062305372964309,-0.04853477874344795,-0.06763353997249698,-0.024259567605680862,0.02648651730028129,-0.04968503163111405,-0.028254700908997163,0.34244077138425766,-0.6328459110313376,0.3523389212217403,-0.011861721202852634,-0.053669393776147614,0.027632422603555987,-0.04708279160708828,-0.03065745489447302,-0.10827832082141675,0.09299685309907453,0.11122803262116834,0.03537714169050748,-0.004458344922221305,0.10657231157281784,-0.19990293716926447,0.04245681254437327,-0.13728575393582856,-0.08230819749696779,-0.08944577011507854,0.11815092526327906,-0.11382378796925507,5
6.5343640922516455,3.458604832222166,-3.6966963248280673,-1.7955503284988352,-1.192266479901808,-1.3576657609500014,1.5544694183993428,2.3139458853674384,-3.3521224971723345,-0.6985798285245566,0.021888419989638707,-1.0740116769759318,-3.326544089523264,-1.1833753042987454,-0.1064641512218372,-0.7653742317114167,-1.68100791361422,-0.3186691067649893,-0.03644976616140413,-0.2302588618186141,0.40596123777154985,0.24135519546980747,-1.285210813576618,-1.1018661167397583,-0.5963793197769256,-0.32822602554744706,0.07927242669117138,0.09348491182111349,0.414439964841933,-0.3586026910460987,-0.19406725048522142,0
-0.6454302018658301,-0.042283261394055756,-0.7308554585235985,0.12260971563885598,0.16636947552351106,-0.046934415703575615,-0.6748211114665501,-0.14383929536499931,0.28021799434357386,-0.17270294046040635,-0.254732085090959,0.2871039344622225,-0.12926357061063484,-0.0353853173152318,-0.022486036428880845,0.17550750681051738,-0.1775344591338658,-0.042142817386843674,-0.015870174170957745,-0.011437539398212035,-0.08527854593028295,-0.07712947448588021,-0.019902574025913444,-0.06069725440852787,0.04551992629797654,0.05569614305096827,-0.043243735468838106,-0.06432590547099788,0.16923000215912917,0.01797630877616584,-0.2227737403286895,1
-0.4978138595203843,-0.24880207435302937,-1.3852796523324313,0.7156915832024163,0.36439233641923585,0.11430886871555666,-0.36395255581358565,-0.14142417154439732,-0.06741301341198494,0.6576069514714297,-0.08165784362489173,0.25587067649288425,0.016251995423886913,0.5136529491351268,-0.10400082501947372,-0.12476547152755423,-0.30635520152038787,-0.004495990424627064,0.008318259906774296,0.05636612070909972,-0.21566486692557257,-0.054127078273865474,0.029842801856124403,0.12675682313334918,0.10225827558180842,0.19225977496764407,-0.11788310296485263,-0.1368232226313456,-0.08986998916368336,0.11201584551273365,-0.3625025505519694,2
-0.5658365386355896,-0.046766391021218774,-0.8259300222699195,0.2310369372156606,0.17644236819415948,0.014486691036997552,-0.4064480722835717,-0.11348126194903363,0.1992706681253406,-0.17432427287767255,-0.1506933033172979,0.1304885514356318,-0.08216892933825044,0.08572250067685855,-0.056977625064719505,-0.11624019620747744,-0.05321002353578783,-0.0009595869236128251,0.011694591439893742,-0.0361970446443815,-0.2070828417555487,-0.16070491055166267,0.027120024362725745,-0.01100879373652939,-0.021755780502693813,0.19006999589451615,-0.07883286211657929,-0.1511601830325596,0.014381608976878792,-0.014333068739178905,-0.32142132418656183,4
2.7314801117378606,2.452720690381825,-0.3717987247733952,-0.5612335910516263,-2.5030795038997398,-2.1751296373274918,-0.9476075806136661,4.288159246205247,-4.393159263687034,-2.6456540518912837,0.21728978457836684,1.7156600872180472,2.2632851275071815,4.457485071995025,-0.16328113589332907,4.549826032386294,2.4355998601962843,-1.062902895264494,2.6841197369732877,3.993120389502083,-3.4284807103380337,2.1022705418542866,-1.5617057295048498,-0.5307295244883593,-0.0023546654098722257,0.23236534747732585,0.07999256141652827,0.46365914327332325,0.2191528255359712,0.8277167170872202,-0.8110467015225722,0
-0.5851315990662487,-0.21272609544413856,0.6586147986337401,-0.2562360317534735,-0.16697201763809352,-0.25995070917508306,-0.1421764334188955,0.17003886247939573,-0.5103097972383899,0.8284864970653844,0.05574311241257317,-0.42048720268002676,-0.04373607566918265,-1.2396796630043343,0.04685328953873447,0.8672387568774055,0.22769665161578242,-0.0610991219724511,0.025886276864552023,0.08865141442948576,-0.04537352877748775,-0.2872737291310235,-0.05427133474241895,-0.13677470486638513,0.34214954258864655,0.1531252445523677,0.0367040727397612,-0.09198384333722337,-0.05625081126571459,0.09692551512025015,-0.02259339930316802,1
-0.5612337121879853,-0.35390734996806267,0.9770222128312742,-0.1815615416805915,-0.21362871172730755,-0.285123826018107,-0.2182017210540272,0.25938952619585487,-0.7577214686924949,1.1997718384134133,0.12850290612752857,-0.6921804184251004,-0.24339022365381777,-1.5534079855507865,0.04638704230112862,0.9502495820875745,0.41222811833773665,-0.06459563924078883,-0.008309709561305301,0.13680651433453164,-0.24795551680234232,-0.3212219627845772,0.06121969344277936,-0.10855209756692294,0.4760644509129653,0.3077878786261137,0.2995694619811759,0.17182223270210734,-0.027235498008516344,0.08272570292057987,-0.05875564391763137,2
-0.5991810200617268,-0.1206375087928579,0.6490432062350242,-0.39221216153632893,-0.1759572035506713,-0.20840297068816935,0.08759091502026388,0.09309230549402611,-0.2982839936418056,0.544685030568596,0.1074685075107478,-0.39902855345634697,0.04797006966871339,-0.938094498861745,0.014917196243974532,0.6401711292111459,0.15456379366634102,-0.0928923011932731,-0.1339310204587906,0.02995648674650334,-0.04960562191190291,-0.0918145930940813,-0.10317837567613852,-0.15785638854559567,0.29897839497745476,-0.1329942085055623,-0.005278465450859656,-0.06013512167702295,-0.24812355678751874,0.009621042274445291,-0.04349943256854327,4
-0.5435834690607706,-0.18135155088514104,0.8890050120222033,-0.3947898595504187,-0.21964447111593904,-0.21258841659643923,0.13986207464618583,0.1569819980897569,-0.42537741299223203,0.5992699826220552,0.22767322287331396,-0.5812074347818385,0.11070220539111215,-0.8631228106866693,-0.0048773500226955225,0.48980327661678236,0.1484214623096625,-0.0771536287486572,-0.008804879805297185,-0.00034178752420390514,-0.07696205050555595,-0.011946925551195366,-0.040142083875314316,-0.1313001575747006,0.40272998301970686,-0.08961218763493961,0.01521915736895505,0.01685627942647659,-0.18455255264554002,0.07844159722813156,-0.010352249180386885,5
4.866967618518209,2.803733027992559,-3.2050619561329055,-1.2944362538293714,-1.0574294851651644,-1.4791548661222984,1.3343869663325223,2.5222737258085157,-3.6725741157955283,-1.0603974291938376,0.1241065072970794,-0.9129452171566909,-3.2632854980180506,-0.508674614252235,-0.1813474157511592,-0.708309746211734,-1.871797592821723,-0.27012080209189954,-0.24570528955038054,-0.5664096633519187,0.6249361827827571,0.03104302644136648,-1.3908496806308732,-0.724897826041703,-0.38091486258464224,-0.5049631108621822,-0.23540922883410634,-0.5358033461579683,-0.18858570444619435,-0.6345052373964112,-0.2079276597482758,0
-0.5855983938245193,-0.03536165854403355,-0.7598280740678687,0.17605734651363586,0.18984155358947202,0.009658586596864234,-0.48728982815482713,-0.1355089761723765,0.24742965601536865,-0.22683575277907417,-0.11643935093066478,0.010572482001110209,-0.0007671333038851484,0.08984012376126722,-0.10169923758137728,-0.1339400104362483,-0.11555807621519143,-0.029689380882352713,-0.2262301590598319,0.2040147802554043,-0.20857371448245082,-0.25985385440775255,-0.10397846165827793,0.016156964672271866,-0.01772764551378451,0.1796294130991355,-0.14285796420552382,-0.13355487316781658,0.15838917409607683,-0.13169636566123566,-0.327141449268375,4
2.6425836780627088,1.4342764421317447,-0.12320309777426329,-0.157300399988306,-1.1800363163165755,-1.8637759461750005,-0.8012198708186671,3.307720743334457,-2.5738114654289297,-1.6901184235752065,0.7842876196671972,1.710697114764068,2.47732999690924,1.8826615729332221,0.09992038687911325,1.9290968022963033,1.2502104460071588,0.21402227470950297,-0.048665910149072206,0.6485397356078014,-0.6635364409964738,-1.0466615569216546,2.1082776113943824,0.17784151939467246,-0.2072885420425014,-0.049518312539505,0.5837044819854564,-0.19251630573168518,-1.033416846963518,-2.332414068847357,0.5032780618798227,0
-0.5323076937784816,-0.15761391379929446,0.46976702550620253,-0.21114836296201284,-0.1192546786284661,-0.1960277426124488,-0.22864260739541678,0.18046423142082138,-0.3429776731432619,0.4403687286375083,0.282940905079594,-0.5281639176116605,0.20574628140314505,-0.7828326786679185,0.014305830446812214,0.5694227144672384,0.10663904238136498,-0.07847068829010558,-0.06007376223700965,0.07337756029464207,0.058152163732666746,-0.12315472309367696,-0.03631316073444125,-0.11974710804350575,0.16830929319901736,0.014326782321509532,-0.006700038367087738,-0.002860673725756741,-0.09456073547450929,-0.004645371881508617,-0.056044804584061116,1
-0.6081219004608708,-0.3534502368820697,0.6956612561003152,-0.0819602015256342,-0.13601063485422124,-0.3488980378338635,-0.6101793437408175,0.3008393349229196,-0.806237979159312,1.380027663573394,0.217772850286687,-0.7956795685152397,-0.08676378715582218,-1.8468607860681883,0.06223998449117104,1.3705918668026356,0.27479020353650113,-0.10035016218081338,-0.038722125152472385,0.18667950342747489,-0.13349952933960635,-0.35970849972962776,0.03138356859776201,-0.2391355924463071,0.5079061896215866,0.34473940378797235,0.43014575822815543,0.29040628314069783,0.07587854594676362,0.03643731232252136,-0.062042205369054235,2
-0.5552272446496854,-0.14085507737934774,0.4948425997665148,-0.26006127322158984,-0.10723326739828269,-0.20635413611872333,-0.18456795179517946,0.13150734538075062,-0.31616086311991665,0.4337040224429719,0.25329341122285126,-0.6115024041000359,0.23741847694445492,-0.842953175045817,0.02355506762071605,0.5570693603049202,0.059778629251758426,-0.08027470762811567,-0.0792826812701094,0.05918737416157366,0.04696654010686405,-0.10001200047199495,-0.08284129624209378,-0.15114143849736356,0.18896530799898717,-0.11116744970496939,-0.0021758333023388747,-0.07123026994453414,-0.1060308159414321,-0.010980482779355608,-0.007764041520770616,4
5.27339683147013,6.54867503507662,-2.7706981473209575,-0.23325363324997733,-3.026449437956532,-0.9025796314223413,0.5422906057050858,3.852251933471021,-4.55026150240745,-1.755995016413738,-0.6224454411858599,-1.6518978031839766,-5.12815697890501,-0.3706516252733608,-0.048371916577213674,-0.863275486214545,-3.3774502636064248,-0.8243728484946846,-0.2528734296355976,-0.19115525333622613,0.10865922863474942,0.5831976536835013,-1.4753792710815257,-0.7644102705398945,-0.19641105207186166,0.2656974704971695,-1.0747292013325473,0.3088024560075273,-1.603781004035901,-0.14311284284939735,1.197200208361709,0
-0.7319260600986942,-0.3257142584379657,-1.5259305088882458,0.7857161487817512,0.45344774657177017,-0.056371806026023916,-1.421600473013448,-0.1891712889050573,-0.13905480582377322,1.7996065240254795,-0.33699798833465167,0.9104725024140097,0.10017853610553612,0.40393591434988063,-0.01567385839785681,0.8869598728722362,-1.5960932153495433,-0.006496234445105417,-0.34416726929906716,-0.1914218274237527,-0.36405813182877494,0.3252066990983675,-0.23442300285570683,-0.1323292297553423,-0.23776405798133748,0.3458069912046078,0.218531194936342,0.2838332492032071,0.18145553087398059,-0.046859790728203066,-0.17840300692316197,3
-0.6362205779841776,-0.11338036031690456,-0.9099976210722385,0.2941110565286448,0.25099860541969077,-0.017035307372202012,-0.7467928090924735,-0.1644341541647263,0.17440915163122775,0.2590643873101914,-0.17117792346744953,0.24510291244119078,0.0524684603955465,0.10844547293667302,-0.035749835672271864,0.17364081469388548,-0.4588846827301383,-0.05685921178959371,-0.28538055284911507,0.08939954436467146,-0.2857792811383678,-0.1526618489790212,-0.15422281058049064,-0.06941121700175114,-0.004530071253631248,0.14276399841043405,-0.11456938115213366,-0.09974881669372988,0.17794462947995882,-0.18677670510788408,-0.2544194158535824,4
6.290565153796839,3.0091056177877435,-1.3639871827436931,-2.0210818437652,-1.2463807549788206,-2.299701042795521,-0.5862766925896316,3.2171196174931747,-3.650782976531841,-1.7087992148336253,0.8403696807735017,1.6159364126177873,-0.22347904588783155,0.781670945112957,0.0998720767552591,1.0460896123924677,-1.620578694115423,-0.3940697184313489,-3.5290410977799493,-1.7365598023363094,0.042154404330570626,-1.5804314969535123,4.835684746576601,4.027962912362547,2.0885310503741623,-1.163734414923172,0.04396029836678446,-0.6617709239416584,0.7964597464117195,1.3856723413673555,-0.7808193867623853,0
-0.5456461146168974,-0.14033566435308442,0.6450809839903414,-0.32635547532724046,-0.17940677819016196,-0.2034524324238437,0.08216809209797973,0.1294223336734653,-0.3320780247786866,0.4669082500522249,0.08611469107124109,-0.28539454344777687,0.055588267881033965,-0.7323290226755875,0.009211931947090865,0.4940545635669817,0.1543959478788225,-0.041051041359028255,0.041411593835644016,0.03054413446602544,0.018878594990457954,-0.14438682236752465,-0.03187725262997164,-0.10292454315733085,0.21354636590257625,0.0007189478685734837,-0.04234459528665067,-0.08907866622707383,-0.0949447205037229,0.06010670956779484,-0.04326416425283969,1
-0.5589907335699985,-0.4463950571069193,0.9641499253926495,-0.046322071865225536,-0.20441108531090416,-0.33403003180476454,-0.42994838495081694,0.3297410074553692,-0.9288398860069972,1.5031908955618607,0.046587291389584506,-0.5950613123650672,-0.40400411575126643,-1.8039975604105827,0.06731239111769155,1.1614021817837121,0.48079962426879364,-0.022191412918875577,0.09899109712204555,0.1771247937274468,-0.23281911711976816,-0.4267753612603296,0.12475445863068967,-0.05864876425165525,0.4251241051952054,0.5841160160628865,0.4215002457695516,0.22490298549530474,0.17421729969089345,0.11339168421542474,-0.06823119339685635,2
-0.3124714323122914,-0.5900449499955115,1.0930854883184347,0.18005980523499557,-0.16997659937345205,-0.20311271417449692,-0.44380787914398107,0.3273081629104156,-0.8016164714814197,0.9749100594137002,0.17270013147580027,-0.740972035244886,-0.3390296219320617,-0.9293728470725379,0.01182086848750821,0.3723521368867135,0.3800864437030055,-0.010723271282071149,0.05683065226875467,-0.009200460260997911,-0.2563848250998704,-0.27726652405238444,0.12537150803553643,0.06689259764952751,0.09665836742753137,0.3693591046397427,0.29501480957693316,0.24417804327142076,0.05513678495538502,-0.032916491325824145,-0.019031876180496007,3
-0.5959655748123123,-0.18066868945460238,0.6103945245321837,-0.2879988579606125,-0.15878937360675624,-0.24664355888225886,-0.1050999590584516,0.13592914574849715,-0.42804083348261285,0.7279967644484964,0.04424024487343858,-0.37748389968525303,-0.01784483985940691,-1.1676355224242938,0.048816103316720996,0.8200948247690752,0.2020947521491003,-0.07138271528003427,-0.021172475379975936,0.0353975287299234,-0.058026542268945686,-0.2315873182659263,-0.08736927032106595,-0.1601890622333934,0.33758861729904294,0.02526950442921294,0.043559113368088154,-0.08599563315414725,-0.13841613708679543,0.05743000946869974,0.006585365942451432,4
-0.5743714395477836,-0.08949682671770275,0.8004490829686455,-0.47517929466563497,-0.20688260244849477,-0.1785591528126707,0.3090922258271938,0.07342928535989254,-0.26685895161681167,0.4479763499982415,0.1289625337468687,-0.3694275975318518,0.09806535116933662,-0.66280645886299,-0.015977330359826836,0.41753887047384125,0.11056985540474097,-0.08560473863237769,-0.10130541588218296,-0.022964536200031856,-0.03599518587076654,0.061417919818891026,-0.09092059818616671,-0.1316618059385207,0.3037551192742333,-0.23616107810416015,-0.015702959499523085,-0.0021954654595593725,-0.24500134968855825,0.045710798672839136,-0.00527417981256242,5
-0.2968647336856374,-0.07611813095489509,-1.1349248560505523,0.517634461068353,0.18929532866920623,-0.30196806650326113,-0.5105701681188414,0.5616152438072595,-0.8818193311416604,0.2562777993315437,0.23649548708192547,0.7710043204157131,0.5859175313146838,0.3173328650353484,0.6000112482393629,0.02858770161083355,-0.5138386537977698,0.4811872572379022,1.5566528263162225,-0.0015518233635196542,2.596347627587061,-0.9503160783094702,0.7548891542185127,-1.8834689095893868,-0.6295661846551667,-0.6442743577356659,1.1442017565120577,-0.9994780143502376,0.3143656191110413,0.31457110216493356,-1.069390225501359,0
-0.6430057963560804,-0.21361220523350863,-1.390465521939904,0.6348422634778947,0.3939928268605883,0.04487667121410426,-0.893962799081626,-0.20011096917472768,0.03723169966731235,0.8070403911099294,-0.19644472980547698,0.4597688707768046,0.061724356313943116,0.48723240998165107,-0.12211613190930856,0.15263682412628998,-0.7511606125443224,-0.033838079157689625,-0.20541420962200915,0.24007814919783424,-0.1510008978708417,-0.06145047946527292,-0.15126688808672614,0.06673436946502248,0.1909955230789114,0.13390711144099335,0.0005475535439085074,0.10620227891110562,0.12455780221985825,0.0030020077415866407,-0.16792507613617016,2
1.020403748078799,0.17004669087199764,0.2994892562632224,0.059025061449226354,-0.06617976876868308,-1.1772508820662861,-0.5801767921744319,1.4975624548042648,-1.6777572044475526,-0.8196572075549832,0.7646814669637026,1.0165247525806549,1.7645229111514127,0.3518491249367561,0.07038364046037776,0.41589473066057847,0.5453429815474976,1.1239844588062327,1.339042402485457,0.508822800506381,0.887684280795956,-1.1588699345217892,1.8332183797532968,-1.4020260681273922,-0.6480643530035389,-0.5175265366264117,0.8173590793480608,-0.7167456909553381,-0.4094586722134511,-2.1022590915993526,-0.17027201555242683,0
-0.5791959716695076,-0.14635640027911503,0.47506003652224876,-0.2604650291220772,-0.12378592614065398,-0.22735073773711612,-0.20686964215613984,0.14860948332119261,-0.37289370700034696,0.5382034516462675,0.19008601632738475,-0.5312931512581077,0.16762355377002103,-0.9628681599399034,0.01831915609962897,0.7552127998986753,0.10102934617001808,-0.08487453259155192,-0.035186838422794256,0.1430744548458725,0.13089013923463327,-0.15389786891244384,-0.06941192076108449,-0.14653823464718801,0.23931688220121736,0.03813967374061919,-0.03170746103294671,-0.12562883273712527,-0.006659900543941409,0.060180760263032394,-0.09448558865453914,1
-0.5999128419631274,-0.2324313197641292,0.5921946938929962,-0.2070029209863492,-0.13763385132403327,-0.2635841771234998,-0.28374137297173985,0.16535225892965727,-0.5279446734019362,0.9385917612551476,0.07703839042755588,-0.5224907460113775,-0.08100903022644004,-1.315661122653042,0.0348153565705259,1.0168110195083357,0.20298298695676154,-0.07943734319603132,-0.06235613261151737,0.1373025890027561,-0.04189534990149436,-0.2862975755556078,-0.05403680449325455,-0.11016155235542763,0.3175652979879493,0.22727399979675597,0.1130195468692111,-0.01823028370458422,-0.005339299699382993,0.07286778689223163,-0.09849828778712785,2
-0.5266238468311298,-0.19382227900516785,0.5273900430421404,-0.1981959555007364,-0.11770121627656875,-0.1811973507928331,-0.16795714957414662,0.12344794461331697,-0.33685734685616,0.5183351770589955,0.1770503084348003,-0.5368154720225966,0.06046388986806758,-0.7291485586039341,0.015989427184677992,0.5229162768423972,0.11195119380399186,-0.06879818289123564,-0.11557584573088293,0.036805803426022445,-0.04392449083493353,-0.16060692947545044,-0.047623061977614005,-0.05298534451642146,0.0822375321811282,0.06459751363093813,0.011019997590694651,-0.017030549610058544,-0.11079848704137128,-0.0023039067413973026,-0.09072623112867136,3
-0.5655767615748043,-0.05332735999138835,0.4627030818921708,-0.35373587476189944,-0.10679790647063539,-0.14354454872968278,0.03773648740971201,0.04940008483733776,-0.11463336147931061,0.21275374334227662,0.19288064010867992,-0.4273895283168757,0.17935289708952984,-0.5469536539079239,-0.010406727283428807,0.3709502149649597,0.0437718859205032,-0.09053831879279989,-0.17816106503327372,0.007425823424175278,0.028232736627678317,0.030287913195277003,-0.10453296786555433,-0.09430003414668803,0.08009395687051604,-0.2162614802989885,-0.05554357136670382,-0.07293764648098881,-0.1847893446356071,-0.023543568664086925,-0.057432736740730815,4
-0.5659355770932022,-0.07281109083863625,0.56852263853051,-0.3896024127000529,-0.14581952292042882,-0.14866223918852015,0.06360610418824852,0.08143050082857424,-0.1781623696678647,0.2804053219836822,0.2714416587276752,-0.5290762440100721,0.18904015000634922,-0.6070074918355237,0.0010737148319427622,0.4371150110331726,0.08370267025886761,-0.11017780237729985,-0.17934982151103396,0.030536645442469604,0.049475314737372426,0.12629418441025597,-0.079874966489701,-0.10768826738608517,0.19695492979531126,-0.20113312437261194,-0.06522676687891053,-0.0112052412739001,-0.1908141861468997,0.042979248185965525,-0.037000082654693005,5
-0.09064849639606634,0.03971526983062124,-0.8650047565332871,0.40264413976840524,0.018883991357778577,-0.4211825898108138,-0.36239390288195616,0.6909884654876945,-0.9661114529053143,0.06293286993456203,0.5287071584712839,0.6169663963251465,0.6377735814967577,0.3570922271578568,0.7544234816716643,0.009827195728885397,-0.38661478487193274,0.48218582704944113,1.3499862834220653,0.2567003119301342,2.2784322060605318,-1.2300588858259351,1.7517636069210147,-2.781771384629841,-1.008126036077683,-0.7860712460149182,0.1225636640419175,-0.16122922573923867,0.2362666387489873,0.10695804342197976,-1.099495682223606,0
-0.6111116603333502,-0.05016339726584803,-0.6182754912281124,0.09619980546900304,0.15972532551240132,-0.02811809246341827,-0.570570726791742,-0.13151841276382764,0.22975317297236633,-0.12471916942266852,-0.08614657990770545,0.017960835649585154,0.02672710835790652,0.012911310868678192,-0.0637889161274611,0.05434963311465384,-0.2122348767560379,-0.06473294961342153,-0.3055982312223842,0.2333604351220157,-0.10471533027012668,-0.1784178985137328,-0.14452922537150314,-0.015216015737112346,0.00784689308598375,0.07539203182754112,-0.09542912928754387,-0.0723304900508438,0.18698231219354325,-0.10898097615248024,-0.27954193115387965,1
-0.610971207075958,-0.05321588119862676,-1.0385462218403876,0.3002703365223498,0.23680865331946666,0.02517523826870027,-0.6135186495312489,-0.14032933236466008,0.25589872862380325,-0.20783025563380977,-0.16786244497491876,0.14349915496378918,-0.08560667832793434,0.19263001904589833,-0.1213935226486912,-0.19204378431669844,-0.19010686065446092,-0.03840659366866002,-0.11911500318841942,0.28351709061553126,-0.14544419466658928,-0.2823118559163701,-0.08068621173922948,0.001215496327982931,0.19940514681392793,0.20919310534722654,-0.06256737937122342,-0.04356554974251534,0.18600152413827195,-0.0255048357742022,-0.3425039672554106,2
-0.6527440776629112,-0.11695846934518105,-0.9500098128330132,0.30914932466711714,0.2601161086999711,-0.035745998237222694,-0.8590076045568937,-0.15412091982678036,0.14023582606849092,0.3328126702871379,-0.18731798080177592,0.29766507902496964,0.03720513744411902,0.1437511408041825,-0.0491298489495848,0.2830428162378494,-0.5786835717902848,-0.05655716655414648,-0.20003540125579186,0.20461246138469247,-0.022468053858249445,-0.1613734530492364,-0.17083389322135206,-0.0523964680181342,0.06816735189329341,0.1320752020761719,-0.04518868726638397,0.001030054951353755,0.27079742606992563,-0.04409960099556658,-0.31507159922686817,3
-0.597150324234216,-0.0008820077533912535,-0.6874715483178464,0.1320345944728468,0.15717913031124783,0.0058004838617736094,-0.5321590535783693,-0.11364063492643027,0.30349525235079844,-0.31086109957711583,-0.08631841053947793,-0.010632182054990703,-0.0024116291752469647,0.04200345946136575,-0.09327751211565688,-0.11689857552796125,-0.10863635689179371,-0.049543564744253726,-0.30829864333263834,0.27192634536950167,-0.189768146421543,-0.2708955959340802,-0.11740620848170961,-0.02291217502198161,-0.004966655457070999,0.1455812847111589,-0.17092182963364602,-0.07757748478288377,0.21070165902391577,-0.17492394764059102,-0.30444581186678815,4
-0.5436675665313263,0.11140961082461696,-0.6842073897556804,0.11162140449530963,0.11970685533898658,0.06611673079055777,-0.3515053573826497,-0.07459057827892478,0.3164111293899186,-0.6985646040886916,-0.1232710976815147,-0.12429495607195645,-0.16318872862892864,0.045667727545396185,-0.1436590606822893,-0.39464819919582556,0.1257755999526371,-0.011543940286840335,-0.15561939697934105,0.2898477650827663,-0.15476854395890616,-0.2419666743232956,-0.04154625253084874,0.062131201019723296,-0.025128852269949105,0.2936199912606574,-0.06554104304837542,-0.0431138539725437,0.15042209772328527,0.003944388027786247,-0.31632865471864957,5
-0.21705293685696087,-0.18999898681160737,0.5605250796507159,-0.024987328509596462,-0.0537038736236218,-0.30546347939184076,-0.20208273180929573,0.3418438750139759,-0.4765141647395531,0.14031295980104452,0.1489340361967871,-0.15756970108450477,0.5855675939479096,-0.5245441191962736,-0.1125703521388176,0.04601855463992502,0.10607248613199188,0.23717186604568347,0.7863496549904808,-0.040980453863181714,0.41000273271170046,-0.3456646537570772,-0.11799290196752583,0.028290843409501266,-0.19712258555803713,0.08362327623264035,0.11020948394708224,-0.569878067598455,0.2550104832589204,-0.10000084733766346,0.32090364175682606,0
-0.5709420245656323,-0.18309050720620781,0.6488613019616498,-0.28673848456107176,-0.1734142134695306,-0.2353728123931666,-0.036451491515868115,0.1516614587527893,-0.4371617403444533,0.6795857022966252,0.049110911525231796,-0.3362782900295338,-0.02960627779565418,-1.0201750066830289,0.04067462595150325,0.7158150004960439,0.2032068574881836,-0.04513084031432959,0.047493912509024176,0.09093858042070518,0.005737610159460319,-0.2361777164511601,-0.027071072282820487,-0.10867600675388779,0.2805488842731971,0.12732886020597367,-0.01769338727616248,-0.12679632923506828,-0.05109234145970452,0.08596028678913108,-0.04523007677766576,1
-0.5631981997024996,-0.3698958793803005,0.9028950193681629,-0.12676460614354718,-0.19825897756054767,-0.2998025815297092,-0.2966983247919467,0.26873206620657525,-0.7837782324267256,1.273854617041866,0.05879208723511871,-0.5745550559439299,-0.3131333373170954,-1.5817128516038539,0.054456799384576336,1.036865314975971,0.4136374999889247,-0.03990619805240788,0.043692466279726276,0.15491257791886837,-0.19343964107758374,-0.37786801900050215,0.08412660608295484,-0.08345005027878025,0.40086295523566295,0.4283344511140768,0.2900634042417298,0.14384624131746296,0.07989904403006616,0.09896704027620024,-0.062316169002830275,2
-0.47838726882067045,-0.27331704991788996,0.7650805890449701,-0.1824759344438618,-0.16352443370568953,-0.19056441389567802,-0.07218344684510387,0.15621996094007065,-0.4429052479725236,0.6311421227708116,0.12237327296971721,-0.505283985430166,-0.049348580330454556,-0.7590148329355055,0.0003101643979677912,0.4276372834828854,0.17168839372288616,-0.03536167051092459,-0.008521821629745126,-0.04449917091660997,-0.14220223315560487,-0.21395094086914274,-0.01627158076241515,-0.04943838650378233,0.16194803221527385,0.09338674138539438,0.0799584986783591,0.037041950397531734,-0.12304293950190985,-0.015125138126541362,-0.05816704241911764,3
-0.6015887978091609,-0.1395532900936647,0.6170703800678158,-0.3538308642993684,-0.17211360172341778,-0.23048949633601248,0.04116870716701667,0.10118590260018734,-0.34565287819364304,0.6169939462181603,0.002119039077187263,-0.2609470564750036,-0.030104054381392877,-1.0226046498741215,0.04383211173895251,0.7240096346868885,0.1972885652782135,-0.0614871719375912,-0.023767092387947487,0.01969227279746911,-0.02542029372872965,-0.18499937789604096,-0.07752778820272949,-0.1592371166520526,0.31152129948322904,-0.04656322169751353,-0.015117842412184324,-0.12275314203100411,-0.18535379637360314,0.034037061445609605,0.020437826042610477,4
-0.5643633915547657,-0.15533633021766288,0.7379429007769018,-0.36672748234687036,-0.19091014106280838,-0.20012520398581013,0.09365619856773744,0.12088661973990016,-0.3502273282055097,0.5489529749086366,0.15297741939438736,-0.4672644075282009,0.03783093034030353,-0.8447790274245043,0.012054491096586746,0.5526085166866578,0.18094905387688545,-0.08306058504077544,-0.08340326236936006,0.002306734836697878,-0.05512648969831593,-0.04128052585161846,-0.06122028806783007,-0.12961931144145467,0.3269830686696099,-0.09620298585765659,0.020595848502260268,0.02010666513110797,-0.20882749212254498,0.04539553347812103,-0.018037370787811324,5
2.8660941821474735,8.794953867066008,0.8752638949745549,5.234120988357134,-7.169559113508742,4.2410500983274,-0.31878888587234067,10.108248372843434,7.150530954897646,2.8955140921218057,-6.416465042175855,-2.621720867995912,2.271748664843264,-0.09370177945394255,0.7802208052006808,-0.24437716535436219,0.3709935269359193,1.797850647175809,-0.6237399171027783,0.06452688022774772,0.37276892550752483,0.24293171570036584,0.25434832158168985,-0.06474553489512161,0.34939462814881206,-0.17171109073370622,-0.11763076227091529,-0.023961632613963193,0.08147024506916403,0.23907333536845002,-0.13445586500707338,0
-0.6006064267744412,0.014438518339824772,-0.3957863855203804,-0.02867778075431375,0.03850913283888015,-0.059846232282743626,-0.3291450650666679,-0.09329499478506122,0.2439118403629906,-0.2991918499737173,-0.2544571594479167,0.27265476371659186,-0.19953717800207668,-0.15244699044547355,0.01582984151745959,0.1256888981046175,0.11918063240622895,0.001611346765657778,0.14961714045401434,-0.24236882690893682,-0.06794279433456231,0.020609872922156592,0.09681366171138331,-0.006150275384317996,-0.09845786131291548,0.03227666960785775,-0.061021161578743904,-0.14083207353835664,-0.08470185766076838,0.04045406236813515,-0.11696180550502437,1
-0.455045325377108,-0.07886390101203904,-0.8171862153740015,0.28969472254889295,0.14780145738094624,0.08860431218265741,-0.08004147988340883,-0.11276292379157056,0.11195122195931474,-0.17829692818311899,-0.14293593134957247,0.02648089494567169,-0.1908588693390214,0.1754894830853572,-0.05432812253409392,-0.2094487348335111,0.18254154257477798,0.01346256018031785,0.1261965835297468,-0.25092870060417366,-0.33203120897292887,-0.0657954008830277,0.08547119013208392,0.14184937244160853,-0.033315376786542686,0.27098322539488623,-0.1321888688266454,-0.17639138465375429,-0.1528971722163327,0.07744684123400615,-0.2923402931987503,2
-0.3302159296105458,0.213858171115263,-0.7697226202059027,0.26833633860643735,0.02616065166084102,0.12127581704151112,0.11152446282980567,0.0014989285080043797,0.10251728170252673,-0.6578562629782315,-0.16778652280886427,-0.13378244520237353,-0.28134995856382267,-0.014916486138033317,-0.060042577866478215,-0.43204050316237913,0.2629745933566609,0.09580915814001552,0.24526187507593586,-0.2567993036410994,-0.3015160856582855,-0.1897621957508883,0.10632429425494647,0.07086601301132757,-0.15167270574318475,0.43421398706481384,0.0023046068738250994,-0.13789679603937524,-0.08810330124264479,0.059904718948701606,-0.24950389204181753,3
-0.5122459505552497,0.13696943979855555,-0.5305358529906047,0.07770019309650213,0.03097396500008312,0.0022878525534200988,-0.14975480211563316,-0.040726651526419896,0.2323831232160217,-0.61480360109815,-0.22481495062692938,0.07694193826260448,-0.24345683185259956,-0.03636644861478471,-0.049169074971541306,-0.24304527896279438,0.22024587688411892,0.05494241293654828,0.2294761729660993,-0.15297176765955758,-0.0946794829361881,-0.09054653509698947,0.12821246303476638,0.028898340268752473,-0.17610453307591348,0.2250615655821955,0.02375840750270138,-0.17520324465571158,-0.028546119893723024,0.1126689778256828,-0.2286251556815311,4
-0.5889542852140595,0.103727006445409,-0.47966527195749303,-0.004749472957818954,0.03999324216996751,0.008011520283776127,-0.2762924369381084,-0.10285959834162099,0.35001606993492457,-0.6778206333894393,-0.29817811290089974,0.2118108998894803,-0.32248325188095345,-0.09064936864893791,-0.06481556286428904,-0.1860978731249953,0.2890239689052422,0.010345099118779216,0.13045703395164882,-0.14512442466703232,-0.1700933074111629,0.042246716625060826,0.15593593355950341,0.04128590348495535,-0.08855603591457713,0.1250669199856537,0.03962695075179119,-0.05017139866241642,-0.10499181565121879,0.08765111280590555,-0.14312811031800227,5
-0.5267329811845269,0.10262018783730469,0.573519499296099,-0.45758865484651995,-0.17416485745961097,-0.06937355512396234,0.492526540159034,-0.024023463646373037,0.015742811498320696,0.020572458181346575,-0.05399239459216314,0.07694347331974986,0.07174754645935003,0.008936097198267913,-0.012111190123022506,0.014753044752736394,-0.0037345975185923783,-0.0174503784366628,-0.043533628621485874,-0.02640197478544103,0.1081476206502127,0.16212380374666738,-0.019746907104955528,0.030906624361370014,-0.1265264167775689,-0.15616852407872137,-0.08087671971374759,-0.12069000383056037,0.013179617439886958,0.028478959452554194,-0.0023383739999234088,0
0.36214885876664415,-0.3474442297404061,1.3684219848588375,-0.3880747910236066,-0.13240885088819473,0.06802664273001936,0.2617411813100968,-0.08098814862715745,-0.05477563939645032,0.1565010491651955,0.10426659280671757,-0.40830348934420907,0.33698619422938103,0.6564209276873741,-0.035803191563412044,-0.3577596246304922,-0.5084912522327907,0.05171952090548241,0.4508254505448664,-0.501209917589309,-0.4291957531788945,-0.23674128774744163,-0.16457693650006397,-0.023036393135376282,0.34782685882514225,0.10707704010710438,0.10137841258875675,0.210536147993284,0.20479147379587195,0.06762374433347684,-0.003509027153629217,1
0.12143911240169943,0.7090603146237963,1.3578302678652274,-0.7262622707305194,-0.0955749007910191,0.30924495113055434,0.861995853318866,-0.2006302278875863,0.006359997801171024,0.08449428938465706,0.21638064542765184,-0.058795211469996694,0.5921033383745751,1.2566569820437516,-0.0804706539327748,-0.5013886669891127,-0.8264444567488085,-0.07189885152786425,0.2905585870813563,-0.529917311407428,-0.20757823931287625,0.5426372689559791,-0.0031535768740592962,0.13496381924000397,0.07829968762333313,-0.168333350924589,0.2665338581483519,0.359021578902213,0.6958451753066474,0.03438035478814531,0.18308399958421454,2
-0.5150752832158588,0.03538007302476319,0.6581777968862338,-0.46317712868946653,-0.1557100381315199,-0.09922661872147168,0.48125744219818406,-0.0297035345871678,-0.04893594825737375,0.1278792855249296,-0.013802936250699838,-0.016600765579245412,0.10368474868285864,-0.08985766584673754,0.0019238664365405144,0.02463843035283523,-0.03851310621790907,-0.008326391236881855,-0.049867238012781916,-0.05323278520484748,0.03560342779766977,0.053463891740141656,-0.04495244084685791,-0.010373207469016252,-0.08053130456262295,-0.139720398068849,-0.04747145091968864,-0.10548319246221402,-0.0357929188494662,3.055061040974153e-06,-0.04759709838178635,3
-0.47365631758881216,0.13989557517180787,0.7006962676609769,-0.5021621807802427,-0.12515092874939554,0.011904154900574006,0.5713972021282354,-0.09456860808510031,0.011915000902518496,0.015751781956104275,0.0204061998965671,-0.04137292207419853,0.16137204711055764,0.175524654750852,-0.04393221955165793,-0.1215110659634559,-0.11801125977511294,-0.018017145292130686,-0.11422772504309489,-0.09356056273048013,0.03202233578042944,0.20395628148494252,-0.052462583391116875,0.019693967443402436,-0.17598245574014218,-0.19421684350124227,0.02735836353622964,0.03106726288043132,-0.018488648063241683,0.019690052899111153,-0.11700111184709432,4
2.4096937872473125,0.49566787033406823,-0.7969034003427625,-0.2149486103014542,0.32785931443050376,0.24909755351690593,1.259849136574511,-0.15095593746115257,0.3159894416662111,-0.5890137450337395,-0.0032020935387386882,-0.6838349729257841,0.08324837769626893,-0.6498390439851504,0.03307614095679496,0.19609322715095925,-0.4972297494388323,0.39098851307108057,0.43551313965931676,0.03164916434384802,-0.3892324999780327,-0.5835829146370394,0.11087329732197704,0.21031941371902943,-1.2231195099509438,1.6940614442432722,1.007904464369047,1.1132094196330313,0.9050275784029708,0.023506803548982495,-0.05676373036211662,5
-0.558047382995623,0.022569972395944177,-0.37437735357597546,-0.030175795180728625,-0.04716068972070134,-0.2996527845439398,-0.36681623224177695,0.20184183497579067,-0.3082704671158997,-0.3081811792375806,-0.5040832902041279,0.6258225323389383,-0.026548923816636646,0.052145290379233294,0.018789298915181104,0.9692408042051579,0.4181631126649482,0.19222062494121506,2.3187982757453085,-0.269629926330117,1.6928071688084396,0.20832933984359636,-0.6641342352934577,1.0418037180380477,-0.2443673329587729,-0.18785518594667416,-0.8000030249630038,-1.316710688988403,1.721417667556032,1.1042899916060116,1.686772870367313,0
-0.6495134681792104,-0.0162167374351992,-0.520598850041669,0.008457157990143863,0.08598798985471785,-0.07790848230629129,-0.5223537633222679,-0.1407423203683183,0.29610829020643403,-0.23683781324292005,-0.3998659673804216,0.47768022082216294,-0.29006058339989177,-0.2390844912024118,0.043327427951455215,0.31889707908582116,0.11014335684171137,-0.0018376259102111919,0.2663893974808914,-0.4707968317285552,-0.14307943292503247,0.15700015569413295,0.11604545782381073,0.004508378319353306,0.004385159601955479,-0.07996165055186771,-0.0005792188569213414,-0.04139292180683034,-0.16409257394788665,0.006330652885548778,0.09440347145929424,1
-0.4632132356567367,-0.19458376854541026,-1.0812101873120552,0.549474441997543,0.23254302427791188,0.0910092338137791,-0.1451576105259488,-0.10028599201615188,-0.01360546425543001,0.23542219424059743,-0.2302769629207497,0.3378576499125683,-0.29004053632704885,0.26819502671560214,0.0018711622530343899,-0.020928061667206465,0.2184519002178493,0.02912933286014243,0.4872118388605319,-0.6750852556185767,-0.28767981229294964,0.28866168844412277,0.20431869315224097,0.20736976839952712,0.1174525500498204,0.07324432555696385,-0.015632391548414216,-0.11262994804948795,-0.31088947338394624,0.2668245375794035,-0.062474968225480876,2
1.2251161614846109,0.866608007263445,-1.5761172856320207,0.6725567189130712,-0.3527571911394249,0.37426542440487637,1.4778155400289734,0.3531502915163424,-0.5763125130856254,-0.9409960439515351,-0.09087255108428609,-0.7976790542717112,-0.7000846860294797,-0.4329319074112665,0.01717204786199631,-0.40154635909780156,-0.0014760061074168933,0.2413475937960331,0.5718605100818005,-0.639648173117607,-0.39595099760238844,-0.36851787861864016,-0.027599992519795398,-0.07009349690966492,-0.10965845563706621,0.9257337003713728,0.26089733564775547,0.13645489986498335,0.10313186848246449,0.08375427716041113,0.05079057480100588,3
-0.5531989691026837,0.11703097226121986,-0.6116727253899101,0.1153235555895658,0.024645059439992734,-0.03218221256050774,-0.22858764569461684,-0.06698439284713509,0.2681932629394233,-0.6346977516808411,-0.38186086408782177,0.317566616335819,-0.3609448947552975,-0.13056854905418175,0.012578019629218395,-0.13619099942898155,0.38263520577727916,0.08963492952799611,0.5459962283338703,-0.5389356436755951,-0.11182812790557474,0.07795838877353904,0.23036992927321118,0.04706670983267555,-0.06733994013267615,0.07331171649522057,0.0649061308339028,-0.1453852333731803,-0.15542640557797646,0.0944920935190245,0.0970014313614701,4
-0.6463764691986235,0.023956289734790324,-0.5656265118085603,0.015250804423692026,0.0681545476686039,-0.05452110676217224,-0.4709658529799778,-0.14477623008580004,0.3663442785421344,-0.4856461310971545,-0.45222290403266485,0.4930855093274489,-0.38829616915417703,-0.20855748273509456,0.005392390008279623,0.14408219309596204,0.2940259743562416,0.017296857630468877,0.38426717166031593,-0.5125777070730291,-0.1767793219068345,0.20107735689124415,0.20349810736837295,0.0533007259188023,0.04717652761939989,-0.09011492096896476,0.0500482586619087,0.014682950001941817,-0.23504070588561166,0.05139109840435662,0.19620206073137078,5
-0.3722720445287531,0.114883345160424,0.5653927973370777,-0.3818056278787742,-0.14064558523642412,-0.02238969671732906,0.36824909781223747,0.0191647061464525,0.0019274953980302294,-0.05472327201484347,0.15882437207167713,-0.09380368307171519,0.2019951821051681,0.1719536129822007,0.03649178556393383,-0.08703821334515777,-0.11242760685614685,0.010993734971241573,0.06871875875360135,-0.1541284404385403,0.1030805433328741,0.10424580729535961,0.03487318953653276,0.05304974074425271,-0.1319189107432598,-0.06086961057640422,0.0013063283198485667,-0.08947203845148219,0.08230106058982234,-0.03581960093633553,-0.008114910017478539,0
-0.4815472524448475,0.1425517333618615,0.5805445818631719,-0.4541338510002948,-0.12818828511239103,0.009602035012434255,0.47109770468261636,-0.04956935086778903,0.050424888698946506,-0.04687547271792477,0.05472129782681867,-0.042848456309402407,0.14932039453909512,0.11191054108632238,-0.029147990122532046,-0.09689585728092147,-0.07369876174035367,-0.035125628967641195,-0.09597761202885219,-0.053480222326327105,0.06550140981144228,0.21043296391652205,-0.01992232155828032,0.028830598373878066,-0.20267081927566427,-0.15913541794865582,-0.007926799880796727,-0.023502478093888942,-0.0019615725344318655,0.032891738845083715,-0.08662135357954741,1
0.07726944140490014,-0.4926294570873145,1.0949268168440482,-0.06385499937335173,-0.13025877621074833,-0.08856029700721997,0.05200024602135173,0.1015096442265801,-0.24506599224181733,0.22670313599417358,0.13315956986412936,-0.4039148068313179,0.182020209263175,1.9660416179453853e-05,-0.04213699151684458,-0.2251192435254494,-0.20450718245743588,0.04994932096674553,0.28519405786960633,-0.23615404274717147,-0.3046227859083718,-0.3346026985568439,-0.046925755237889145,0.010224159304845564,0.1090806577585126,0.19081330080792394,0.030001800586585102,0.047835612439001196,0.00282967630624873,-0.01611740776671523,-0.06474175631189491,2
-0.0967390101720562,0.542824970030007,1.21816793145446,-0.6422165871549622,-0.09113022285768053,0.15380977888390684,0.8294266722639903,-0.10111900129428926,-0.04658892113561918,0.07428844204694501,0.19346345913043492,-0.00684174244655658,0.5208912901793231,0.8961356582447819,-0.07006668276693412,-0.40696061543114864,-0.6448490578291068,-0.03834857399405625,0.22294108020463016,-0.36447583289250995,-0.13790466500876766,0.46549360504389503,0.017395843027763286,0.1288343838772468,0.03049753035854619,-0.22705933853686494,0.1992221624969291,0.21896620486498347,0.5538485460753949,0.04550454272980762,0.13331229640891765,3
-0.5098766246929277,0.14334716371045078,0.625319156040422,-0.49256648631123834,-0.13359939159848336,-0.046564737905337036,0.528130855814377,-0.04912443176055479,0.0425238176920058,-0.009556479788956003,0.048151814404169935,-0.05671567441179305,0.1825467435569812,0.10233807685374445,-0.036364985723950784,-0.0889310693747718,-0.11221273349767373,-0.04609080386918445,-0.12093988415177846,0.012954921138496061,0.1250204003946414,0.24497083790734944,-0.037345490131857055,0.0620064044218393,-0.2562854936279461,-0.14373153302740027,-0.06450818170510199,-0.10161551728657896,0.06140762723715165,0.07455204595701972,-0.1324132819642826,4
-0.5059846092346609,0.16549735782439334,0.6791423796181363,-0.538961014807264,-0.1479654222557779,0.021234197417938645,0.6101372804643106,-0.07277991993713112,0.0387255444123391,-0.019958364865759408,0.05312134095392096,0.0016214774433504205,0.15111936203445217,0.20774384596541418,-0.049240314818657455,-0.13451056090414468,-0.13892551404829095,-0.04672510338753411,-0.16425184843110457,0.008766883369298201,0.13207469092855403,0.3228912522438101,-0.02270146222042474,0.05664516225536586,-0.2353964502440835,-0.12746156189969393,-0.028378609659350598,-0.030698404775939155,0.051974210253790856,0.08225225322755768,-0.17216176189755372,5
-0.621779591030366,0.11724585771997721,-0.44607387632183215,-0.03178927997903059,-0.1688815651698462,-0.30090906899327485,-0.5275450307364066,0.238113327800026,-0.11357777392779576,-0.3371084426555188,-0.7783505288106357,1.1031334664297656,-0.4345121259261697,-0.16822675236437448,0.008713261183764413,1.5328479580727599,0.5353311903330009,0.38117505655495554,3.959710283741709,-1.0984400691837324,4.234246507721631,0.14243929562062677,-0.7346718346247963,3.0940849386703224,0.8332015375062756,-0.1931511546584901,-3.164771961749198,3.7370583867563694,-0.10164910029107461,-2.277543651712153,-2.018678392489317,0
-0.6672121540861722,-0.008232124600154803,-0.5056178239536208,-0.016698802244657023,0.06581721700747771,-0.07780945644226007,-0.4454549054315816,-0.16750950565003564,0.3422403641350212,-0.23749483730317175,-0.5479526130406269,0.6878736275634971,-0.4271894803030726,-0.25258129409907126,0.037039521415540615,0.332105939437819,0.17794040865105454,0.0238090825460969,0.34614376868032387,-0.5788423151697593,-0.2554636107699278,0.16676549638770666,0.21111270368205384,0.044481339820282295,-0.10051510831519152,0.06316247707033264,-0.05872694102308053,-0.14968945437850015,-0.30595529360945,0.059853028454971875,-0.05063466518441204,1
-0.19500776233093375,-0.4613443322694266,-1.3852821287243502,1.0661486572144248,0.32743887653661957,0.19490342272659902,0.28151966045596805,-0.030208160480807458,-0.32823613599796736,0.8351855323294642,-0.10089789115795084,0.44277748828138297,-0.07594639682478421,0.40983461344754707,0.008844356995583088,-0.021840242895225265,0.17386570735609277,0.038611433455399045,0.463380920043874,-1.023205765440344,-0.3902288227263506,0.48810622171647255,0.21866040734490583,0.061887819401224606,-0.10625633394256581,0.06895406125540304,-0.16670190900624687,-0.4158517432180562,-0.3336666409489458,0.23996553864987785,-0.2579350504295737,2
0.990977128448769,0.2546190110106794,-1.857833730996756,0.9727767260202714,-0.16421420016765234,0.3682034022916168,1.7921840818270212,0.19726595367042035,-0.3656066623556597,-0.6132770168696213,0.005026632391019996,-0.6488465934031054,-0.467923436283073,-0.3864459027962823,0.010916449655708822,-0.3584197986582795,0.32048360837913736,0.1521839135727541,0.6037992306413648,-0.7954088180350617,-0.5879443240146554,-0.2950179426364111,0.09242680843623746,-0.12638517044128972,0.026508782347916097,0.7968175077977104,0.12198799521306347,-0.030411598886955687,0.15307468810802932,0.0308377156427003,-0.28619782362819024,3
-0.5545541636618363,0.11904784722308928,-0.5484242269599799,0.07996986323950374,0.0032415656847735673,-0.002566759171379488,-0.14536709447703744,-0.07366276042611744,0.301940748334906,-0.5966351448831714,-0.40025885151233265,0.3303252370172855,-0.3750436424371913,-0.10918789623347601,-0.010491710048486879,-0.1779391138731739,0.3455697721703002,0.07330852322822376,0.41441941781017966,-0.4460605982242013,-0.20603293520788088,0.022319305111904834,0.23916769274033883,0.06446290513193659,-0.17163810517370254,0.23719122884951221,0.003919382394969603,-0.20693894634979024,-0.16610396682766246,0.09108130275509485,-0.17945998210739222,4
-0.6132872504066245,0.09979337570124673,-0.4229231253774885,-0.0398075692833878,-0.0037366048328806916,-0.002057920100431192,-0.18155129051415497,-0.14689015358212323,0.39627515446400075,-0.6393665664070424,-0.48586221344459474,0.4917053776490037,-0.4711816652847072,-0.15467614772227894,-0.013776001958093123,-0.12514636390132178,0.43631744742470696,0.03983311144059896,0.2889654292353765,-0.4149473877096591,-0.3257524488053607,0.13599768657099062,0.2917697934555106,0.06826007021930663,-0.16173922868758372,0.11591886034991301,0.03868106229018822,-0.07897165983043823,-0.317181945926781,0.10489155614390107,-0.07080348765435311,5
-0.4180034779841727,0.07132863274410713,0.5593568345609601,-0.40949452292378685,-0.14701443370909342,-0.04909120963974592,0.38647820354169243,-0.016459709376836808,-0.020589949189835876,-0.03789103358041478,0.06923563824192489,-0.1249568327832529,0.166492320897743,0.17305005278955454,-0.017994434877702806,-0.0452279921572068,-0.07354512661384259,0.0020387606590271373,0.03068894989994262,-0.1061141838125381,0.07785143113795441,0.1161041633487039,-0.028140756790089264,0.06909465869355416,-0.15221834769966672,-0.09361587462247471,-0.06018458331812439,-0.09109054660691637,0.08636482715390323,0.06513582826673865,-0.011206657667723947,0
-0.4987539922148325,0.1427920085500448,0.5834877425608523,-0.46365910697374263,-0.12372207475982967,-0.014552387992407875,0.47498728657884504,-0.0448006436515785,0.05578918082227772,-0.04532503228934825,0.05938171393518657,-0.05228192723378834,0.14967929866114404,0.08968286235427594,-0.04147326282758555,-0.0801979064307406,-0.06490270032892599,-0.042956231099892085,-0.11440484500368163,-0.031426681936998165,0.09056748451112814,0.2502370902065578,-0.018026494513672206,0.029197285656338726,-0.193946198361038,-0.17688962557688004,-0.022040873317553146,-0.026408708278978472,-0.010825067983590154,0.047114321264515764,-0.0899161476969967,1
0.11153044018579429,-0.5305253777048351,1.1102944016744196,-0.03696291879654271,-0.13292996860271605,-0.08408307400611033,0.020202689576969815,0.10310223602283866,-0.24642236764951966,0.2321006857498318,0.14029045406889618,-0.4309080412091266,0.1662981361445606,0.004121026413777979,-0.031323305579899784,-0.22878093149616743,-0.19046360818599165,0.057442809460705624,0.285036392261105,-0.2376275947709719,-0.3091533772486382,-0.33705209870064623,-0.04735068054340341,0.020833216049783162,0.10595401439918746,0.20730122364718248,0.02419473184583803,0.05482432132886799,-0.010041612032993402,-0.019749446481764805,-0.05414202659463962,2
-0.09587785127389867,0.5693654053778352,1.2206267289070525,-0.636451390236912,-0.10214679270385867,0.16874766489621013,0.8405055885728256,-0.11113874175916931,-0.04131171253899698,0.06880639855454752,0.19489872183643617,0.011652336550677956,0.5101552968575508,0.9179416246033486,-0.07279364481696744,-0.40667633910921064,-0.6420519637164563,-0.03294517216908116,0.21105073858451065,-0.3652336095844283,-0.13540818929158738,0.4864167343459066,0.01756976447980306,0.12521242853641962,0.03365699175072842,-0.22879512717395853,0.20817273718245513,0.22919603615712117,0.5571614221188043,0.03980322666063805,0.1366594830211063,3
-0.49575406099229546,0.14766042525027243,0.653645237433691,-0.5017183650467585,-0.11579903291561015,-0.04687534506409059,0.5402394263535519,-0.04062661784258512,0.02895036143155383,-0.003012447562578343,0.05120151699898019,-0.08270975729690604,0.2143960549556667,0.12610874015698428,-0.0455218715423951,-0.10553503250431708,-0.13705319675347322,-0.04380993106203687,-0.08196227688327577,-0.003849274621913677,0.1267913461830081,0.24368353412516272,-0.04628029220841262,0.0738397136557852,-0.2604252990094746,-0.1493524316002981,-0.04973307786466939,-0.10750804343347846,0.09421352965286836,0.08183341928058306,-0.10535359265527945,4
-0.49089669718500484,0.17529639492447843,0.6609430666615373,-0.5150239286851966,-0.16009848529602863,0.013309274083262063,0.5864487406413946,-0.0679406345633867,0.06027556837423127,-0.03226571915108521,0.05290831610260816,-0.024564777768047635,0.16971549480727788,0.2275397808923129,-0.05530592649564021,-0.14626094023159772,-0.1407042843075799,-0.05033315518406417,-0.14454006299514166,-0.00943742228105631,0.11329460237835147,0.3051896277159849,-0.026395673452349562,0.06126776333391869,-0.26483464570307386,-0.13012346033098926,-0.042818982561557445,-0.030297312057445108,0.06864360583531447,0.06988149462630988,-0.15182922493476572,5
-0.5853790496171142,0.08036021393228102,-0.3216914165322584,-0.07694322782894857,-0.06699185021833516,-0.12428811056101298,-0.11064718365690783,-0.04589768371894332,0.1769884977319135,-0.42183000524509856,-0.523908577017711,0.5898932900223708,-0.3943524866552057,-0.12247024998394905,0.10092838415070635,0.23126313941987392,0.40644604048499905,0.09506363273808394,0.8386671369039208,-0.43684351552734524,0.17084299822996865,0.03962344244550804,0.09966230890371072,0.33470930044603453,-0.34254702482272215,0.2012322178659519,-0.7636914324912206,-0.8564894916253952,0.4561354154590841,0.46387145719506795,0.777307634448307,0
-0.6630733929670909,-0.00966775370394178,-0.4513770794100988,-0.05004968028667659,0.05518230187394591,-0.09112056387296014,-0.4046419912662524,-0.16077901413302745,0.30493506752328453,-0.22164559429920716,-0.5461607463600129,0.6622505409737891,-0.4143371591723368,-0.25326183586505646,0.029685232245044883,0.3592359989170477,0.17368752946119684,0.027209492060641546,0.37277693397995676,-0.5086422821058906,-0.14280062283257164,0.1257419150417724,0.16890914091885373,0.0978293380184848,-0.11180022497227368,0.0970013654422573,-0.1440064031156,-0.21960563992000126,-0.22261129240953784,0.1001234267635653,-0.03875023967411661,1
-0.33024249221646945,-0.14254958269337437,-1.2338364630634322,0.63319868212331,0.171308742619662,0.12309011243205187,0.25025833986819634,-0.040023163275092706,-0.053625287610594326,0.023821846192613724,-0.19141498674447946,0.2549398684166835,-0.1932007592383327,0.12568999243373202,-0.01655903211572291,-0.22228788804366353,0.27476549845841297,0.07432713747797923,0.5903697426466296,-0.7761291557841644,-0.4285111673355068,0.08846580159491302,0.2521986488076644,0.03339297230996264,-0.006735700604450181,0.298123579187255,-0.08165972081403383,-0.3863392508066336,-0.20412622730570965,0.22259187083874168,-0.4042240834449732,2
1.1340073175552892,1.1172091927699501,-1.455594067574303,0.8259427217370848,-0.494834566791355,0.46727922373576175,1.582716746900719,0.34830421598526107,-0.5010905317835576,-1.1117203479049387,-0.2885815227256976,-0.7845985139497099,-0.8724139335081932,-0.555050340268972,0.019185524648171772,-0.38450465635580716,-0.0977618584363069,0.23327699160419313,0.6188341217812886,-0.8966581567790308,-0.6302560708177904,-0.3784736050493197,0.049741818596399916,-0.05652993196461001,-0.31525017958348805,1.2234878164887064,0.3711357653957651,0.1970189688565647,0.23531552491584884,0.11024181771670892,-0.21497838523759147,3
-0.5932731293889022,0.044924880538600914,-0.6249722915867634,0.10313623901817501,0.02580559301315392,-0.06580996065862199,-0.30529120618218897,-0.07750502058661601,0.23246215958254748,-0.3698318174772688,-0.4533587541212088,0.5253512608200782,-0.35899037677794515,-0.11311713519501092,0.030911381696550628,0.09236969835962956,0.23461098502385908,0.08587995268222817,0.6325164693894243,-0.5811800156438381,-0.027758807618219108,0.028215370266556957,0.23959340982717708,0.057221588115339936,-0.1563137046248428,0.1930571458081679,-0.13234698015547194,-0.3001953582271228,-0.14133492254937044,0.1680100472449116,-0.15318592439219622,4
-0.6236374965731388,0.08925782344033902,-0.49877962973235257,-0.0031714816558716837,0.007245078634436112,-0.01701625234207451,-0.2887961034898916,-0.12988961451249875,0.4122707178030659,-0.6205998413375825,-0.4886381397073797,0.49759262512816566,-0.4638562264372519,-0.16167672502922006,-0.005363698722796101,-0.06696094841191591,0.39081403693497224,0.038781471017415255,0.3251322575752213,-0.4265752827050049,-0.28973074276475996,0.11790536657747748,0.2734803760206822,0.06918784698472136,-0.11830608014837907,0.13204669937548397,-0.008104996647637707,-0.09467153032458746,-0.27835737257582227,0.09396782610013181,-0.08506440236240173,5
-0.413936577855517,0.16884632638304495,0.6142714573504555,-0.4526287846480469,-0.15274944517208197,-0.010107432642477541,0.4893241236544544,-0.019294510841650864,0.030943415321873894,-0.04455015743340792,0.11004148412366986,-0.09288799153118,0.2216220518692757,0.28901529809106397,-0.018223727966335396,-0.13066797979812161,-0.17985263812544094,-0.01684373187276431,-0.026131083701290463,-0.07494397612422632,0.10475397433735033,0.17360115453105335,-0.025519863550098706,0.09808574824686161,-0.27567197948894934,-0.05656449390017521,-0.0692799644898309,-0.12042577517703251,0.1679363120987335,0.040001980120934415,-0.08953909570603202,0
-0.5049615307762508,0.1215569106646874,0.6193724563797267,-0.4987511542892155,-0.1479499471963862,-0.027390405654657588,0.5214132388037678,-0.04547023861379238,0.015539161262525936,-0.001231059128165428,0.04922006877371345,-0.06117287153936116,0.1718869523904926,0.12530149351811673,-0.03423126688093827,-0.06925911993906586,-0.1124303553240267,-0.03481466564941457,-0.12778916055869347,0.03358247030877062,0.13304813376727534,0.23539185038241356,-0.033104046881611046,0.06541287748831892,-0.23094583067173047,-0.07727698205405091,-0.08158250227309068,-0.11886698074978023,0.07575408269624807,0.0864761940873415,-0.15872422394899677,1
0.43988363232931943,-0.05881281031007045,1.545640649230068,-0.6345921375462082,-0.10158795076488279,0.17557099676529123,0.44788627712745,-0.23764302951526495,0.10016252931851104,0.21609696002110929,0.2841264136237303,-0.41231562000406635,0.5479098002294758,0.994762345418048,-0.05197756422418359,-0.4760428758683829,-0.8280839333098811,0.027225102455377598,0.4946877883313367,-0.6597227320063423,-0.47611482391405796,-0.11422539652128573,-0.09403016443094471,-0.0018966046124911128,0.3806107320747104,0.140929820873295,0.1501539001263639,0.3679008013912061,0.2624589112744696,0.05702210832159387,-0.007497511966276616,2
-0.11380666702305399,0.4814754498561558,1.2026509029413066,-0.6689483780336868,-0.15111007036127827,0.218785803857662,0.822308822074835,-0.13557855929208038,0.021488628609622397,0.10323706222946803,0.2334782466611755,-0.10070282168225768,0.49256335669765416,0.9468829754269827,-0.08568928174959375,-0.4026190190183679,-0.6337277336225753,-0.07046710753463564,0.12814955610619763,-0.374943454810936,-0.09460032931914401,0.4492164875981645,-0.011509730170267336,0.12758887713071274,-0.053447689217773445,-0.11608970344849875,0.1591824763811315,0.22697816025492126,0.4730309095261775,0.03645595899642705,0.014970806252696188,3
-0.505939006521011,0.045067400430380586,0.739797745693441,-0.5021201320259506,-0.16290208023987024,-0.1329582865214187,0.5025228174963473,0.01853906126849815,-0.08673481112032035,0.15991601224149576,0.10032676304901826,-0.13768119120303962,0.2247408448477074,-0.06822897153292484,-0.020902253674959514,0.027668182074808458,-0.12554826979786202,-0.0259338950056994,-0.01034180626387677,0.004970835504716977,0.10849676226897527,0.11142156916656144,-0.032645945408329685,0.01155776077375642,-0.07721730440482204,-0.10049294292237147,-0.08029695713305983,-0.15574466062056114,0.0648262325996914,0.0683681171968124,-0.10598766266331203,4
-0.53903000927847,0.10016031362792419,0.6773971192105489,-0.5314724177461752,-0.16228162048302705,-0.0423417447385413,0.5622531294454883,-0.044553563169538374,-0.003429866895815431,0.0726323051135648,0.029072512328029442,-0.02904702717004612,0.14222347086393433,0.027531123353970344,-0.04808828609840347,-0.006461981499637674,-0.08253382472161501,-0.04578068419761408,-0.14803918111580228,0.002300361875268696,0.11684666526057118,0.22973733042472974,-0.0595771981620685,0.032770738706209473,-0.14440333791264728,-0.17856052526542274,-0.06840899951184479,-0.08477969151287208,-0.02170923670793228,0.033694105555066634,-0.1291501672165636,5
3.966735623901479,12.562933586949006,1.7422022298175246,9.708342298022888,-13.214049926202959,-4.06698162664565,-1.0654178925514823,-9.824903255446838,-0.17654270045051892,0.48190900888957433,2.0298237017035663,0.6248398095627344,0.502110984296761,-0.3764108249303015,-0.11781196028548287,-0.09667322293364128,0.39642161812702204,-0.9483979636094128,0.11009996941737095,0.11147083703327945,0.1545310259787773,-0.1423700200176878,0.08844521041244552,0.17102520174182145,-0.021087217968769025,-0.07165271332187792,0.11130052899204418,-0.20694576201457612,0.02625653339462241,-0.0808050320589796,-0.15925002150566545,0
-0.6490670062349799,-0.08980604660156734,-0.650946868569832,0.15409772647767006,0.15315852250021025,-0.0840768428489436,-0.6371895332781801,-0.13121052235331648,0.13961082241568593,0.2851524920784402,-0.3960267817132335,0.5865044547317672,-0.16981479659156215,-0.1909507663310457,0.09351818215245812,0.5195722968126957,-0.22564797988840707,0.01771421069984686,0.23194403812196812,-0.6337146162665552,-0.2654394658958761,0.11843430174579822,0.0421428437612317,-0.09456155398430575,-0.1946177431754615,0.12366896032274953,-0.021627493190447225,-0.29749378410761484,-0.12826979922163362,0.010096325762819878,-0.051046151361375906,1
-0.07413713210103139,-0.48302538918331483,-1.5666854346340253,1.1679179472173282,0.33856984766119885,0.2208662104015275,0.502140214451386,0.018766713473013435,-0.3784487305710679,0.7776752341133351,-0.0027510049365002307,0.3657384603667845,0.0835079547158226,0.35077048618592815,-0.020639697429136652,-0.14673569160803424,0.11989253569604895,0.05161785852324952,0.4878903817565372,-0.8012760021273099,-0.25353347697327266,0.31839778656848533,0.2517480499492289,-0.03310798347851328,-0.07791309417625161,0.06260698746441036,-0.14195476638386095,-0.4460336576951377,-0.27132579538109985,0.2239167668720452,-0.42989133396769447,2
-0.07954109805336067,0.06704143240880032,-1.3754790055609962,0.6927849259340776,0.03893605302364382,0.1840288519905315,0.6693701634441961,0.03430761986586837,-0.11720914461933352,-0.41841013347450506,-0.14764248532095678,-0.11891777075488094,-0.35495555332002476,-0.03263789266488079,-0.059943054029981666,-0.4649315310861276,0.39215900254354624,0.13352306210199769,0.6152312785679187,-0.7360296689945953,-0.5271205416406933,-0.11616821886970928,0.19210795438233771,-0.004719788108295229,0.021601273020484646,0.5259178037583682,-0.011605984993772531,-0.27785493279275014,-0.15717348974595372,0.1020935068720362,-0.3988212061803258,3
-0.5554776443894544,0.08154903840013579,-0.7079985087469126,0.16574452530193146,0.05355983923331727,-0.004802264531753715,-0.20812070960543855,-0.0555177113601811,0.2854470728898481,-0.5139324687950474,-0.39759633783986803,0.33409047854424,-0.3396884818547366,-0.0747513122708774,-0.010705030259385082,-0.17134185995894238,0.27012201946442854,0.08554030583091028,0.45062489708023856,-0.46215560857215254,-0.22979826633655087,-0.04454956692800303,0.2339775998824552,0.017708505393798746,-0.17255807201188492,0.2863224490058456,-0.001612190398013156,-0.29901272971158177,-0.11624970419008497,0.12721124359966332,-0.3055069314416552,4
-0.651044120676265,0.027247068114475505,-0.6414349726887375,0.05533400067891312,0.06841324203243632,-0.042124348629101444,-0.4538572842877585,-0.15960871403982071,0.3992677612830799,-0.4722226321755194,-0.5178111734548734,0.5817322099036439,-0.440674094448538,-0.15557501090541165,-0.011140922415485782,0.07998892564367968,0.2643334688840706,0.028303738338298096,0.38085545450788044,-0.492920932411875,-0.2743225706960148,0.13312996305281108,0.2567437296317684,0.05579510008522954,-0.05986807190679795,0.12583524979122093,-0.015645452584981522,-0.12742349488919633,-0.22381996090854364,0.13558100704007983,-0.11285492807127169,5
-0.12625820148967964,0.6151249487036654,0.5271704818656143,-0.45017486057862205,-0.29859837695822145,-0.28674505403057143,0.5081781851496023,0.2835177545965257,-0.3069819853238935,-0.455435894623434,-0.049724326962290004,-0.0384347583234007,0.38866883389542695,0.9179556252710609,-0.033855284886679354,0.07948545364548415,-0.18835746102803103,0.04549768765538959,0.9899418296131609,0.3208612539251732,0.21271549116057364,0.6600795028452294,-0.33694578256686564,0.4038084614988329,-0.6219197839331088,-0.14992060731274182,-0.1623331833722818,-0.6213363745343506,1.3046174220635076,0.6802781858325948,0.7454437285987096,0
-0.4777037744423176,0.12964641801306262,0.5989410953787847,-0.46682856502971637,-0.10875896342801784,-0.0047267651639552235,0.4518259615126615,-0.04707384560178662,0.038892598911697725,-0.032256538011069126,0.11715733924088674,-0.1467134017675778,0.20423139725590156,0.11961950839944797,-0.0430969645676365,-0.09725015105457127,-0.11609455788314908,-0.046288556534074536,-0.12717496151103003,-0.02906085137477578,0.08899298634225011,0.2271989433977977,-0.022533195797289667,0.04000714064035134,-0.23156110734366445,-0.11725479803392624,-0.041717862462927524,-0.0467443561466276,0.014678320961733259,0.059723880209991795,-0.14890496647669632,1
0.43383199952020457,-0.5563398515094471,1.3919926752544178,-0.2634947618873842,-0.17074857571058047,0.09516136663683336,0.06768854658502924,-0.11197067107146069,-0.05169821488885776,0.19598520118941137,0.19929499041169474,-0.7440370857894876,-0.008976687936013469,0.9308220342930912,0.019316392263975416,-0.11447968162585123,-0.24407687328471114,0.025358933350408668,0.249305914614199,-0.49405973906979694,-0.28479016830145865,-0.3352317782560997,-0.11760735893753194,-0.02634718400805602,0.2592587333794641,0.3051088916702171,-0.004587741195621711,0.14893356469995214,0.025082887087991956,0.1693705783914793,-0.17074976868337866,2
0.1116328346544683,0.47888498503366306,1.4627755256563215,-0.741101267789078,-0.0653976517069581,0.13674309437499554,0.7729324349615581,-0.08822754155875286,0.012707896424628088,0.19455768771799184,0.32844417181595287,-0.23051168623371163,0.7555952966512509,1.0624241848733664,-0.11616925801993534,-0.5155741046734789,-0.8724127788286814,-0.08718362852299137,0.3939597006991213,-0.5170679885427947,-0.28794198867506204,0.43186979978986373,0.03715751394343334,0.1740341905509862,0.15789232039924894,-0.09642001518337563,0.1763021322393826,0.2626296128313721,0.5827826209159156,0.05086709191273882,0.11275950259812255,3
-0.5541966605195878,0.10077138428346866,0.5130254051666142,-0.4746848617843629,-0.12553027835575653,-0.05457417957144207,0.41169469190211616,-0.04277527768368046,0.0531112835166315,-0.04288287480149296,0.07104718119618542,-0.09811742682121821,0.14566103814955414,-0.010392079074043393,-0.04395781516375941,0.01310021333251471,-0.054666469251311404,-0.06325278367723869,-0.21307147776466673,0.07669783916108484,0.17657281056054444,0.2695957536767888,-0.04048335591152336,0.03637901840053679,-0.2225725926914365,-0.12536158844680986,-0.13032826109314827,-0.1389390911871926,-0.011043261962362967,0.07171026394908477,-0.19885704021143194,4
-0.5132337761903943,0.12935116213246053,0.6019681305047667,-0.4959092228892478,-0.137027626829606,0.00018479020866815936,0.46176594552196093,-0.03252286705096335,0.04820948108443964,-0.023373429587141076,0.13003386891871033,-0.16353289090050846,0.21990068838487464,0.0954797096160794,-0.045671439449281225,-0.06259866722416174,-0.1181975128264711,-0.06623890741873036,-0.18567599719421266,0.015582751728155365,0.12520950811385587,0.284147883138323,-0.05252935340374509,0.06079506866865376,-0.25248171239662925,-0.1440670914650714,-0.09573651803091529,-0.08194835257518682,0.009453231989907012,0.07454349875179876,-0.19579009712465525,5
-0.5284184090409006,0.0750626158880556,-0.4145608054736462,4.1032591292969844e-05,0.06725497126894493,-0.0035366481426066195,-0.27187806950620474,-0.05460175876230836,0.20940108226699297,-0.47562947948463963,-0.062019390452243556,-0.1025147320203112,-0.0474161705024406,-0.008588711601055562,-0.04714055346878094,-0.14338052892976821,0.07064685592453718,0.0006449257582167986,-0.07671289120587672,0.09197329528008094,-0.01375686044244984,-0.12491111979615108,-0.02650249139105785,0.03998735646970981,-0.1393374711331515,0.1220916401789586,-0.09117202492681466,-0.13306115354837006,0.06591127938768207,-0.027093207036540536,-0.17577773935295327,0
-0.4667108219548838,0.10309525384107907,-0.49184238957131776,0.04938625825828215,0.07135533961709445,0.024822804145304037,-0.19255919088034504,-0.03244419295483993,0.1668219707767399,-0.5131398548300479,-0.020336281152033155,-0.17056079634448254,-0.05912406909921974,0.042373982659984974,-0.058611030523551884,-0.2521322452802756,0.08893616470188906,0.02368189136987593,-0.02997394967892469,0.10921364490395137,-0.007301610299105906,-0.1705458455529441,-0.00487948308023495,0.04418570661721821,-0.12760979475353018,0.17930202675172077,-0.06815747426122667,-0.09941452189964138,0.04028233818209748,0.011785235546560522,-0.14584733963900448,1
0.029561154153130605,-0.1647915754656815,-1.0226629744764053,0.4966738641352769,0.13584378410645323,0.02161019487793111,0.20095425187250304,0.14346003667568044,-0.26889879053248167,0.15433334682770916,0.21907105857239031,-0.14436491486277817,0.24235801544195887,0.28507675446499614,-0.019830881459579945,-0.3588231304862436,-0.03062405810528336,0.06265821666695318,0.08428182734455246,0.1779820748587375,0.2383875935349201,-0.3758411046471063,0.0581144273819735,-0.05721693602292974,-0.16018756961052638,0.13584330328292268,-0.15133541481022386,-0.20253353857193665,-0.23706317822196232,-0.031082480438764205,-0.04325792176667685,2
-0.4597802180838015,0.0739608679409725,-0.5388762510596613,0.0773971726009059,0.08031352722210648,0.017262216679333003,-0.2010303869447601,-0.0314387146854531,0.14674304048094572,-0.4503267222361158,-0.011943640129466304,-0.1739946776442883,-0.03713730368734948,0.06506945003818213,-0.061811730307965336,-0.23928400034156438,0.060687454505115174,0.0283458288774181,-0.031348594204119395,0.11147697330287222,-0.00800054100281764,-0.20680426710166144,-0.01856858063950671,0.05072324727672997,-0.12284395438551751,0.1920503210789494,-0.09408445982860861,-0.10744246637344944,0.026092592529976505,-0.0142292481868757,-0.15655333218756645,3
-0.4556235289538575,0.1428280518029191,-0.3920902579621361,0.009810127180774007,0.05556249642730758,0.019762875796608716,-0.1622491042105484,-0.02206029240392172,0.1695175177691924,-0.5495011715818733,-0.010658667521916264,-0.20787318258872114,-0.03510284456452843,0.03321131061951722,-0.06422978619482567,-0.23473951115129707,0.08359763449152854,0.03338001753294781,-0.04914007632303886,0.11413369762599196,0.014434558817626604,-0.16778002995079747,-0.010123095824230351,0.05930567839420322,-0.20572883960328311,0.20539778905330552,-0.075744164013072,-0.11919594994784709,0.03993714848627225,0.0018449168613789537,-0.18164899416827648,4
-0.40355181318278244,0.12095472024442672,-0.5632948567619449,0.09055100640977096,0.07278893786237078,0.07856641973094666,-0.09979990941864081,-0.03178616999421506,0.14939333595776513,-0.5274107167184743,0.0001896156086362626,-0.2430234591215124,-0.06451240494696273,0.08460215134802875,-0.07312733933405746,-0.3411918273090948,0.11151347171320757,0.030756661075293606,-0.030333138955350704,0.1514014446073165,-0.0665747019071389,-0.23353052059203566,-0.0024532615689432653,0.06658814344538898,-0.1568003205092958,0.28978663381543357,-0.09259910732866265,-0.08340464617482556,0.031579236859327474,0.04546721573730079,-0.2041759153975228,5
-0.13830484456339337,0.19184254342694582,0.5605498094447009,-0.4323673284999554,-0.030800066406489576,0.11345782723011338,0.22818000202388383,-0.061273523673566296,0.04105782331244459,-0.149516343294442,0.3181903875569907,-0.45727018701526767,0.3905091723265916,0.4212458158611912,-0.04126935930381313,-0.1910600940272912,-0.20099427710317902,0.007620616545490867,0.057036978724801485,-0.20367925262076342,0.015847805930766474,0.17756437561144447,0.0038185760303514065,0.11462663752061443,-0.22300033877712758,-0.023704037126564378,-0.040494500086340576,0.026266042586690002,0.03913918041816185,0.10673763586272204,0.040569175899385156,0
-0.4505149720753776,0.07111729721814547,0.5414544564249072,-0.4111421203086187,-0.08634938281651758,-0.019706268156188842,0.2269234390340051,-0.002683993093237178,-0.002626755594987855,-0.027382297477206764,0.26458800768043933,-0.39691683711781184,0.290975655517288,0.0071282949857459175,-0.041927006474809854,0.002231831695030887,-0.06513178710377508,-0.0521580593242497,-0.11223548727895583,-0.07913428820771944,0.07389051114091662,0.22096806318303236,-0.042312145432091226,0.02441873855515162,-0.1171425034234827,-0.17645606971221184,-0.07389524906847815,-0.035225196050860386,-0.08155541413732618,0.03987622830353522,-0.04289006724584957,1
-0.15701958853847775,-0.3531582985037074,0.6652759908377412,-0.08586081512110134,-0.11069623048520995,-0.05462610395947945,-0.12461879126276544,0.08310629755351362,-0.2182650453340925,0.23333976692049135,0.27399854429100856,-0.6629920544503104,-0.04119718579174443,0.13199515710938228,0.015464951940775669,0.05453216643279259,0.17918734083647297,-0.01915053731858114,0.0037268336089030904,-0.027141044006090787,0.05020154737382733,-0.03457144089827602,0.11618280975616216,0.10333973344777274,-0.0702976451831149,0.17714435453518906,0.015962719665640314,0.08099454118871331,-0.015020322677981328,0.1416582334295937,-0.020174224235812804,2
-0.3992386273846394,-0.05132638040284741,0.6048214822833672,-0.34570282682679637,-0.10327146910227615,-0.07906200205622751,0.13911431024123352,0.025430812412476817,-0.10831548383424489,0.0960769668236306,0.23936196843184596,-0.47327307053113105,0.2747474331925271,-0.06161382916383999,-0.01988467939663129,0.05123037184954902,-0.041646928118035,-0.022100882077327525,-0.035115779865566965,-0.14762374470414558,-0.004491257555635234,0.03578936367073678,-0.05524427372337569,0.02425827462994331,-0.06101489870646723,-0.11242202740819368,-0.08094633254036532,-0.050911799007805326,-0.11389823937988472,-0.0083311223951114,-0.007485655249268737,3
-0.45781228746767816,0.07570093307790975,0.5099784081770056,-0.4022380124519825,-0.08744683622644243,-0.02629060457588119,0.24519220115312731,-0.01946025395451945,0.001648417368002943,-0.05316896630526526,0.19129489757171367,-0.3162650315200078,0.2515721644235492,0.01766971019052632,-0.027029228797615733,-0.007614459323294131,-0.04698128438594181,-0.03773831747953391,-0.08640445561402983,-0.10153260061007621,0.06887497612529855,0.20039885277771494,-0.04617539267693023,0.023090821351824976,-0.13016311829178415,-0.20761243145030062,-0.06778968888524625,-0.04516243873041023,-0.06463848331751652,0.02137761108178429,-0.005092929068190288,4
-0.4020106203512336,-0.02911743956489352,0.5696486164317931,-0.3666864887922316,-0.09866507015130861,-0.06270133084458997,0.14387696025489013,0.025011305967276874,-0.0827381947787889,0.044546784081555005,0.2562034532013831,-0.46370551466836196,0.282351438758572,-0.042783673622222594,-0.024925451146068704,0.030691983926603175,-0.0363843198386788,-0.02796855053067134,-0.03073189066505777,-0.09899317736998231,0.024042280181203756,0.10702451080866329,-0.03394387348987453,0.02851901626977116,-0.0550474112738518,-0.12108069928146369,-0.06352456743307919,-0.03217009910244804,-0.09475516419702357,0.055164925723256014,-0.005619584582232489,5
-0.4144376071369764,0.093505179143965,-0.271364732691672,-0.05320064661584944,0.04862551255177193,0.023383891563624457,-0.14281057298908792,-0.018492787151784443,0.12928567316850453,-0.4084041319293456,0.11393680363348953,-0.32679458533835326,0.09414720529849487,0.0790039027761793,-0.05190334408858151,-0.18576572162482363,0.02181472586961036,0.01011121891833996,-0.12774239529837603,0.18227233398506534,0.08753795900476088,-0.1569724607674553,-0.046377216068836095,0.07632334211558198,-0.2254141408225199,0.14109103082962196,-0.12632299296053423,-0.0998452568826357,0.040471263976525174,0.0017885388879265963,-0.1176108748096372,0
-0.4683293419521554,0.055218638604830346,-0.3636377737668838,-0.01466620995623899,0.06042974880882519,-0.006210001060219628,-0.1964951887574634,-0.025375883702760813,0.14104488015148617,-0.36491201213558155,0.06270538042618122,-0.241487348776797,0.06173704717397765,0.0688817916772919,-0.054339780431140426,-0.16650392737509354,-0.015191551391476358,-0.0009672780193272094,-0.12251012833784025,0.2026867266391078,0.0795891740177923,-0.18524159084998368,-0.045084418269493456,0.050809531143276264,-0.20697236906155533,0.16629208424445996,-0.13355993205304037,-0.1416368026291367,0.07928027421608204,0.01746949165166474,-0.23270026354754744,1
-0.30134742835672307,-0.17280773637377447,-0.7288502164361802,0.3421377206578626,0.15845238850692156,0.01583654110618744,-0.12823699345322412,0.01588874099499977,-0.10457991418938176,0.22602736270760096,0.1319476928966794,-0.1161949737193163,0.2033525993330753,0.24753271921362827,-0.011542025160066787,-0.17895605788382385,-0.1375241645599035,0.016755969548726317,-0.03634709741403164,0.17984073351312563,0.11740775503804998,-0.2809310858861048,-0.0011096505599174377,0.0034775663244012308,-0.22004785923920084,0.16306013492967522,-0.17322223026063877,-0.19426377446951154,-0.07916826317987749,0.008295635823806288,-0.19376365918870112,2
-0.41446482816337965,0.08533685541082295,-0.3821338797474702,0.000832605776287637,0.05874469868325818,0.019149664021038987,-0.13921766327425733,-0.014908856907895795,0.12522831871019166,-0.4087793240534349,0.08141089519883961,-0.29043836855555566,0.05764759575203864,0.09324934654218951,-0.05935367852771821,-0.22275641301647425,0.010467737218416073,0.019165428284013127,-0.1013562411299767,0.19490963541743506,0.06294579637268094,-0.21204982418961896,-0.03321378795328875,0.06801117667916638,-0.22727195263263186,0.20799799887138246,-0.1287404872366689,-0.12268878828131083,0.044587172824612345,0.019684987183932974,-0.1994212278643983,3
-0.4756959767982002,0.1106095300218533,-0.2152062952054542,-0.09626969329387461,0.03271949472930245,0.0010052652767416597,-0.13600278689685644,-0.02776796879569714,0.16729671418223452,-0.4618852464598793,0.053000962398115144,-0.24476856304677239,0.04611320555121343,0.0335445410946483,-0.053168405052650296,-0.16170181015650195,0.03339609069391838,-0.005292461890776172,-0.12005893477633985,0.1579940652617261,0.07993933167189807,-0.08562027862272391,-0.01881051905825212,0.06060176441676531,-0.24903711482778462,0.13402645037311509,-0.11170535746437467,-0.12138806219316407,0.07595125072607409,0.04695858841484602,-0.20694898783929522,4
-0.4286687614579147,0.09250529553996246,-0.36671925766411434,-0.015917078786631816,0.05864732932129904,0.030302603120416716,-0.14578209597009165,-0.026781863453099516,0.15026422956933896,-0.4349919913174753,0.0823886081094139,-0.2885860262325487,0.0485473049366456,0.08526515716051385,-0.06473410015365484,-0.2353062554782752,0.02832495512150516,0.007666236482098438,-0.11839718615974829,0.20747931557105362,0.052311007148926524,-0.1855437236618643,-0.03017574833903577,0.06535343643308264,-0.20805939876657506,0.19278970953853478,-0.11953431317016752,-0.09051574859870627,0.05327182559942031,0.03743294682231488,-0.1934384640865631,5
-0.24158066350484778,0.1319839886780763,0.5075937918946621,-0.3646555807042163,-0.07317713134384005,0.018665919072549955,0.23417436822723978,-0.014240788100736758,0.00279178583853052,-0.13890113901498485,0.2226513994455183,-0.3424506684322256,0.3180929984280565,0.29275127197008194,-0.021659762585409532,-0.12977463845503506,-0.1248187865911912,0.01542518593035233,0.07166126298388176,-0.19220163150659064,0.03132418327970719,0.12490191621721301,-0.0017331374517673274,0.08063952196147249,-0.18619248868282048,-0.08357219703542615,-0.031405252920902633,-0.03932394142074389,0.05245025110384349,0.04506338008517538,0.07388666235414787,0
-0.4669025600114054,0.03777373305076665,0.5139985858693136,-0.37698183680025105,-0.09532960813289167,-0.039409879271853965,0.24618208413210724,-0.01618985770595331,-0.01240701190255788,-0.002356297999450883,0.1362573679017637,-0.2589057201589442,0.18491824184944575,-0.03871435339734904,-0.009863199497450513,0.026394778243167535,-0.005179910713913882,-0.02866159038012945,-0.08856961261482905,-0.13083911075269491,0.020791233833212984,0.11527259268077149,-0.05450299365428645,0.0032279092042983666,-0.0985858373726183,-0.19559322191892367,-0.04286244447904433,-0.03592245167512225,-0.11136587057335365,-0.022096083615148577,-0.0033074021933508567,1
0.3034467545649395,-0.9749054860674564,1.053537744386552,0.6115770965963067,-0.06419672178329176,-0.10146205871860041,-0.5304426216209869,0.3126419440744564,-0.6206946616729371,0.49789329729216086,0.1802895473109564,-0.47956930684647625,-0.06777050469434116,-0.42318208455989514,-0.07017102090633036,-0.30045000285404977,0.1431218159864083,0.06856543577627837,0.23163134916021208,0.1096694067289479,-0.1790610457502133,-0.2026014932206371,0.21017345209288876,0.14109550061065965,-0.2377144390701614,0.27814072197519385,0.1129758915747155,0.12070248066426628,-0.024227629152552856,-0.023294649883318284,0.03609776853107832,2
-0.3005556513279943,0.04505904889935474,0.5852532587704127,-0.3520212630865451,-0.1053108264809426,-0.023552230481281772,0.226914132130755,0.011846553275549558,-0.040406700041831035,-0.03957267236446295,0.2150842701619269,-0.3253179988484552,0.2864305655205369,0.17553633529585927,-0.010403200162195916,-0.06682166386150763,-0.09354991409454778,0.008384593920441845,0.05021876269875179,-0.21907278481021755,-0.01197110378942771,0.06440992962374105,-0.011620330148479904,0.03714864396562216,-0.09070573054729301,-0.11600167027100292,-0.03903609715689573,-0.029151809761373864,-0.024075165677101305,-0.013009106670547225,0.05787913282334116,3
-0.4395753202702058,0.06168547492808159,0.5211331745884844,-0.3781056736677542,-0.11317520351510925,-0.029851761173808177,0.28061965710530745,-0.014472558716589696,-0.0070019563668026535,-0.034292531496424465,0.12871324049303196,-0.2121698055369187,0.18805861298280285,0.041015980413624135,-0.014914320527058956,-0.012827288174469622,-0.024583744705868268,-0.0184545649413474,-0.040235376649999044,-0.13305413833379176,0.030310674755192172,0.12502368720090634,-0.028159232980454734,0.013505373767997507,-0.11050365950783914,-0.1670300988271751,-0.040668934287999774,-0.03558835882041782,-0.057231203024203654,0.01056040150430968,-0.0026359714330023635,4
-0.38343187766362347,0.05442607059788972,0.6129071519212278,-0.40417717601506087,-0.10620131652515265,-0.006844631764314885,0.27024529497894606,-0.01092294130548537,-0.02456602884227651,-0.006289883031829564,0.2240004969639554,-0.3360502742097599,0.27197567335958084,0.09335100487236953,-0.024613327518301177,-0.05003242628972485,-0.07693923487690194,-0.023100691225372685,-0.021593045543429508,-0.1573152800969052,0.004231979347738994,0.15222204930971114,-0.032259237346051454,0.019420029044092724,-0.08006451702055019,-0.15961255808848723,-0.027999857553841597,0.008296745554519598,-0.06273918673028175,0.03666047084570808,-0.0011061397894147227,5
-0.39298746614615204,0.1670532742877739,-0.29959939766107424,-0.052106684784682375,0.0734163310149224,0.056646644555621774,-0.1264339938308825,-0.017161442140711566,0.14687241344982732,-0.5235414530549665,0.11492559102154938,-0.3780226978022714,0.06777684002960803,0.09250852823060016,-0.0810892865321259,-0.27171962218919854,0.023378148033451184,0.019493339409423067,-0.16323306096865658,0.26424424912211125,0.08813001450051222,-0.18778448372880682,-0.05439886022734392,0.09945575679507632,-0.27848080840826184,0.24615264165832978,-0.13169088941339507,-0.09838360590506603,0.07258351875030873,0.020042876179858986,-0.19386705494608614,0
-0.3948666604562031,0.1508814599653141,-0.3526815829735367,-0.02949426281277011,0.06880188573704338,0.0495030077128831,-0.12915251873514597,-0.015107587478517745,0.14750010634443092,-0.5094569206520649,0.10970519940583151,-0.3585428012444754,0.05114641822709111,0.1000211221040035,-0.07766531888353591,-0.2885692453824904,0.026339862270279575,0.018617748929695994,-0.14591049564192654,0.26816192747142514,0.07763007720588597,-0.19791922579555174,-0.04498656660343663,0.08050180266446681,-0.24449029968049993,0.24121264732510983,-0.12895754074585902,-0.08203564144606121,0.07214308500185429,0.03042481206275381,-0.18417763298349743,1
-0.27902798614527796,-0.11393333538662573,-0.7320325101844232,0.249630804591472,0.16770176884895963,0.04992904268365134,-0.08209590640538406,-0.04380564080742157,0.013021851097304233,0.04726186342814657,0.17305123861233376,-0.3124432631969663,0.20059850011925082,0.27041673579426445,-0.07325174085829896,-0.3025319455325001,-0.06637934966672468,0.009843173058071386,-0.17430347289463852,0.4048096843214324,0.05684038780886782,-0.39255145917112355,-0.06533349406521681,0.08813847107323139,-0.1756809485768117,0.25076371348906534,-0.23358294512550085,-0.12842475275830068,-0.037859610260184244,-0.038163355919012175,-0.18635409497617905,2
-0.39337168649536675,0.08654318035785263,-0.4393102176822491,0.010406923823560853,0.08649013977612961,0.025539492840864104,-0.16991128314185203,-0.010958109736696442,0.12244285193831315,-0.40210372556855534,0.13781346143159715,-0.36117818044313904,0.09453758390507207,0.1308455028427402,-0.07290249453813921,-0.27489225592672534,-0.02103456303874026,0.013367270119058148,-0.16623680453561154,0.33668901357268183,0.10762356107948993,-0.27595785915508075,-0.059224740339255656,0.06878502653742305,-0.2053538554954168,0.23635611452888897,-0.1579764796674639,-0.09774762583668338,0.06638657951964103,0.0059140913744599845,-0.18746832718685236,3
-0.2969731759179141,0.2506691356434854,-0.3232536360650507,-0.05038914169089379,0.06291809089945988,0.11219392117785972,-0.05440122150367256,-0.0006342863163706358,0.11891689383038816,-0.5990803388416381,0.14572775585771022,-0.4569502549071285,0.03892496454962998,0.1309234746173593,-0.09073540333665027,-0.3457379504151943,0.017621121565930053,0.040049502629189306,-0.14309520942561615,0.2912169594927794,0.08209433176128036,-0.21109771864515925,-0.032629111723619306,0.12867708807859013,-0.32734648275934114,0.3676471822002466,-0.12592616041194724,-0.04558660647696949,0.04268802822451433,0.0753238972062792,-0.18983242414434454,4
-0.27097713881777385,0.21982133744197555,-0.4380717465596086,-0.011877588510510432,0.08225384537038247,0.1168319387365182,-0.03718732855159939,-0.018617717615496437,0.12553032135610154,-0.570999406143093,0.14340672507008276,-0.47449029580528057,0.027289402636600988,0.13987261285781172,-0.10001073211011074,-0.4077672717702058,0.056090553277802234,0.042120383295430136,-0.12403177110045528,0.3402150056619591,0.05869162468062191,-0.26146952413070973,-0.036802552297969346,0.11072133687167386,-0.2661019713671684,0.37161761019805417,-0.1273756526702678,-0.0038018733735076336,0.05921150045147374,0.09217021954752376,-0.15413579713816453,5
-0.03059377807316558,0.2757627199738247,0.41134942549156245,-0.39372654899558857,0.00015929748907023679,0.15196873158883956,0.22013941868810333,-0.07853651313609508,0.08526809867568262,-0.23897751018182362,0.296678831410899,-0.488624920548434,0.3720456153727626,0.46812960378144075,-0.04327728241415612,-0.22606172093161558,-0.21104704895508566,0.019470033553389703,0.05857247264223334,-0.14028342548144432,0.03811359257090183,0.10468699269817258,0.017051072877139223,0.16728819258690789,-0.37861374919898017,0.1154569043113798,-0.04743422711572317,0.012366307498650428,0.09186679492114083,0.13616345560346382,0.006014978156575757,0
-0.3317513381950239,0.15498503800114483,0.3682072139748589,-0.35287003380619547,-0.026101266593946872,0.03551397618833518,0.12988782721991515,-0.020768764034969234,0.05317583025190916,-0.20651077776625515,0.2924308292586615,-0.4551186344904445,0.32651604479965707,0.19674794023192713,-0.05453011497002934,-0.11626255766221573,-0.08169612679197691,-0.021293621182252483,-0.0738143411080338,-0.028818631393512418,0.10525342205906509,0.17784218901455973,-0.006836593829948452,0.09892258141149915,-0.2601455821558518,-0.049949062026896286,-0.09566801411350782,-0.03992445731143604,-0.014816083728962972,0.09527439452758801,-0.029403229857207558,1
-0.08289929329936663,-0.35944065597239294,0.7385175992851329,-0.11844621606211357,-0.08762585735873556,-0.0944180150699238,-0.14545680238425054,0.09280561267886284,-0.22123256282144635,0.21563898589040606,0.30884082101180127,-0.685075009957686,0.23408060839790537,-0.072522697117949,-0.0485500845494154,-0.09353703267950304,-0.003293872309097362,0.018264435680953255,0.1200164917622731,-0.02682137838205665,-0.09911713210360946,-0.15914830786043901,0.06760457858449424,0.11158018689934786,-0.10183330825526435,0.17065252815017654,-0.039140061315437444,0.04245088757934029,-0.15043098957453283,0.08396180108197954,-0.031137203092372997,2
0.544506268886882,-0.4002668621322744,0.8620883211576125,-0.24448836618899347,-0.0680591637395576,0.054520099692729654,-0.11227173669933452,-0.0767544827925876,0.020656974530167772,0.004250471999643248,0.33190159904390576,-0.754372170505559,0.2887491717510758,0.616149817684155,-0.01394827466859946,-0.1286229585581809,-0.1525866086658517,0.047431848914892875,0.208365665201776,-0.27593975345509314,-0.1384748057889136,-0.21941048756234527,0.052705989717353775,0.15300768643734186,-0.0662741745631697,0.28122030336021225,-0.10767890779888356,0.0508218415110605,-0.25158897550782616,0.1181517853345803,0.08404975665638136,3
-0.34339640418870415,0.08937322221520376,0.3184823646995637,-0.32372967004615877,-0.016213441378732964,0.0004824428325312688,0.036753065165535205,-0.006412792775210145,0.03376301258731892,-0.17483393923746296,0.3244622776475324,-0.52862968510568,0.3478903080392235,0.12751544682081134,-0.048649478961155526,-0.07224002597222963,-0.056908242636242244,-0.01928466531888117,-0.10166534508874281,0.013565546356099285,0.1188553652520895,0.11095605196169744,-0.017306976589106494,0.0998807441151557,-0.2330093269835975,-0.04002119576511778,-0.1285019800805985,-0.06464303094741167,-0.06379244106297574,0.06969621654511166,-0.0208033837117747,4
-0.2277473586553298,0.1530580358895092,0.38867385143113575,-0.3628931506859663,-0.006073646448434253,0.06815926873897621,0.11304623195268923,-0.037136237981037885,0.05498462794644768,-0.19753672131686872,0.3338396631005213,-0.5275657777383158,0.3734420267729083,0.2676409617151023,-0.0552409271320741,-0.15209291252969662,-0.10683294823850908,-0.0016246843423963228,-0.03713040645071098,-0.058175600872979086,0.07477825487990956,0.1288260424024652,0.008392880766757203,0.12497407647234127,-0.2702765598144691,0.005938307181643455,-0.09566072412677967,-0.008760064700634871,-0.04436913037317037,0.10955113266451548,-0.007024898025302285,5
-0.39789639473763644,0.15631895777567353,-0.31036461926307674,-0.049579545460743994,0.07425408828256978,0.04741955669722448,-0.13284487957842267,-0.018061149571731154,0.14182391961833388,-0.5164976753616048,0.11472703432206618,-0.37302531422321866,0.06856187829733347,0.09464639668214124,-0.06854891365712369,-0.2677227601973126,0.018429483708511225,0.019419926892820853,-0.16404641448240267,0.2708072342861073,0.08623588976457469,-0.19578925173230366,-0.05269034537883084,0.09347218189255763,-0.27804958170982874,0.24348078059719275,-0.13971372838973867,-0.10363840121888758,0.07864146795564016,0.022960886295492436,-0.2001418743262485,0
-0.38929050294935763,0.1601079274867173,-0.3439789436224442,-0.03552469822760891,0.06870924752223448,0.053486313251393164,-0.1224676436007284,-0.01240854186378399,0.14618453297772657,-0.5208626830507103,0.11917976203856992,-0.36645784720194075,0.04852315993479675,0.10389311468778374,-0.07707776852534409,-0.2941526579842944,0.022455562088212977,0.017755042982640905,-0.1489365000063581,0.27622989901407624,0.08439108895681428,-0.19665237028839602,-0.039445572154169536,0.08102376537937922,-0.25376037869565277,0.2545775952399862,-0.12971925913042545,-0.0781076962907054,0.07211556297508522,0.04191218313188361,-0.19588031761334826,1
-0.273150364119531,-0.10740447952129183,-0.7340993043272401,0.24358908237060464,0.16622721809668378,0.05207901800056249,-0.08190583033940493,-0.040947169666963566,0.017269863128422592,0.03784131432659601,0.18298071291915366,-0.3237389349706032,0.20498445338214236,0.2706605844951945,-0.06928735515285869,-0.3132390539074199,-0.06699898366541644,0.010564005480058949,-0.18581726664725448,0.426118072900748,0.057174849656680994,-0.4067099018743832,-0.0548656272059022,0.08116121300993906,-0.17629003396286408,0.25268874819522275,-0.24931471472840683,-0.11725981205591819,-0.035987081032958244,-0.04542447002057591,-0.17187505211826987,2
-0.3969472018547935,0.08778969421466519,-0.4347347072438591,0.006602818715407297,0.08677375158193855,0.025202567610716202,-0.17529387219459813,-0.014111004052746018,0.12426025319753242,-0.4067448328102557,0.13599984418947889,-0.36412648774097467,0.09746209792319149,0.1303481832586557,-0.07380304573911045,-0.2732616782021476,-0.018567133532022967,0.012214996767170933,-0.1716500377829715,0.3436191672252457,0.10445882792327882,-0.2731356597127844,-0.06545045321900488,0.07010228631486443,-0.20370444672825008,0.2290606572875924,-0.1591271748952265,-0.0959511141582998,0.07210971653842886,0.006485133056816881,-0.17886086813051,3
-0.2919841521827769,0.255682207622501,-0.32860472592926016,-0.04632956932396692,0.06471714514872022,0.11204521273369997,-0.059237962184290754,0.0009179594350757674,0.12106018435562418,-0.5985118606802057,0.15232773881492093,-0.4642766400509192,0.04296476577302475,0.13213431671837983,-0.09115295463316841,-0.3494863150764949,0.01866053425449614,0.03986421386533152,-0.1472103482639767,0.30300600938359246,0.08534911765620988,-0.21768599915077919,-0.03334786186020707,0.12690020292097764,-0.3218139097818858,0.36778008390240563,-0.1305219972620678,-0.04057283857014347,0.042437126293320394,0.0697220992566679,-0.17851515554540914,4
-0.27097713881777385,0.21982133744197555,-0.4380717465596086,-0.011877588510510429,0.08225384537038247,0.11683193873651819,-0.03718732855159936,-0.018617717615496496,0.1255303213561015,-0.5709994061430929,0.14340672507008273,-0.47449029580528057,0.02728940263660096,0.13987261285781177,-0.10001073211011076,-0.407767271770206,0.05609055327780218,0.0421203832954302,-0.12403177110045513,0.3402150056619591,0.05869162468062191,-0.2614695241307097,-0.03680255229796934,0.11072133687167388,-0.26610197136716846,0.3716176101980542,-0.1273756526702678,-0.003801873373507598,0.05921150045147377,0.0921702195475237,-0.15413579713816464,5
-0.02988716071321688,0.280798635526905,0.43094064925066056,-0.4183216360973738,-0.01573163361740972,0.15630243086664547,0.21383255517926494,-0.07570113861869113,0.05941391044097457,-0.24122294626157917,0.30849355140393536,-0.48477682723153515,0.37201871364300343,0.4943389345479363,-0.04277146366903144,-0.22126655131823622,-0.21080599258132607,0.02020999959292645,0.07568240132161298,-0.15012125058902287,0.04799575120149491,0.15825335658986692,0.022230890231578482,0.15598233777436776,-0.33085102353424706,0.0849600280990569,-0.04030841073323087,0.018031087419884496,0.0957303306378476,0.15422214682204685,0.042033215433969234,0
-0.34041824108415714,0.15076227426447897,0.37610349887112754,-0.3583562464157129,-0.02723322338666239,0.041204906801893974,0.14057410722622038,-0.026009314958695018,0.0639227202705181,-0.19922064758767002,0.2959996512528663,-0.458684934007445,0.32452497699719907,0.19726891215306888,-0.05325641830960546,-0.12112738011883294,-0.09111956633791628,-0.02571708595710702,-0.09668792569075722,-0.023269848410688392,0.10354908869558724,0.17430844127552883,-0.009998665437997784,0.10187908220999566,-0.2826030380176565,-0.0292351636881477,-0.10771264733098747,-0.04248418782020406,-0.01749043391587316,0.09174964468802431,-0.06473124339175403,1
-0.014932295436301967,-0.3548010172236549,0.684025521355696,-0.124155274683686,-0.06327405233286863,-0.08100728573042644,-0.1405718544964651,0.06566181651496218,-0.17082098323171954,0.16508157477647067,0.3151687682480663,-0.6899466771528349,0.2730484028290224,0.0017819298749392732,-0.05022488274737185,-0.13041224614422062,-0.024000348347453043,0.03181050560833643,0.12935393109557666,0.0028762410886231894,-0.07680999963668751,-0.16080781317142223,0.07518508935405362,0.14540205956396793,-0.15763345702175735,0.19707500400829225,-0.05122253197197531,0.03287981300493374,-0.15455900298432992,0.11153793110564945,-0.032433878156884685,2
0.4742253385038958,-0.41650740511600565,0.8781512573393999,-0.23083559959274755,-0.07445422739253023,0.023848151971356278,-0.1398347732437026,-0.04244852543006114,-0.008919946351351998,0.031842726351440614,0.3548511490283977,-0.7770597533911955,0.298171316896845,0.558050434178338,-0.018422280548443165,-0.1307392229776253,-0.140563237586702,0.04611599443171263,0.19877734965311786,-0.23528224410704973,-0.13034594558577112,-0.21740515462362886,0.06658290222515122,0.16583547403134244,-0.08729486089624669,0.30261561120848296,-0.1273993712444893,0.028197905659821953,-0.27350665719113676,0.11249770444795515,0.06041092883340365,3
-0.3560314005347042,0.0780727894843758,0.3320834712907269,-0.3219353674558095,-0.025222967249578097,-0.013988023081337444,0.057031567081172685,-0.003160769586114141,0.027654872760770492,-0.15803336929960488,0.304075913643764,-0.5050165797786466,0.33605351002533934,0.11563776015249423,-0.047986343244280125,-0.06016385696805594,-0.06449018700977696,-0.018870940665956383,-0.0993533497800861,0.007830169981025826,0.1127741341076326,0.09317026229249602,-0.013564313897452421,0.09457731723907606,-0.246185420863947,-0.025371224859055724,-0.1289892884086841,-0.0795321609812153,-0.05356733609682025,0.0618951102033447,-0.05430681723926126,4
-0.24831223558309112,0.12971807274660085,0.4030601859209704,-0.36193684500536577,-0.012195164752115028,0.07760277164950169,0.13162787734467016,-0.05276000604970467,0.06524520057677807,-0.17881912719788268,0.31014816246764126,-0.5195310743913338,0.35124482197783924,0.26124993196108703,-0.049712223902761324,-0.14502893348169313,-0.09888675818591194,-0.006903012274427082,-0.06027094974001948,-0.0705924608291866,0.058921026742369306,0.1109682389088412,-0.0067187669907693955,0.12026366788800079,-0.28077337189851365,0.01502848309953331,-0.10218377695537266,-0.004098274119236219,-0.05097169099806377,0.09927856615015543,-0.039791939202483924,5
-0.37941672862276377,0.1392120971828293,-0.3080123001159885,-0.05399893509456952,0.07110956375753064,0.0421236697647292,-0.1416548580461795,-0.015107063246923954,0.13263214164784223,-0.47249855458804374,0.14873924244715503,-0.4008786949196859,0.10366137654653325,0.10968977528943909,-0.06944375565481864,-0.25749678173912205,0.01682062901559533,0.018217076346451498,-0.16306603179440235,0.28953779311349614,0.11112715140200997,-0.1966883420064991,-0.05893118476735152,0.08884459063952371,-0.24259687422298065,0.2034508341082943,-0.14472196339215887,-0.07687912736981506,0.06502932986585562,0.011585741252861739,-0.11854132618910443,0
-0.3905917339275163,0.1538578013547614,-0.35689340475101633,-0.030837368445344387,0.06444222274204942,0.044866544811632866,-0.13890662660255024,-0.005587345879734955,0.13528524462984773,-0.5114557300843945,0.11653667153632319,-0.3600882602033027,0.0501437396130904,0.10302929801442803,-0.07541404146791085,-0.2828258811064106,0.02862495704931389,0.017065353395389855,-0.13179687020731895,0.27198262020909264,0.09912894395465648,-0.18697816976755535,-0.044030732489333944,0.07568724496873921,-0.21233928644941222,0.21389079755032855,-0.11620501553498241,-0.06630633854232754,0.06253657797952245,0.03741102651613367,-0.13386447274644198,1
-0.23497806532209953,-0.006740873220143472,-0.6750760142320765,0.14819388604548608,0.1278463746501981,0.066259814930937,0.0011962074335504554,-0.02482433506306092,0.048126966954022625,-0.2060785906944459,0.17382294547590915,-0.39076925069463603,0.12126035743780622,0.2087508220748045,-0.07357190373334341,-0.36845780003732126,0.024061456447576218,0.029901187704237765,-0.09916348121105745,0.3734157265284737,0.06321265842575609,-0.37539005483961385,-0.02840342362031859,0.08507647747758552,-0.16205929684139778,0.28323243180197394,-0.1671679812896543,-0.08200239344198981,-0.0017650329033380933,0.037979191958014774,-0.16381855371682938,2
-0.3216851339339096,0.20808939837241644,-0.3714291318379745,-0.0297096187980206,0.07130226581698577,0.08901692517767133,-0.0782956215015025,-0.005347998622720175,0.12185499822752523,-0.5674528754942075,0.12996328782653313,-0.4174213022124614,0.03452753400274203,0.11738895872734752,-0.08109938503043419,-0.3423563912787962,0.05277893243213385,0.03761549720995392,-0.10873491639270982,0.2812767721672967,0.08336779238298181,-0.20409296865786794,-0.033748055666370964,0.09694606984721205,-0.24172282055077843,0.2825512664870204,-0.09873101625666526,-0.03081184473051703,0.04746580941345192,0.06794684600745426,-0.11013181322196602,3
-0.30200639480567304,0.24823257259711523,-0.2986387106381185,-0.06177565241482821,0.04920416314033905,0.08341929508221854,-0.04064364238209033,0.005303216499001069,0.10541141309230144,-0.6023762537548469,0.12962947234987485,-0.4345821028970412,0.033033309390727295,0.1267416274219663,-0.08342283848372083,-0.3240081011288523,0.02135747315235466,0.04389742108713085,-0.09657104889307153,0.2558861875207316,0.10071831658729821,-0.1714578306171824,-0.01867196409377015,0.12425000355134322,-0.32134691655954095,0.3370591797694789,-0.09594858308923965,-0.05696829792914424,0.05083069240837663,0.09931543415806457,-0.1656364679468938,4
-0.286700133056017,0.2786779754049768,-0.3928882643935563,-0.02721210995131142,0.08128246122546286,0.1564403891434348,-0.04434380298609558,-0.022209522490274594,0.12950326812437823,-0.652360462167873,0.12139864776699881,-0.44868597560751966,-0.016131448716994526,0.11444603308469715,-0.10086417799340001,-0.4214729894376974,0.0905932187167119,0.04116181221634065,-0.1109659461389433,0.30416242667458865,0.04423004584031812,-0.1888180741190445,-0.030548377238181226,0.10671869947977793,-0.24459935957846535,0.3469327491445258,-0.07272894061474183,0.03552283542168571,0.052311596020240686,0.11467234067248805,-0.1129510920259751,5
-0.06605370974376597,0.30183511853606365,0.2893050191893595,-0.37676236296347415,0.047931172218360345,0.1314681240369691,0.08093016840469147,-0.05151851658167672,0.08714163491105288,-0.2750583799826536,0.38762474257618384,-0.6007478723458661,0.4156253334404675,0.39769308516184454,-0.06290430064859609,-0.2346479656282849,-0.15269195014341122,0.014217359170837334,-0.0030229718619538683,-0.005799124992884353,0.12375926954185426,0.12168993394983209,0.01582330946813019,0.18789683104583554,-0.40315306860294303,0.11234295006254207,-0.1308383921541701,-0.032981672167436846,0.010579338231741781,0.13674482359090193,0.04963165725829599,0
-0.3329300408342191,0.12497011025420826,0.2995056612323013,-0.333416048725583,0.0040224661730095595,0.021087099099941116,0.032547025840403886,-0.013944726465680107,0.05807751321107236,-0.2117272924106486,0.34729367487742585,-0.5565388368271939,0.3606909829778177,0.15715804572290895,-0.061182520026825817,-0.10122078221649557,-0.06705170238197858,-0.024999502003130874,-0.12517276723551196,0.05337901092471637,0.13940281374225516,0.13379782354878098,-0.013062226508904462,0.11532669585505968,-0.2720671419976309,-0.0021539506616940155,-0.14241936032210323,-0.0591167738220521,-0.0496268237658123,0.08942129013998222,-0.04581981108204492,1
0.22157982299803486,-0.5097307401425515,0.64212596111853,0.020639289104421945,-0.02888828104135935,-0.07704663661413978,-0.27069447876897473,0.08689379785285156,-0.1721886106937647,0.1768444435015005,0.3577035260673044,-0.7267179226699298,0.2883904977588942,0.04609962845959349,-0.05223126179924392,-0.17709658059597963,3.2153423591758344e-05,0.05344242339676484,0.13467367528141627,0.1512384732771843,-0.045015853317236544,-0.2661804239719249,0.18373862162592647,0.2209446425848796,-0.30633038324367723,0.30915695932589926,-0.08244393090395283,0.03908312531677909,-0.27573433777739653,0.07346653936925542,0.01766167970443353,2
-0.20821407187972493,0.03744279502155817,0.4097735373842472,-0.33593075102798503,-0.010664364432056686,-0.009009508340800079,0.008120160380354154,-0.0008763246055138045,0.0038567193277304736,-0.10832131523178273,0.3846027639952205,-0.6342812001271468,0.416694698851882,0.1964665501100153,-0.05051467908733567,-0.09624228424440186,-0.08988237298447523,0.004649854225439456,-0.0311209862128853,-0.008417420018630222,0.07878890670352086,0.034538803162310956,0.021822075887662187,0.1410700033336347,-0.2555801685245833,0.06725741752308681,-0.13669571726727,-0.05020393647973896,-0.11676780959458603,0.08607879957741799,-0.008405816173918567,3
-0.2977293083331192,0.17924547695834742,0.30003255398059875,-0.3593166192427306,0.020695300905805195,0.06512686675536354,0.05088093068367761,-0.03802332912687663,0.07880213436825717,-0.25153286928053215,0.36807067978472724,-0.5721094773824508,0.3774719168490339,0.22036818872752428,-0.07353179692585175,-0.15787334281418242,-0.08564913609185924,-0.022500633202570713,-0.11949091749724176,0.05488553147690422,0.15043545629859956,0.18369549797034743,-0.016561835031194863,0.1293228270486608,-0.29903892708792684,-0.0004669652334629391,-0.14340730361642587,-0.03610070542797416,-0.031911406332351636,0.1226313639310395,-0.031079313318155177,4
-0.20439737473603886,0.13626374510022904,0.3617536788081647,-0.3753796240274807,0.024990751472816392,0.07334255269996291,0.043577839729820024,-0.04862097232717908,0.0711754098015894,-0.18980060676476543,0.39933772118515,-0.6398486013890163,0.4210548131787992,0.26767074230163745,-0.06289149844377741,-0.15833056256175745,-0.09874968712304692,-0.005284206838683211,-0.07303746971291071,0.01707159813345075,0.1047552815765915,0.11447246951089081,0.0035158565564545885,0.15691315766143465,-0.3044064049491073,0.0685311227421654,-0.14460328501477995,-0.011651905156524804,-0.08457865393676821,0.1380291886522559,-0.02159944125240667,5
-0.5591562580174682,0.06810393676938827,-0.4835805775524178,0.005331845090327597,0.12704471921586014,0.009911943523116461,-0.4943175823105592,-0.07341740272669359,0.26706940833332937,-0.5345283820898449,0.08249502099250096,-0.21714517369693018,0.03896363644704109,-0.021561612379005425,-0.0710512047015407,-0.157137314256389,0.0654218564197729,-0.04291983527872693,-0.2948082089063159,0.4384125885261818,0.14699701212373084,-0.12796717381415745,-0.1563747365824916,-0.05325624951870251,0.3019402070041776,-0.23633142800833756,0.02788892676914478,0.23053190868013507,0.20628352988394005,-0.15871727075059386,0.4274301449885238,0
-0.5704841686231219,0.14436335936683795,-0.623669165588156,0.044476082053284564,0.19114896872257633,0.07963845224194259,-0.5788900544447119,-0.10304345793771945,0.3739957093344348,-0.8285640410968751,0.06203071779148499,-0.2610028067448633,-0.05904579947336145,0.023810654207183892,-0.15252728143278865,-0.404049839880731,0.12585858292040455,-0.06337542397326419,-0.4406321263104774,0.7479494257152638,0.1545013298413255,-0.21822593299530474,-0.21502352514916,-0.051941174850896464,0.4887108467612542,-0.14932484106234298,0.07213862593283048,0.3806487210452701,0.3849816459932624,-0.1757318504159682,0.5012457714207877,2
-0.6072235086063132,-0.02083073776008657,-0.647025726278976,0.09860225751444748,0.16380582976116334,-0.038327819543224,-0.6388719692992452,-0.09668974183650407,0.23304045188092995,-0.2607407902405031,-0.02113653516938667,-0.05512863950898316,0.05383369750730199,-0.0019084303641711791,-0.04298224812209136,0.006606488209302667,-0.1399769204559659,-0.05772407685059568,-0.28439288205923263,0.37485892296483847,0.10118025805995269,-0.20266192542997943,-0.18913043364272492,-0.07531211447241935,0.26922066986258336,-0.1712320115798457,0.008085502038338757,0.15528693619919634,0.2461423477690112,-0.21357422369086834,0.23735077791868878,3
-0.6195971794171617,0.06280872071933033,-0.5280332629374678,-0.008143279499950867,0.15679561130330838,0.0016152196438741322,-0.6172644648746407,-0.12275222328335293,0.3756576952882738,-0.6643843568804134,-0.0011448301707302688,-0.16648906963935492,-0.011397885880281643,-0.07898440736395111,-0.11031796787744438,-0.13634192594511482,0.04965356825319498,-0.08628740569257845,-0.41532030186015784,0.5082597459176554,0.10477037228837487,-0.09821919496453398,-0.20675282728442892,-0.07146788962684802,0.39242292905887977,-0.28459063083738234,0.07572204665509,0.2732958521334884,0.35914329576589266,-0.21933523410716552,0.3907130093966243,4
-0.6450426900904426,0.0018524177098243188,-0.6932059438204267,0.07034199192344626,0.19002832819973836,-0.02191224690276884,-0.7454203170202308,-0.14084453002084146,0.36193872189707815,-0.4807705570323191,-0.02287058859983719,-0.10848427886369653,0.029614162914948963,-0.001188991832532884,-0.11691633092823836,-0.08702818160486415,-0.14713282620483528,-0.10608691158771152,-0.4996793165395991,0.6710910529455612,0.1239297528012805,-0.2560508827564415,-0.2813991583988,-0.09174335085671073,0.4515222098462084,-0.20184719283674235,0.046627364831745476,0.2596785284672527,0.47684413452442037,-0.24332639970386644,0.24573061841234753,5
-0.2552056699484775,0.21512991038403254,0.5214840590252462,-0.3917517505052117,-0.08877734704703436,0.10012568216141739,0.37644899073927945,-0.0685893882109043,0.06143973702915321,-0.16840398343547877,0.16240507243657215,-0.23520734012437036,0.2729086767595482,0.39059907697086255,-0.02816508049744793,-0.20954616889585764,-0.1887386948191311,-0.0004286005000717498,0.03332099249630521,-0.18951591863396283,0.022353831504335026,0.150273613745917,-0.007476045673934147,0.10163399770641482,-0.2860047547583445,-0.04450976161534039,-0.0001525074655992077,-0.007649585978963679,0.14410379126612607,0.06928512704201728,-0.017345833486584365,0
-0.54489768501464,0.1703979193776639,0.5914832356629404,-0.49613013493663183,-0.11023548457749309,0.01314604829560086,0.4597141164998754,-0.05680073399329857,0.0721967480686001,-0.09273561623462638,0.11870204899405448,-0.08406951307142274,0.16451401336131935,-0.0028787121035005903,-0.059033679710096966,-0.027588085850468503,-0.012923860351851791,-0.0881034389122038,-0.20587652716490742,-0.004465874857140083,0.1436498665579687,0.48612359963326934,-0.014432446815152883,-0.019012028986683603,-0.10439063857266015,-0.35157800841972114,-0.00800730499401123,0.038918695209341055,-0.11469691702339034,0.05212905228895869,-0.0011170421810550936,1
-0.4609462027598655,0.14937318153221185,0.8525169258836235,-0.5758176425930911,-0.1618098271186549,0.043785844519695714,0.6623448615587177,-0.07768196903051065,-0.0035162901290192745,0.09102467190082054,0.10916936266498062,-0.07136597110464117,0.21128119088652467,0.23826870139389775,-0.050588237612431336,-0.1550131344530393,-0.17994714737485487,-0.05608000787577769,-0.10315681953749747,-0.0912850963324817,0.018031882059024115,0.3449461695478256,-0.03550785541777296,-0.003883884513696831,-0.07489120547263439,-0.2177100123911843,0.040465406850753734,0.11652497311333605,0.020816447186424374,0.08844102612904482,-0.08516809849798022,2
-0.32623555958018063,-0.025145536549009865,1.0350974687901733,-0.5221392229067993,-0.2407334399577132,-0.10237903699752395,0.5684939337255919,0.04326404817149409,-0.20079456135702944,0.2095471633771794,0.10747353248205499,-0.13224888054847425,0.2600353295725436,0.2594232060000066,-0.0335575086781825,-0.11826100253560758,-0.24969435619549327,0.016895427335674295,0.2134651747610301,-0.16234875437600557,-0.07612735802890025,0.09003887212949012,-0.025700784598996506,0.03423316545740844,0.18863130030139508,-0.0594705966664625,-0.01784326287699071,-0.01900651568321734,0.25226892818335556,0.0718474120101256,0.0353173637616425,3
-0.492765571356458,0.31270097301263766,0.7249567240078206,-0.5281898803482281,-0.1124201721294692,0.17119164084739627,0.6682469394207009,-0.12641176572432217,0.10265568561262953,-0.12011317556598586,0.04371943662862578,0.11042629297120998,0.13899936527125262,0.29200797761376507,-0.06983551896232326,-0.2536218883700665,-0.11691996607802958,-0.07712441119404628,-0.1953644315345651,-0.06349537176370085,0.08824616496204178,0.5284463711949594,0.007307114772930994,0.014430840134048965,-0.2534717033175957,-0.32483666286052754,0.10964827623834826,0.16672412125089955,-0.03793139275635809,0.03055543083869508,-0.06526487096761717,4
-0.5386872572518723,0.14449893766956115,0.8306021747164721,-0.588403249887077,-0.1629524982514956,-0.006727102540642157,0.6310667656637938,-0.050486011313024576,-0.023931646393813795,0.10943963660422568,0.14182090280814796,-0.10792988036742161,0.2294499057091195,0.018708914304608457,-0.04320774629238349,-0.012093332053987669,-0.09834529207157311,-0.08856656646132037,-0.15410729029875977,-0.1009168628313412,0.07397954636735397,0.46830067889183213,-0.06315416720711088,-0.05358392694043127,0.0178526589989964,-0.42646401842369475,0.008378890241500424,0.07070965075066224,-0.12039188248758259,0.012306569902306873,0.041111359422414756,5
-0.6249083471752354,0.026357480825131317,-0.5113651987944913,-0.003943812520945731,0.0996069588956761,-0.048789723700722064,-0.5636522954782972,-0.1037220067257681,0.3343732222530722,-0.4878567370553712,-0.1478925998124542,0.09247358591117494,-0.12380200959376224,-0.13697265904908876,-0.03286366251379924,0.066459057095975,0.048585781456919754,-0.049671313681779516,-0.09514571336443561,0.08097517125308587,0.013843170771225552,-0.022899774321596605,-0.03600420818799392,-0.06635502335357532,0.13825720598996485,-0.13107895473319492,0.0057886005684369395,0.07702651381325216,0.15390590059424328,-0.1035714336367642,0.07742578166857277,0
-0.6743937756295226,-0.01604871080630024,-0.5911938951979713,0.005643277205035115,0.13004632328126517,-0.07555608289148191,-0.7022755238075393,-0.16740354579976924,0.3743587287924325,-0.37009312232525615,-0.344541983045081,0.3401523321430113,-0.23298964350685067,-0.22594144840292965,-0.017851025044280298,0.29547613641236364,-0.00191534998653486,-0.05980549467574126,-0.002582029754452266,-0.16042904298434854,-0.10786853911424352,0.0976057306167713,-0.01480878941471641,-0.036500124196289195,0.16375982607031672,-0.16373744359569822,0.05191218067503857,0.07821375983440668,0.09316711757832058,-0.10584138257746074,0.11611383928836148,1
-0.5984963402573948,0.07022829010825238,-0.8752734140792421,0.17447220495930052,0.19087834244500046,0.039916446774251574,-0.6005050262252833,-0.11524547394077549,0.358720667450129,-0.7423393732763496,-0.14380985713478703,-0.017050112092079975,-0.2056657605876151,0.04405965419026443,-0.13562649299231871,-0.3770819106456104,0.13498598000024953,-0.022187005250676343,-0.1417226079821274,0.39841171860515223,-0.03733424721867724,-0.22565988247701632,-0.10004103421171419,-0.033713089272367484,0.4500838770210418,-0.0385402648981202,0.15839412584942478,0.24960665916472047,0.21928551092067844,-0.1040628592695395,0.29484445075908927,2
-0.6292518190843801,-0.061496107201038375,-0.8555812645341131,0.22315685360576232,0.20500458548270042,-0.03274242326718404,-0.7034330685558895,-0.12581281055384919,0.2132761860252499,-0.06266052392237777,-0.1889173484606766,0.23798353933089986,-0.04672061847372391,0.05038780728532201,-0.01573459140025537,0.10534195899376175,-0.2289607826780483,-0.029514047013271615,-0.03679022355374182,0.027473098187248614,-0.04941872112274517,-0.11823695598536083,-0.07645807046779707,-0.07015821432904394,0.14596753281802066,-0.013371429993204875,-0.0011964422923098805,0.019052590391077266,0.13627457248682356,-0.10301300732672108,-0.0013254370641225261,3
-0.6350691729936258,0.040056175599667246,-0.5818677933303844,0.02391225719365392,0.12142521748281462,-0.03150426352991709,-0.5895271511786881,-0.12802226422873328,0.389901392139043,-0.5923094899834169,-0.20415221503367567,0.13512437208264197,-0.18134634945892059,-0.13677769501774872,-0.03158080263858312,-0.01907631800006137,0.11554070355983749,-0.046821440823654,-0.0820140176103786,0.03691401629994171,-0.08302452978287318,-0.005835461954534253,-0.0019680904210420463,-0.07520434515316013,0.16927544270412623,-0.1482477943764816,0.07041573060067381,0.10104512536095075,0.1344086280586403,-0.11032721293758467,0.1416309469044939,4
-0.6748844475298525,0.015398394765873884,-0.6940133084267973,0.046322556298602005,0.13420068502967292,-0.040735951657382,-0.6449471733638678,-0.19374743574197095,0.458573090971286,-0.613351483899842,-0.4480275943732223,0.43948728680125937,-0.3776780892654401,-0.1769108270920477,-0.039531109071181715,0.059020388595161635,0.2222256599370178,-0.024518335739710465,0.15092549370996244,-0.30798057625956304,-0.27809398516276296,0.14505593238216602,0.14315642755405478,0.0035225394137478206,0.13511642598007295,-0.09340317164333858,0.11731682760212123,0.08731783195518564,-0.07366940318000052,-0.03445660347572643,0.13319199043053362,5
-0.30700025076218423,0.24040127525534755,0.5376795945919808,-0.3969003409951147,-0.06940924604687378,0.11093193618245537,0.3229736369221647,-0.06648111655011492,0.04472505239555098,-0.1745045346815883,0.186656971288403,-0.2262000893970517,0.2864577830919859,0.30542803367498994,-0.024320760188055773,-0.18470339684406364,-0.11233302010989407,-0.009308761484640592,0.04957306936061098,-0.2513057767226057,0.025852419134315362,0.27171665404406187,-0.022156495788156583,0.04471638232010909,-0.15630807157373094,-0.24070840150986403,0.024191785235075626,0.03270929571302457,0.05660360855259264,0.018380797518564276,0.15449482486120122,0
-0.5800733839290799,0.019965384765775362,0.4888438237567306,-0.43303883946342975,-0.11646599681891792,-0.10797885031254777,0.1484038805917438,0.021945387003792616,-0.03693026564709144,0.05356781325542657,0.22934741044851037,-0.3830938095734527,0.2089944879809549,-0.43853564590696564,-0.011767369904906061,0.32677693514379,0.08283589439525604,-0.111338150685664,-0.19603853379325362,-0.0312798381258038,0.13827217401155142,0.34756990615977046,-0.08236565605086277,-0.11934865455330221,0.17157282688578823,-0.44491219053155423,-0.054141539044020234,0.007432564054888034,-0.20611684237546743,-0.022972896999352198,0.15393049812579104,1
-0.5328714381702252,0.022009968168031496,0.7005005417263611,-0.4873721870530318,-0.16256680555370426,-0.0793847061101574,0.36843787860134686,0.020335435746474236,-0.07990999921136663,0.15426323947228446,0.20709777539185154,-0.29119388288999465,0.1997145248300388,-0.22783449159613045,-0.029509136662624086,0.1426163229301046,-0.0014596975683966353,-0.075603789379317,-0.11981864214631605,-0.0696782187587738,0.04280151968755428,0.27553253677880835,-0.054239889590900967,-0.07459226893094698,0.10128513457764983,-0.3010437526986465,-0.028687312031873694,0.018717448000268925,-0.16976325281061605,0.03202614982918859,0.017723267411597788,2
-0.41087841942251735,0.153000295930933,0.674439054603662,-0.4797385134815978,-0.08489615778165975,0.04187017296394529,0.3314841114539646,-0.03608351472220227,-0.007999421750994775,-0.04396261648635819,0.2892635618932293,-0.35795789082816015,0.34804881786118,0.13354797705469396,-0.05102631403604055,-0.07277290147426833,-0.10630457670768761,-0.0552557577241446,-0.03808800877688399,-0.18520913273567963,0.04760552595809306,0.4068451243245692,-0.039082560511273796,-0.0030762775491978726,-0.010588214597019712,-0.33769966196415724,-0.01759031340611641,0.06664073457837272,-0.06110378930677302,0.06101382206943684,0.11546825405988916,3
-0.5239343449953533,0.14645957607392124,0.587541361190511,-0.4794021998982257,-0.09648920011335363,0.0259726301633604,0.34655088043591803,-0.0394176588012192,0.04248516230894415,-0.08353685304947338,0.2202215063065126,-0.24805243622310144,0.24311183317720209,-0.04770239665568829,-0.04121254032201902,0.017959451975682838,-0.009550449305400742,-0.09030868423216373,-0.1710496683530561,-0.10166747588967875,0.10824868151491021,0.492529339391763,-0.0464836316614819,-0.04238570077060686,-0.010755937969407091,-0.44709100715034183,-0.013135946183531097,0.06627413303202695,-0.15270379390448974,0.022964188491589446,0.11695014221284372,4
-0.5148577966213601,0.12868296641308824,0.715387981444356,-0.5309606163772193,-0.0989428315978251,0.01132259692597906,0.3698830078490185,-0.03437003768532815,-0.041431910235072866,0.011983107189461727,0.31974340631699444,-0.40530636339206877,0.3485451280236535,-0.08651262073838432,-0.057303727041309566,0.06654810061001126,-0.05892681183058793,-0.09630983756289598,-0.16044084483738122,-0.1451432727143862,0.11433461868562766,0.5789859385464051,-0.06542912590031448,-0.06895858960708959,0.11229699147322371,-0.49017834604257143,-0.022721809849245617,0.07601826788864152,-0.18215235260809054,0.031720917579354316,0.15027079124522788,5
-0.6340874528463408,-0.007784510044648242,-0.5158315605192468,0.005721992506849423,0.09779415846123471,-0.06999073060415271,-0.530787217834717,-0.12380093908265474,0.2898635200457267,-0.30565105695409034,-0.2848825974986705,0.28013703615037683,-0.18610083859406384,-0.17597214430404923,0.00739894180253474,0.206634749755959,0.03920325316631188,-0.018974302648077448,0.08406325864297536,-0.19468927504069933,-0.0737027561857403,0.022014933841762604,0.03407111436480567,-0.028489448442707607,-0.0021811231671266984,-0.04416590150512407,-0.03573721605554011,-0.07187388819881536,0.019704986215195924,-0.039031155564027815,-0.03698333310933313,0
-0.6944820009046597,-0.022219264351046222,-0.5377968177883214,-0.02091507773511995,0.09402499099070437,-0.10009695165653974,-0.6017167260750591,-0.17853783508864512,0.3529097635307405,-0.24061019550742765,-0.560044645339048,0.6903636601518937,-0.42500033039364393,-0.32831471812363383,0.05863037048628028,0.4926696080685546,0.11745445387858365,-0.0012656454637740996,0.3441388556089267,-0.5827647260457268,-0.1767354603648,0.21835075653419064,0.15196401112809613,0.040416886528676754,0.0036164880010411777,-0.06081906239125858,-0.03652606109209089,-0.048538036088758424,-0.21860705469905664,0.01654656178433764,0.1380329296206702,1
-0.5983197213415696,0.1629208852266213,-0.6317925600509018,0.0757608003746909,0.10390948619262207,0.05804135945905509,-0.4620884204657862,-0.12729618661895045,0.4381087334866668,-0.9590033285711301,-0.2938449562542456,0.13029499470501119,-0.38455416116783964,-0.1262506833692091,-0.10113030817263974,-0.32820939717587766,0.41089162752629615,0.0008020011916549066,0.06739984838150576,-0.060861446910889905,-0.23143561560727205,0.06075968186581886,0.13025881600271966,-0.001921649620725229,0.16217502449338456,-0.028140394397592187,0.18428756301580956,0.19157414154414834,-0.040296325359295414,-0.020766016614035498,0.2468408160306374,2
-0.565002299883412,0.040413386189363826,-0.5565855146579621,0.08216102575149507,0.04582064234625117,-0.031423958956709075,-0.27486936550469016,-0.07590382697395867,0.22507560801327892,-0.404373152873934,-0.29953756072283144,0.2748401352300229,-0.2534301789727095,-0.08067715384282022,0.0007206531049660883,-0.021933703437833664,0.21005454679763053,0.04589742922211935,0.30815000267324494,-0.3937067040923576,-0.15131461836919213,0.013161982216916753,0.14295049693103906,0.045625136280223556,-0.11293250715507026,0.11683903187243914,-0.05234495485228504,-0.16508003897806403,-0.15267561544714572,0.041237085366064616,-0.10245176058557225,3
-0.6228844316681785,0.09640781650632517,-0.4617713067516338,-0.03877360289229071,0.0661180097512066,0.018518365089903645,-0.39235225738954144,-0.1480649249989345,0.4204912371789758,-0.7573467906023535,-0.3312517445455127,0.24609837159204664,-0.3391813762287998,-0.1679777147305826,-0.06367521190022529,-0.13252491344999964,0.3581938168063483,-0.01547884850806553,0.04216546098308263,-0.17690473328427866,-0.24498603751411077,0.14011418156258193,0.1466836442868583,0.026828160748423403,0.01617052604784209,-0.0746652892078502,0.09576840605663567,0.08667789690657705,-0.13716997183481347,-0.03376618753952897,0.106568098605535,4
-0.6591010101636899,0.04483807215621424,-0.6860419003540267,0.05085675822369516,0.11422507785980374,-0.011489496788171226,-0.5217717152935705,-0.18806462901003124,0.47157549113699576,-0.7115673622134169,-0.49629766355948074,0.4729755780249675,-0.4602003952808369,-0.16592776932669157,-0.04693979799054582,-0.07618106969074974,0.3623888971351131,0.0029719482130783495,0.22696501017312234,-0.40685986026524046,-0.4106190273572165,0.15261567533896583,0.23835720169559677,0.03403205293368066,0.03030844612295051,0.013218223419982094,0.11681124988429484,0.019667418356442756,-0.2110956467343314,0.019913892306258524,0.04891058366907187,5
-0.2904821908601287,0.2730675866781472,0.49440177240336425,-0.3814705105180188,-0.08023314555377972,0.08578084210164443,0.24546843076980612,-0.019516200369544344,0.038140018981032614,-0.21233163132634195,0.271446807851346,-0.2903334784842535,0.33049731262858456,0.30963323501565637,-0.030903393015190784,-0.15479440794239296,-0.10444723660561168,-0.02192704746989612,0.060540120484292255,-0.20695976264626914,0.06074272570068308,0.3249687381335939,-0.002340655320136112,0.05216442751653754,-0.1371723772262008,-0.25655121493380756,-0.018838919638936084,0.024704243927758125,0.05858903173099283,0.06647999673941506,0.20006521785128212,0
-0.5514360062816523,0.08692516599821042,0.5504390451233843,-0.4619653351355179,-0.09627181905467667,-0.05658046515714744,0.26906888403951873,-0.011935620728009402,-0.0006592462255281996,-0.022467080437793246,0.23327105337198697,-0.3350379428035282,0.2548072618105165,-0.21640649271034668,-0.03232979246108248,0.14891691669757423,0.016609707973017196,-0.0973575843214778,-0.18801385498487583,-0.05743894629911757,0.13588277479140987,0.42693563600099665,-0.07341344254959095,-0.06128850860134046,0.04991534195385986,-0.43921252205529865,-0.05323081713589264,0.00226134983050857,-0.1639305765572697,0.011224224388612022,0.11116109212415667,1
-0.5078248096793164,0.010907126936580084,0.7563146705084018,-0.4976111644665733,-0.16568361898863251,-0.08213731792264528,0.38322145945918945,0.020932790871782625,-0.10879025410741693,0.17480814387215754,0.22082773956406113,-0.3477271373913978,0.23856010817232295,-0.16547391883452545,-0.039571830251676196,0.10987944233714642,-0.0370878273920612,-0.07096938530082118,-0.07747763229109578,-0.08868942922555778,0.025388800834291982,0.262919562716188,-0.06278930195796602,-0.05327959664364939,0.10369244236078427,-0.28016265135661644,-0.04062891458928021,0.022495932899532348,-0.1297540022758359,0.06266105213433425,0.01355022406711008,2
-0.3949118574626499,0.0008015496843483781,0.7693918713263644,-0.42937518555422666,-0.15877515504451464,-0.07336876345631246,0.31432990794098603,0.03639436348616335,-0.12260525147264821,0.11746120773304797,0.225201195640112,-0.32501882575053115,0.2814722520483259,0.017842748916132422,-0.029662959224250898,0.0012958742717769655,-0.08326942629653115,-0.025048875434290054,0.06496255969381497,-0.20878510713916765,-0.034802923487430915,0.1494479429578517,-0.03552271028323194,-0.020147914352491025,0.09824366242465045,-0.2254921151110328,-0.02837616838334486,0.014146468879979735,-0.04607202487667906,0.015297931656199889,0.08588842342512754,3
-0.5809570590370978,0.04302800071288117,0.6121421802327656,-0.4997580125669435,-0.15082721650560507,-0.08762379122974058,0.3473399616886195,0.0006505710830509984,-0.031639053643588266,0.10018255213835817,0.16751026405910588,-0.2432740787937132,0.16861653087502187,-0.3187561464560233,-0.019912048854754838,0.22960495175301432,0.045041531022508415,-0.09974032239649698,-0.19806648838809904,-0.03534376267525013,0.10830734051966968,0.3541141742207428,-0.07656380722856154,-0.08608860511866136,0.09796262807527088,-0.40334193798991785,-0.05962809991105767,-0.006119238306058047,-0.21647656776882485,0.000871314998621333,0.05596483021975958,4
-0.5265844765917077,0.07631127783747423,0.6812971171808563,-0.5014220233746153,-0.12161417748020541,-0.0357595075211724,0.3489490210429838,-0.009946212764277691,-0.03814978132618534,0.06124433325545967,0.26660077555497574,-0.3677494337425345,0.28338547671104714,-0.15599185550217304,-0.03926898541400292,0.0958485317565308,-0.03309471638452088,-0.09302007146453342,-0.159836413869646,-0.11754124781118326,0.06287472368274803,0.408194085570377,-0.07593732484057554,-0.06818097819866373,0.06890351171759372,-0.4266883489397328,-0.03528803988765935,0.054703014607013316,-0.1926314551426922,0.0211381440516162,0.07169177716830803,5
-0.6242945671689782,-0.023439445577536112,-0.5543866033312672,0.04886229065389693,0.1328353363638292,-0.05436754885723723,-0.6409466049182645,-0.09810393099885349,0.2600976746067893,-0.24106326461879565,-0.07744995856268062,0.04860584868075733,-0.014476686352275421,-0.12206888154671008,0.004144377409937381,0.16317069601341003,-0.09810997712512966,-0.06472848407173515,-0.19832905894994962,0.13467612375085702,0.013188038353378733,-0.06774762716145273,-0.12121382619554832,-0.10185711660814267,0.1961309233545955,-0.20865466202928837,0.015827554016129775,0.14432667097702206,0.18751626518041192,-0.17914733284568068,0.20450904577486242,0
-0.6483817085967619,0.01029692392167701,-0.5451588122759672,-0.004560099785248723,0.11851118764456858,-0.05804371360418662,-0.6375300430631312,-0.13693555488286976,0.3655425336159892,-0.4914000783646601,-0.22694933407936532,0.17475939448756955,-0.16799414496447623,-0.19386610161557497,-0.018160970939738726,0.14386978490825786,0.0721923542624341,-0.058789804220880496,-0.06407397794335155,-0.028304795068650766,-0.04090016415568519,0.064549969301052,-0.034633810448655565,-0.06425630894659448,0.21768945022083783,-0.2472527182191748,0.08539026837401242,0.14133534720254692,0.12888082288734867,-0.13078300731160827,0.2531558423430894,1
-0.6138870658802404,0.09209689246051957,-0.7041371227632247,0.07883292774585635,0.19307068079199508,0.04365004524822408,-0.6674168676705198,-0.12966646327147058,0.4050354103426155,-0.8003594484325955,-0.05334593997329011,-0.11447772861464853,-0.11678401985844147,-0.020082263543755325,-0.12405573915833365,-0.304543693461991,0.12391101134114789,-0.05955520319301358,-0.3663297779860255,0.5649965859275942,0.048300754310951446,-0.1856955506702444,-0.18464827972812628,-0.07316138656756567,0.5298733956449986,-0.22563648609969825,0.13126823493642392,0.3782743461783523,0.3593889738896217,-0.2435972153223346,0.5591519547061846,2
-0.5905515357703905,0.023096017737043853,-0.6932622329217492,0.11858622599050847,0.15950201411587417,-0.029161102866843425,-0.6218017632565705,-0.07099790600168421,0.24440410923768877,-0.410667618986641,-0.031132697171121573,-0.04698500997889763,0.003461311625732388,0.01680382754847709,-0.05281176591440397,-0.0854606391661169,-0.038999672503022824,-0.028142467410661832,-0.2039426716705163,0.3589156227756833,0.1266405147755436,-0.2111286321167844,-0.1699111850245621,-0.07161413238852826,0.3457906528937664,-0.19918203477414925,0.04694602322701102,0.21655819551336658,0.20495510473465314,-0.24450516723929083,0.39936252180603715,3
-0.6273624150933647,0.06652820263174297,-0.508602613105749,-0.019187058082843062,0.14321122134314573,-0.00677941227405585,-0.6268102013452348,-0.12290843964869985,0.38519717342850585,-0.6913822498935406,-0.035743755772909905,-0.10872109204881993,-0.05628412613918755,-0.13173548479241023,-0.07676449144072471,-0.07941879618720296,0.09759901729242097,-0.08233547277992367,-0.3372155727829232,0.3837747873022707,0.09250610222741153,-0.01994594829361507,-0.158856593824522,-0.08833279033245331,0.40974173823912996,-0.3343081911796185,0.10938260395258882,0.29774300248832714,0.3092789401655391,-0.22019379939129557,0.4752840545298356,4
-0.6418460132198198,0.06687269450795362,-0.6876526517716897,0.06077314067787369,0.1681006974715529,0.00668617233331657,-0.7108441442543817,-0.13120698708599737,0.44298929002117315,-0.7749699909308507,-0.11791643126213183,0.0012058942177895031,-0.16255771142498396,-0.083881374721955,-0.09400667330500094,-0.17105536228576884,0.12786575992538088,-0.0725333361431271,-0.26895028816866656,0.38149501717537687,0.0146450525573189,-0.08141821642906957,-0.1256063524456438,-0.08652224288975885,0.49771034399418357,-0.27820626508539026,0.17063814738739047,0.3694597360381919,0.30924388365314,-0.20686914768086706,0.5199935655160814,5
-0.4007348589911071,0.07417293289188717,0.4540131877326926,-0.34021480287286354,-0.11856727108623864,-0.025927616481669438,0.2983731234418608,-0.017673666323951995,0.019069901714170116,-0.08530864126709695,0.09714141234773323,-0.16638686469404942,0.18221363774226662,0.137146605516558,-0.010056317131877645,-0.06974732626027476,-0.060392698658901005,0.0028358847681252183,-0.0027420657033743246,-0.11881446953471318,0.047931109935887235,0.06415581961764094,-0.010351833260939006,0.058590874887145844,-0.20837606371725112,-0.06834637094941728,-0.05327396445629513,-0.0963556201891564,0.03823310212891041,0.036124989958008974,-0.044800392840281325,0
-0.557539617258669,0.05901703192940799,0.5803803946418015,-0.47881692418225497,-0.15554713288161773,-0.06843698350091901,0.4293465227773874,-0.02897040105645191,0.00013850289294968564,0.05538594922120317,0.025998600385121678,-0.047492098495362095,0.07924567320422804,-0.13654936701206766,-0.016199174756655693,0.09090651067499506,0.03245238344445134,-0.05266222982990469,-0.14976304733309878,0.006005427107287813,0.08529413005970636,0.21853973931026796,-0.03510166819882566,-0.02443409076505317,-0.05530316236084346,-0.22438133764708182,-0.0509864710581092,-0.05150114100098151,-0.12463996776027425,0.038996587207998465,-0.04747891803756675,1
-0.538783306762427,0.007087842881064815,0.7111213442693082,-0.4982153405533828,-0.18895325563265442,-0.0903973697839128,0.5063000011498289,-0.016202588652152024,-0.06930548132500154,0.19178607014721935,0.006625992494388957,-0.046308200209229294,0.05397644442646151,-0.1423486248623349,-0.016875789836892273,0.08004624643796415,0.0004863041648318029,-0.03413641173170801,-0.11334124721517719,0.004571150086531638,0.020503791819079728,0.09264854392053867,-0.04552792050138897,-0.0327529759564885,-0.0009132968294025588,-0.14100636222373908,-0.028391937913410346,-0.030921669265246855,-0.10269024228174967,0.048042047237907434,-0.10126905169860391,2
-0.37797515192149234,0.12112773552143707,0.6380358255231328,-0.4270673433600051,-0.1488583876607857,0.002666267587850832,0.4457855764618902,-0.0270872829514333,0.011529954437870948,-0.03523123049878753,0.10841169334999855,-0.13259009778819178,0.21138792064360135,0.25268217250244956,-0.024638381777441425,-0.12366500929864738,-0.14748238943765596,-0.0064134387143910685,0.006402976454871521,-0.1431340294648507,0.011651188236480403,0.12895186844507478,-0.014601764968344394,0.0534780582892637,-0.1627164705409033,-0.09714114319074217,-0.007452291684609135,-0.013352621201154638,0.0800293276170689,0.04197295754371935,-0.05602523579602787,3
-0.5413164434304487,0.0968134358315726,0.6025318373995053,-0.4888992672056058,-0.14669724552171498,-0.03239988056769384,0.491309861024692,-0.05761340591303082,0.03308896394334183,0.008968906414526865,0.008658907811479197,-0.004731467801568705,0.0854955807273368,-0.015087493060389102,-0.024273238554915234,-0.007452257695810771,-0.004605115132579396,-0.050437689553064144,-0.155674569362549,-0.016370120511826174,0.0667663448643455,0.23876846141385377,-0.032472276386100334,-0.007260831931781294,-0.12189128620606444,-0.22735833144878667,-0.022846097706948777,-0.014907360657460799,-0.10618217294757631,0.0390177709171659,-0.07566408370900808,4
-0.4982549593765782,0.10931693192849928,0.7433370986476763,-0.5334370923994555,-0.15241193881164689,0.003930465022475731,0.5562552041357808,-0.0582379841846485,-0.0034336460715042923,0.05982423519268349,0.10170840415160365,-0.11038834554240413,0.17975678737752612,0.10078755710428114,-0.04090852642266648,-0.06872931067386853,-0.10313987467867779,-0.052768038698091956,-0.1375251623601457,-0.08228174148075144,0.03860587511848231,0.2982280667634975,-0.0435756332975754,-0.009635185638298698,-0.07637382944732686,-0.23898625085884906,0.003718123278448971,0.053791612970211955,-0.06868183235470122,0.04330252808566685,-0.08209281197397536,5
-0.63781016291836,-0.0010660474657824142,-0.544686401847767,0.01607920471544997,0.11452001829825645,-0.056073427523780986,-0.6455048146951791,-0.10233906383185754,0.32360716305470594,-0.3647297074469524,-0.13586533519874824,0.12791013386736053,-0.09956440305248943,-0.1616157783666352,-0.001937616116107123,0.1765879071118004,-0.03698373619251484,-0.064789828839918,-0.13102660457659088,0.0763235239887228,0.0036633724361291317,-0.025909044072009935,-0.06810329838475564,-0.10394334702128234,0.18700481972181657,-0.17906676882257214,0.019394490672707772,0.1240712642219716,0.17831931056194322,-0.1428886360376092,0.12023299557587923,0
-0.6635080537295125,-0.023910990315042308,-0.6268248889325075,0.04281337215353539,0.14729105450298383,-0.06943098357168528,-0.7446697322720736,-0.14911857066783088,0.3387762907201541,-0.3108729303929545,-0.23355616803430243,0.22315926798358995,-0.1313069217131325,-0.17493833904392392,-0.006993176912831471,0.2603527181492136,-0.10041899836595189,-0.07278196294494862,-0.11336960685316708,0.008181801282100935,-0.038266879438646685,0.015800433207944303,-0.07557595371678057,-0.10473672935181527,0.2278872731733821,-0.19919347387074113,0.052742673213528705,0.1456044886313826,0.20994170793688416,-0.14508666533708023,0.15065837909023702,1
-0.5404980542505172,0.16438471880203623,-0.7344855998433479,0.1364289590882421,0.16096663314360976,0.09911274496723603,-0.45978496934158347,-0.0977678890026293,0.3235319206416443,-0.8568160533608005,-0.10150504883513875,-0.11799085179424006,-0.22325122678791343,-0.015559734836668178,-0.12892732451175884,-0.4441930901295337,0.283288009220347,0.007003540021331045,-0.11176974099161058,0.3085246931793485,-0.08124149798445061,-0.1548750824367373,-0.04962879145238743,-0.02701112526816862,0.37265993265077774,-0.06977809904213517,0.13467197690389046,0.2941098345632584,0.11923748413745514,-0.10137500299297794,0.44891545202950794,2
-0.5727829485111134,0.01734131393353905,-0.7358734635293325,0.14749782999036876,0.17690047903962527,-0.014317149791329637,-0.5897253362785569,-0.07480004558275241,0.21973438561191197,-0.3786438896051315,-0.011277424499296038,-0.06398198361330036,0.01863563035692099,0.055686938229700264,-0.04559285782257028,-0.15260595919657677,-0.02621136604202579,-0.020292498649278828,-0.2091718069916497,0.3878332255309523,0.11726421508191764,-0.2395376640833392,-0.1739632817918356,-0.06632363349123575,0.36777540562806693,-0.20123802142114086,0.055368825618859745,0.22245442984213395,0.1757152016533849,-0.24244544539438953,0.46978527951026466,3
-0.5913618939407465,0.10612008365022498,-0.5270954292262662,0.008103325117251063,0.12094021135637677,0.02589708444183204,-0.5425141091957733,-0.08547019566205563,0.3569734898203538,-0.7393033667605453,-0.019098784133130185,-0.11850332923607665,-0.09822289049183466,-0.07887673147585653,-0.08461475596248687,-0.19234542106126526,0.15353865142888914,-0.05372030784821024,-0.23322906311630645,0.34221368346761527,0.08334474344458341,-0.04358688744414293,-0.09852013577353273,-0.05584194636510198,0.34070317512389814,-0.219331553849,0.09823123708211022,0.2738589483282944,0.20286493472055836,-0.15166324637061412,0.4214470972671811,4
-0.6336818072179137,0.037339927439380464,-0.6578356635846766,0.05954798500945332,0.13841115206829283,-0.010442212285792979,-0.5969171682651484,-0.13975900033128524,0.3929372112653936,-0.6316383913963398,-0.22534496469607448,0.14357047585165286,-0.21138705770006216,-0.10069696557551065,-0.052391207517186435,-0.08962079588243983,0.15558428785927547,-0.04060500271585869,-0.05271531338781305,0.03501610978013793,-0.12348009109805294,0.008798684630739182,0.008625457422960402,-0.03696444052984683,0.23471446788635653,-0.14331442026103824,0.1155852154877874,0.15191880567295746,0.09704320794869495,-0.07929579795883869,0.21206754586422177,5
-0.4066121306218925,0.13088499239233078,0.537911841661015,-0.3930490252245279,-0.1607712388525903,0.013532933199949674,0.4084517145503363,-0.024296785637807475,0.032380018719392306,-0.0873727444691602,0.08233653298250272,-0.059121064231873854,0.14223015918479753,0.23320658391350368,-0.014770004611767798,-0.0956491918968989,-0.07354509156039772,-0.003061363318761091,0.0038057260880316216,-0.1522724188356929,0.04065756101245532,0.14269934949808358,-0.006744421553218143,0.03535073954960338,-0.16281841186284224,-0.13638005917416524,-0.008721662319985102,-0.022679262668885973,0.04818524032226686,0.028041014563360847,-0.004615699104287543,0
-0.5809193290685843,0.0261107511775144,0.5822458180332934,-0.48606903215312974,-0.160842394135108,-0.10707002422043148,0.4234446777210501,-0.024490418184896237,-0.02922750149097422,0.13866287873347494,-0.019037129962897203,-0.0267519141721787,0.038001844025906804,-0.25634800711717376,-0.006095174346609345,0.18524876229478832,0.05790463963154703,-0.05366006483564176,-0.1672125182689645,0.03757797106105751,0.08340215473700249,0.13475789052960865,-0.05870753896410774,-0.039352255550558185,-0.026377147258122423,-0.20300905748759182,-0.07960993785455002,-0.0991315556163749,-0.16097873016374412,0.024422053826829593,-0.07658969593232726,1
-0.4944119750718993,0.07719870593029753,0.7235997129332308,-0.5099145027843366,-0.1552503839708439,-0.019579511392464645,0.5109319376744283,-0.03739282761656734,-0.018203401904842622,0.0831902070563428,0.10682627194766459,-0.1352624699081749,0.1667170457786123,0.04808424871854157,-0.0371765868788072,-0.03499010148548614,-0.07996665854816411,-0.04645343008639989,-0.11441650928871824,-0.06788064136221598,0.03533304599631899,0.24500693350560235,-0.042615227465354635,-0.01377654379826643,-0.04943624845462841,-0.20409728805064567,0.0033836325120468603,0.0383049167110265,-0.06740009534129748,0.05614868323882715,-0.08299319770071847,2
-0.4109149265511546,0.17721876964604638,0.6539774294316903,-0.45652929029830214,-0.14115731222275266,0.07313866394400358,0.49262301118297713,-0.06877643531508025,0.04488178130450631,-0.0596074886049053,0.0979024531905523,-0.07433407740037604,0.18131622487685647,0.2528580467080588,-0.03700298400284563,-0.15597157610639678,-0.11577606036219407,-0.02015774208465378,-0.04341934750793387,-0.1548765768051261,0.008313226097050192,0.2428027400751124,-0.017574489370981883,0.02214328944228231,-0.14735798940583356,-0.19522202386866336,0.04377464849275704,0.06743939877004695,0.024624961741406017,0.042253718726954076,-0.023085804903861612,3
-0.5034720465539603,0.21889776724748783,0.6489278976684133,-0.5033020210883692,-0.10998412726675572,0.07963369784767417,0.539017207291411,-0.0828323502592457,0.08151123112768452,-0.09349236046405045,0.09158152297024356,-0.022508577226919197,0.16759504114676696,0.16279826844658443,-0.04929646366713457,-0.14062959883937398,-0.07700090913978708,-0.07166527003119871,-0.1686993191247556,-0.07015612761052563,0.08449276761177538,0.430255723020606,-0.017129717011725894,0.004940250584719565,-0.18634445160263913,-0.3172009105973526,0.023339855156021997,0.07705460547572562,-0.05629529699595042,0.034700180347166806,-0.02897903977415971,4
-0.4921090220549698,0.17668389933108947,0.7503789308666344,-0.5409787410098331,-0.11167885437972744,0.05360926033273309,0.5136989996306958,-0.05812046173093477,0.01208779554384504,0.004195458722794484,0.21094190728140766,-0.1929034151839385,0.27179568326633524,0.09600869917452122,-0.04877942936184142,-0.06934229180854516,-0.11169011278921948,-0.08718699390526224,-0.13670779549565606,-0.13465609982685545,0.06574936284039061,0.47573759917291186,-0.04637326687253051,-0.028821184462028887,-0.03457827416529029,-0.39262897925098483,0.01109693193748279,0.09529494318637752,-0.0971416885767838,0.037462554940478156,0.03890783554565071,5
-0.5464885996712171,-0.014165089146670728,-0.46670719059496985,0.030297351782554386,0.11855323261337507,-0.022296842823733655,-0.40631401465122585,-0.07578077010029863,0.18272331379890985,-0.2589506213506618,0.04795572293055565,-0.19139378010516558,0.10150675355296211,0.018219619245544893,-0.05713730748841122,-0.07447997436628521,-0.07322852538988445,-0.04140384019839648,-0.25417133304682193,0.3099147384224506,0.06512103311342718,-0.2031335009741495,-0.13596152640460976,0.006153911323427855,-0.006984357703943531,-0.014851216192453666,-0.0990249967356905,-0.033958776263115185,0.1639835013034704,-0.09273451890229437,-0.05616389615169613,0
-0.6406698790202734,0.009202705779954995,-0.4375361935998881,-0.060617954424835634,0.10400711102012387,-0.06034379730770326,-0.5749735128602651,-0.1262811954116321,0.3430432956855481,-0.4388272902354754,-0.11375175715319424,0.010689102213824759,-0.051063293322203544,-0.16641160957956774,-0.05522288128261413,0.11901142672823196,-0.05076436722262496,-0.09540377862443972,-0.3143597711417305,0.2579705158534629,0.024763296736558204,-0.038467380734892774,-0.12526314472295205,-0.07911566853958861,0.10852157162932398,-0.12067591183506812,-0.02872257342461087,0.010104075949880225,0.29286595247967656,-0.10726187808566659,-0.11195922509562665,1
-0.5043252553826053,-0.4176962053029985,-1.4927257250039292,0.9938919924395904,0.46554330586529197,0.09906179298027154,-0.737710725916004,-0.10642696273740736,-0.3396362635235292,1.6194720749009155,0.03251847213856567,0.4300693714175295,0.32392871283259084,0.6879418251826027,-0.07221547429869829,0.040297476153846344,-0.9068922919276349,-0.0014006165544828508,-0.39338857770328206,0.492728721986946,0.032440491877290145,-0.014624584157358036,-0.13151095538051008,0.06607952727981979,-0.08494217715229471,0.08826598257383798,0.029130333027351095,0.14190408736240667,-0.04303065075030087,-0.02923496580346847,0.05264251613891034,2
-0.2504050158181319,-0.21996403857873195,-1.459997354493746,0.6884213795308018,0.32994330040227393,0.14209065790033212,0.041803674913008945,-0.05308871544892733,-0.1376267380992794,0.398917489284063,0.16166866967743795,-0.11401603646768524,0.19888372994449643,0.47815599967242917,-0.1212659438253018,-0.5204859403658715,-0.10670253247932879,0.008192115950192758,-0.16314582028011143,0.5720503707900945,-0.009876240390587064,-0.4710496671391199,-0.07308171239845113,0.06591680916350875,0.21473470209743367,0.17104675135034583,-0.22090967610382128,-0.08096834479288753,-0.14518609698697504,-0.12398033374039942,-0.03682450228948383,3
-0.5965230547757456,0.06421706168223365,-0.4362923293222789,-0.040892745840760095,0.09090159093908205,-0.002475338363278557,-0.4269748615121456,-0.09637692803274332,0.3355139813447391,-0.6054629844744841,-0.06680647110934623,-0.0674653330082034,-0.08288796529500161,-0.07184335318994717,-0.08342155998422796,-0.1328970890342907,0.09386155832193176,-0.05847398104803482,-0.22294412937846728,0.242895094494595,-0.0009014245304792437,-0.04446342169174289,-0.04769324917064113,-0.014818928029018602,0.03961623694668826,-0.0322905870112849,-0.011596155476962798,0.03253229134804705,0.16647415695354842,-0.03503850324630527,-0.0719441155246148,4
-0.643022396958112,-0.06237618376718769,-0.8441046090053226,0.19435010404750816,0.21521112189000394,-0.019070135634684165,-0.7137277897449925,-0.16358217206503864,0.27866729510659727,-0.12629933589997033,-0.16999268628367736,0.15935003946179216,-0.026551379021420567,0.06321330869159081,-0.07440717138374416,0.036064276589992346,-0.26303500176160394,-0.06841056573199034,-0.25687303368434194,0.26405403912722736,-0.13284679514960857,-0.1895456640564305,-0.12528414463260673,-0.05853695331440566,0.1594967818485853,0.04931633705749857,-0.024582021707191804,-0.004361212998720699,0.266168030229194,-0.08510107843665253,-0.21948489682707498,5
-0.4050591531078363,0.05562123271027413,0.5523358777881056,-0.4186659898541058,-0.09631431864577118,-0.030766834745847533,0.2822972905944762,-0.011379480017703248,-0.02143928872982995,-0.045872228649675106,0.2062437844755094,-0.3575887712916392,0.28386545521956447,0.15822837301059803,-0.03920145465609295,-0.053996617907608686,-0.1155578084681916,-0.023553190827529703,-0.04526653862122969,-0.07114921935888754,0.0797980535756046,0.15776854128535556,-0.04064417887013942,0.08541583161680898,-0.2056964459843471,-0.08239360893188816,-0.08532661265889274,-0.08413076417291342,0.020347647513283,0.10449509591962272,-0.09222982398091445,0
-0.62040028489797,-0.1420904769215144,0.5678374281181552,-0.3419713629961078,-0.15818207376703616,-0.2319238119737804,-0.05221978068484252,0.10167612296900273,-0.353086947721863,0.7217963883366714,0.0686953920384903,-0.3734739050461174,-0.02721612303998462,-1.1156792135530522,0.05682689225589201,0.8818471404121078,0.14155941341097436,-0.0914351792414367,-0.17626059888800089,0.15281661339971317,-0.008758748585906041,-0.2283041058278257,-0.07498475869744675,-0.1900604506981013,0.29245847676829384,0.12639887858959972,-0.0244448201211743,-0.13491346905269302,-0.1427659108757855,0.043040806594537365,-0.21239604692237474,1
0.34229254548632165,-1.4187565728545495,1.675962861042138,1.144098688973703,-0.12182261508810412,-0.204206055106084,-1.1360673862250412,0.689844758948402,-1.3643614444845653,1.10321868846056,0.1733458227420162,-0.5784783581350971,-0.3903052014136808,-1.2562290922316786,-0.17919891594751536,-0.5211129593257346,0.2779980011156879,0.1381875018512744,0.4070488375478975,0.5092350399670286,-0.3261662467787648,-0.24538703947339136,0.4811820828180973,0.3841605583548268,-0.5046746670528675,0.7537910052193889,0.3930989183386767,0.2883118690502075,0.332448491563074,0.0528340697599433,-0.08434748756177246,2
-0.03766848453923753,-0.11043144309855826,1.079264293702017,-0.45523594902610587,-0.20742043048296327,-0.060472306678343975,0.2364149265128504,0.07904756594445907,-0.11265074756676553,0.15538478955586907,0.4169626801448668,-0.5367909404212193,0.4665089418923348,0.39431584452128754,-0.09493806346982199,-0.2024761068916815,-0.3559823156996193,0.0025400173223633876,0.3015638606194679,-0.2598782422529267,-0.2100957748844509,0.025874091688263226,0.06994225064327948,0.07029357835766122,0.11738287726036428,0.09323845153095991,-0.034283787821748984,0.08447984591167573,0.03793835336546899,0.13067341356251205,-0.04444719849769357,3
-0.5452567829064797,0.10002859048302708,0.5810593440332525,-0.49242476834256294,-0.10292334788244942,-0.04696269870856287,0.35713134547623754,-0.018426405900100723,0.02459098752292153,-0.014190606067722834,0.24332814461729002,-0.32104413481600724,0.28088724100774415,-0.07422382588969793,-0.055225845692563634,0.04609388507306813,-0.09140994118866962,-0.09532302164000632,-0.23541777922511034,0.0356068501341657,0.16913878827731146,0.37904162003309116,-0.06434539805488472,-0.00021608299523465931,-0.15248044969133753,-0.2437200860893704,-0.11818330311304039,-0.08518252809818,-0.05927703812055482,0.07991961848430665,-0.1597545771425137,4
-0.45207050223400447,-0.1602643357735712,0.8077744927836037,-0.3690617160754541,-0.1628503305612383,-0.1648222637850303,0.0966686640435837,0.11180227112533289,-0.2997442281344089,0.35908826339865635,0.3087181911034581,-0.698950351732068,0.29058673902069804,-0.4163982267493157,-0.05171808070124413,0.1944281850067231,-0.022630723474234105,-0.050455622375800355,0.016613421656188374,-0.02721803886461845,-0.04431570600284421,0.00641291569586196,-0.04543959148747125,0.010508155035547756,0.08761289333867772,-0.02786257043801559,-0.06734707864593031,-0.06240135349164653,-0.11134764357401676,0.10341560332025783,-0.08891895963831155,5
-0.49264857397223333,0.1016948929587769,-0.4536081406235807,0.04731979439991153,0.10552952247578912,0.04482757323179802,-0.31050431962801617,-0.03392960724715,0.23348386166459367,-0.47863381612481065,0.10788618932010048,-0.18433178130510292,0.011972617691941023,-0.006265588721135261,-0.004232630785244929,-0.22102856974099097,0.07832684534527551,0.018019728947844527,-0.15874313821766656,0.22868657630055306,0.06297172371838289,-0.21249625776455136,-0.041601304870903376,-0.003748258714586796,-0.0021253669630294943,0.054580645531526695,0.013836906394885606,0.009446358917449715,0.036241957811839504,-0.11804035864551846,-0.03532399119559871,0
-0.6589231535749226,-0.00023295189597635137,-0.4970364191013021,-0.04254392223987612,0.11200003066115186,-0.06823730394614294,-0.6441876499216131,-0.14430360299754738,0.37137988412442885,-0.42956305617890833,-0.2084483653660608,0.14850020725674934,-0.13368352094758473,-0.20924060754632862,-0.033517787484093904,0.2038413372558427,-0.029791116794804614,-0.09110169210137528,-0.22292687278229173,0.10978085674402172,-0.04354709204625174,0.01563534308794476,-0.08512643963953591,-0.08137342989879995,0.14480571079976126,-0.15210991641222357,0.00383384787114097,0.050492772207671094,0.2333235793410797,-0.12554835313383714,-0.020388137526149843,1
-0.5240144845205741,-0.41449931854031113,-1.5637678726078932,1.02438667802463,0.47370225823670575,0.10006860168990087,-0.7509698521252739,-0.11217827310546069,-0.33602126731432586,1.6375590210211879,-0.03660583044089398,0.5665107330703849,0.2634498722147249,0.6721462490476225,-0.06073495196713943,0.11231979752953515,-0.8691543364947547,0.015694756864946428,-0.23412424976445048,0.19506975871980084,-0.03544011476573164,0.1704375118812295,-0.07594859779939801,0.05061199277557094,-0.06756801709462351,0.03692222708083729,0.09199305170855566,0.16558701320239086,-0.07282384364244172,0.03786745880094425,0.11317676436552497,2
-0.5479998447534016,-0.128326747654213,-1.2815413392878148,0.5159774485690617,0.30606198219258696,0.06473418804067213,-0.4594970573152505,-0.12393387741221981,0.0920402366835254,0.17030834245493248,-0.09799917469880685,0.20485847410106403,0.044019502066381944,0.30441377568137884,-0.08567469596711454,-0.2423333208165757,-0.2393267348615135,-0.00236537702957176,-0.030742579936340053,0.19352951820342415,-0.16648778891415877,-0.27185269723680344,-0.022668778907948123,-0.07838645388635157,0.2120550734419126,0.13115873259810962,-0.051932527584458196,-0.08565544939411761,0.0717390452666268,-0.051243608785849,-0.21878683193296444,3
-0.5967129199025232,0.088424234493906,-0.5115018749872805,-0.006020537391108931,0.09819057654923645,0.014010247694277538,-0.4166530425911585,-0.10674424705627898,0.36259662874589793,-0.7193638449898374,-0.16046505844926412,0.01736451946529145,-0.1921269204000899,-0.07013245493857763,-0.08908413349852429,-0.213208890697317,0.18636687126791712,-0.034825639892183895,-0.11770142941291711,0.14454511268580233,-0.08321724687610815,-0.024928040520176206,0.024000669694412554,-0.003170812323020721,0.027094334636350893,0.031023554681790508,0.039619685005783986,0.03071618656100108,0.09971988284020071,0.00159203085618804,-0.07804891560304358,4
-0.6592402077105319,-0.1128383446060697,-1.1493864618601308,0.3888060020495477,0.2932853968136442,0.004474749820088535,-0.7788432535233059,-0.1993328275127297,0.23421214914404068,0.1404973753959591,-0.3442933257545765,0.5085574506931859,-0.1372129180628476,0.14395480904260533,-0.059002223174057435,0.13755629706478797,-0.3065998682123359,-0.017537444635463154,0.11548857639047591,-0.21518367255232418,-0.29586983449884585,0.028995285954597404,0.03499424804002867,-0.037754681927206955,0.13955287790021628,0.08636051441696724,0.06909466164759627,-0.0682833098716456,0.06588333523560891,0.06948289888519672,-0.18842906847920488,5
-0.33241431020478285,0.16812360599412987,0.5150322234591067,-0.4023772035244655,-0.05285812638903816,0.05155095968105063,0.23502431548885436,-0.01963340800518413,0.05334219950034108,-0.13181736394946658,0.3070786973003722,-0.4031340859741195,0.36131297958176717,0.24764097071511595,-0.042714185875050825,-0.1424248316944174,-0.1473525155337073,-0.03512287331235903,-0.03911170735374224,-0.13780661912815265,0.06877412934089869,0.2268788622508518,-0.013921355910405461,0.08302738321878317,-0.2451228881582976,-0.13180121633789862,-0.07848455187738339,-0.03272044164130906,0.010181083319661825,0.05547881739125111,-0.003975589854731969,0
0.504700264271465,-1.3949154499774106,1.600499282978516,1.0223406486865823,-0.09484018384053412,-0.16673746677775905,-1.0605560736912387,0.5757791372097429,-1.1036659159192812,0.8510082405963889,0.241750263282111,-0.6423319314723127,-0.18799052065063124,-1.0025284314095555,-0.17986235461629413,-0.6832948733597467,0.18100019997587577,0.13431591818326402,0.4835407903548851,0.4618124479921586,-0.33850232443210565,-0.1812943263302521,0.4635697940774641,0.29105103396755033,-0.33755002067445755,0.48784191066095217,0.24698295616196314,0.28664151594466697,-0.0008566926689960103,-0.036337326417209936,0.057712508728916784,2
1.434596117914939,-1.395519419289838,2.151283128177501,0.2855524360445807,-0.19631045241129746,-0.04418818491360553,-0.773286198822974,0.1535164643494122,-0.2558394448873725,0.13120809896691962,0.279536967923423,-0.8020174470053868,0.1717494760619517,0.6417017129568198,-0.07148199155003779,-0.5587637768037809,-0.2889499062615475,0.07280767221007767,0.622835597774074,-0.49038435964313215,-0.6078475384360005,-0.47925711558366585,-0.012044981770907487,0.07656644968947945,0.5488979567993796,0.5770621601706721,-0.1687008331083152,0.12224549789434865,-0.4463312683898204,0.10017348640398002,0.08425549949916918,3
-0.35939314581411413,0.3331652284641439,0.6343863570436142,-0.48527537275997945,-0.0469808689877248,0.17292124371360043,0.36585686421300656,-0.054495872847804834,0.10125415948879958,-0.18178163516109241,0.37818476921895444,-0.3628792129155499,0.39008065446467866,0.3687990250662569,-0.09910515307713606,-0.2261574787790651,-0.2120070483718523,-0.08242142438918197,-0.11107280341147635,-0.12741070745701322,0.13124643828334648,0.5556441283374343,-0.004648488958774937,0.07676806569144336,-0.2613962765584517,-0.21030795224728624,-0.04394339765476181,0.07011402219401447,0.03679073133280966,0.11811717157947797,-0.011173519365424133,4
-0.516404995388523,-0.11338458981966916,0.6724567187687666,-0.3727758224816344,-0.15527336805997993,-0.1625037308526705,0.08751237916521161,0.10492595890344344,-0.25922747703042204,0.31878164417358196,0.26402776062414784,-0.5671017805225879,0.22985098130069537,-0.4992071819110335,-0.01878230407217809,0.3187232422282391,0.04275932566658337,-0.0686055545137849,-0.04821160934784077,0.00592199979643239,0.041433141812668564,0.07188720905245631,-0.03832216132784987,-0.04323509350403677,0.13451115623664694,-0.09793746618337093,-0.05186532837173631,-0.07135792306915177,-0.11832359993181435,0.05813231816679725,-0.047873009897828625,5
-0.5847486625135014,-0.03884218009098619,-0.49193865588493935,0.055019704477426115,0.0981550644068757,-0.060433719980489284,-0.46989320004973467,-0.05628872090020366,0.14037631616273807,-0.09567874516523835,-0.1004597311843359,0.06672609014362231,0.0036037422089175947,-0.051114928299442135,-0.012702372642525838,0.15867589437458865,-0.12882033967182158,-0.024652239828791545,-0.026076085108517683,0.06193732075536524,0.09509416725741476,-0.12934041081969488,-0.06132951267712245,-0.009506211825831619,-0.07649690238225242,0.0681306495111621,-0.08531052796400329,-0.1467370682931706,0.12987680010051164,0.012116502213244744,-0.2382917623466205,0
-0.629901759338974,-0.15119640621982966,-1.013780401872079,0.39641284099432733,0.2764691410978343,-0.017398205994101808,-0.7606535437767521,-0.14783181882704047,0.06657569545024115,0.5244495219128337,-0.2205868857300299,0.42369216249961883,0.02371320462787092,0.17491302236847428,-0.021316762783685776,0.2898577033953103,-0.5674561233676664,-0.020528460280232697,-0.051968945819617564,-0.0582451782211236,-0.14929987612792595,-0.06599048065368539,-0.0579221613896932,-0.06633744847517285,-0.09265712601544154,0.22362589902260513,-0.07644950077180221,-0.15678894892194445,0.13390133417424557,0.04347933702544989,-0.4312179306091457,3
-0.5505535103233086,0.11719299879386175,-0.36406306254782933,-0.04716872980638852,0.018904197556926128,0.023262898449689963,-0.14753632128074337,-0.07852376902914297,0.2931222884959688,-0.6258437019157729,-0.19426464260395984,0.06374553061973247,-0.21738975282596867,-0.031589615665376075,-0.07642688912987435,-0.2369057924446249,0.214024063579018,0.0015454315957914664,-0.0031605179622182255,0.010953819432355504,-0.1183192147532394,-0.013130885986524057,0.10792092337219006,0.04733632198907058,-0.21322428270020008,0.19137523725686806,-0.02013733454126364,-0.09411572926319714,-0.01860114150883945,0.11173627017510648,-0.2933443284308859,4
-0.6319181717190745,-0.0943911558270415,-0.8961854285833862,0.2620457465357014,0.21972782037926453,-0.008362326141637432,-0.5811023351526989,-0.17580175205488852,0.21217130677284385,0.11451707002939134,-0.31092815293997317,0.40383291783522945,-0.12686186955371834,0.09002990423493532,-0.06762122290057783,0.13502035840386528,-0.2689213631946346,-0.017828949800611886,-0.010153121861399547,-0.12939699667216906,-0.3497001741432363,-0.08672528713173117,0.03660836204169348,0.0002204179759388225,-0.12717816121304779,0.32682231455780686,-0.15361572098867507,-0.2956585381261841,0.07697642071380413,0.08396994216292715,-0.635196123803627,5
-0.5549153510615303,-0.027430834647861148,0.43123315528021766,-0.37343146716079906,-0.08671582566825528,-0.12556637272547436,-0.025629629986506787,0.046595947231794485,-0.08814274431183856,0.09074837652965029,0.3500109790574851,-0.6619631541229796,0.32743421215605706,-0.44457388100618106,-0.039099483393217734,0.32883972877446954,0.0018448398365821016,-0.1137972521184035,-0.2610569992022809,0.0983191711481982,0.16303137677970375,0.22588192487502076,-0.10113614754791311,-0.06651108980745668,0.08946579280941724,-0.23307415349441576,-0.10921531727179717,-0.05234012569468725,-0.11954433232256287,0.02948164116977926,-0.04059251787029122,1
-0.49509731949931157,0.08930316095963826,0.5988001306146988,-0.4899671367406484,-0.04129126408145375,-0.017288815609617297,0.11733794986512888,0.0049495096693621425,-0.019572905020757123,-0.028129274808187527,0.5393056049791927,-0.7934118377658641,0.5100103177956565,-0.1512431742356906,-0.09183214400717025,0.11229867587231275,-0.09255463155988918,-0.130344773655123,-0.26199074248696624,-0.016014678750829136,0.1851799106085937,0.5468488825986002,-0.09929780007826888,-0.013059110078443723,0.02904287943158775,-0.3528063846139783,-0.16742356315650103,0.005712242433919881,-0.17644068536682253,0.09856857748125963,0.0420425123750854,4
-0.4878379223473903,0.10118734926235412,0.7213122044789326,-0.5526637753732223,-0.13433278805130025,-0.01885067900991963,0.5150738751751288,-0.03326543973785052,0.0027920642671558538,0.039730658805357505,0.21194614009367016,-0.3011462076952885,0.3013495128842718,0.1821528970907936,-0.0705637003860548,-0.09009612293965467,-0.20747325087617857,-0.07250095802032616,-0.1893125545383392,0.02621844012786481,0.11932581194335416,0.30906117409965883,-0.05429676514295281,0.0853713382553485,-0.2638713665740137,-0.05304514164011486,-0.12019578033049198,-0.07188700191192059,0.04812312010190379,0.1518970564420676,-0.2817329608041718,5
-0.3060533906657826,0.38891868065527174,-0.2838462769256619,-0.0945490693564234,0.025214411971754398,0.01749064024780386,-0.11602003869516152,0.21887162578311545,-0.11966723124313962,-0.8191676383683546,0.14186671414779758,-0.3778280353940566,-0.022786526692679894,0.21280419270463055,-0.21377082947082887,-0.31477009039527964,-0.019692940549042488,0.28020433861800736,0.7916775770317536,0.5018893938930807,1.6800200609873361,-0.010781900064859518,-0.6161134964254734,0.6445153944680163,0.487282931411211,0.19128342847325755,2.0299194078139218,-0.28728524751867135,-0.602589600579375,0.6513849519012017,-0.10123718304611613,0
-0.643628426187749,-0.22141154471804755,-1.0554066854329915,0.49761430085147684,0.3135588424024775,-0.02452591290004143,-0.9757001039434301,-0.14427840665416092,-0.04451648513130721,0.9535629443219539,-0.1469579264161738,0.35699421869101633,0.07391647037149693,0.28044010455425084,-0.0508225957784684,0.4419385601450803,-0.8426528856685903,-0.042525992376259744,-0.3219304662677999,0.2688340671683847,-0.018461764857754335,-0.002232280030811338,-0.2066128721956601,0.04520720284035466,0.01651616146222347,0.11235608943375436,0.08191148935991188,0.2226017700641827,0.24861340252096775,0.005870753865901662,-0.08221814514230015,1
-0.6545127333577478,-0.01601500217024796,-0.5208771427783824,-0.019956092023735127,0.1252762126091777,-0.0673160638895939,-0.657434196643863,-0.14015377382567767,0.32891998659775795,-0.3288569682516108,-0.14902467809359363,0.07426129169595327,-0.05014442135103946,-0.14661514523057312,-0.05672349550089255,0.19112535577491568,-0.162872380628185,-0.09946775464667426,-0.31006380546225054,0.2835302167133949,0.0422957687976077,-0.08133886806577593,-0.15079809677584513,-0.08652288239675533,0.13343790341297965,-0.06006080834026758,-0.007320563678964563,-0.012369693124599063,0.34195492372920105,-0.07494425679614442,-0.2179099701324772,2
-0.5461474655915003,-0.18959374519290575,-1.2830521101170762,0.582749095615981,0.34064784323853614,0.05529878052095449,-0.5510417748389609,-0.11744992813387826,-0.011161274174541689,0.5301887999394246,-0.038361953505134126,0.25403777057318844,0.19744120180521435,0.38172846669653265,-0.06854896673776095,-0.12517961111284373,-0.46937655266001144,-0.011299771838639273,-0.1539940295455332,0.3278056428455619,-0.02847145637541031,-0.2871473985171358,-0.09156900816940751,-0.10429557345623411,0.14354816956497432,0.09384187995033007,-0.03678462843354585,-0.07588747597194732,0.08066439442588307,-0.07686466714113234,-0.18313856721753874,3
-0.5942198262737447,0.04770198927172353,-0.4736040241731025,-0.011788207906090984,0.10619220090636516,0.011906169759764539,-0.4175362459365761,-0.11689647133013072,0.3282612782292461,-0.5487654284615736,-0.09028163827645705,-0.029821752065312377,-0.08880577743742525,-0.06545065358478522,-0.07555367852676649,-0.13931423455859385,0.10569812466929514,-0.050780478906502426,-0.21378799186191608,0.16753691277298635,-0.10527714078469835,-0.05022983353132244,-0.02522500361721157,-0.021839497595761075,0.02987815811028912,-0.04459680020106525,-0.004863595676344869,0.03969274896669983,0.10741736615036855,-0.05845520051491172,-0.06499257233606005,4
-0.6175223888398115,-0.018598859542268656,-0.7909531834398339,0.1439201922003335,0.19408577684719144,-0.005248275230534121,-0.5974375830976488,-0.14275548120013754,0.305511411422632,-0.38109936507778697,-0.11904218535216103,-0.0032544025059403968,-0.029330762628386162,0.08779262601644072,-0.1258551947498409,-0.17023296840074995,-0.13076450891199864,-0.05783384590079319,-0.2765282925951875,0.4373422238489771,-0.04534137361740911,-0.2845239522625842,-0.1494126385947195,-0.003249143974067116,0.14731362263464554,0.11722371688022165,-0.029799400507180815,-0.049690906469831306,0.32327464296150316,-0.04157299141930185,-0.29426087325741146,5
-0.2578161014301157,0.22692121095576123,0.4462088927482378,-0.4291477386363478,0.049277122076109646,0.09062621077957171,0.043048078070415045,-0.05412673583111921,0.050005849552768926,-0.1955077887832152,0.4625089049794522,-0.6628708548856598,0.5052197286683743,0.27315704478455016,-0.07244402845814844,-0.1552669735223143,-0.11359698387513592,-0.03584871979309047,-0.06388651649927822,-0.05266647936404323,0.13824218466274535,0.32762330790377847,-0.034217691147296204,0.12817590675123824,-0.22149939691510825,-0.15108030962631622,-0.16594337012345925,-0.0200030654086581,-0.0570565041091379,0.12506006718925516,0.13449485344440165,0
-0.5678168492140893,-0.038322995893080865,0.4132672459168634,-0.35159106668189755,-0.06793680082324936,-0.14364776137891974,-0.11388335011538768,0.056723484888286754,-0.09558218775268414,0.13185634253105588,0.39061753336795263,-0.7566726065042187,0.36016637198796,-0.5847680277812572,-0.04212348481846138,0.4071995563320581,0.003186311108668734,-0.14650222539730062,-0.3265856426444202,0.1110476993659928,0.112881352730912,0.17184973116959726,-0.16108616621589192,-0.11040009674981438,0.15843491983120922,-0.32617270889401256,-0.1212776810288506,-0.00979227544824621,-0.14210746607046007,-0.032186576640839466,0.03612561201637576,1
-0.5335601281637352,-0.037411722522818776,0.5424485582965719,-0.40881661402183633,-0.10184229097672534,-0.0937763706093694,-0.008037689776588225,0.05540592357119158,-0.11627921218095408,0.13948994682492516,0.4569234263186456,-0.8239250658169961,0.3770362574537185,-0.4239499395860357,-0.06824101786179307,0.30455480749810737,0.0058868547243031725,-0.14242407498514284,-0.2758862281881166,0.05281031720150548,0.1411518525142493,0.3322389958590744,-0.10507906211562397,-0.04011979886091895,0.1370241001729937,-0.2340774712726178,-0.10382758690614666,0.009187477932394274,-0.18779120020965392,0.04573590190816674,0.013791174946391678,2
0.26904491915836076,0.5614320807731257,0.9842472520591216,-0.7547130618651714,0.09399308580292631,0.33366291063082176,0.05874176051590262,-0.14688698846195042,0.11262588861781267,0.013738706785844795,0.7971973065858794,-0.8545362765962103,0.8495798800001382,0.8642916267864833,-0.1502747054622969,-0.3254175542913647,-0.4072380295999353,-0.04885572438627038,0.3034991804968183,-0.41787261623907024,-0.07214597142031189,0.6786161444514737,0.10281463482867416,0.20950758234707298,0.013974621399448732,-0.03413576641890462,-0.1679106011537586,0.13771138092304508,-0.09870255418919827,0.3276628765094161,0.2952774130819349,3
-0.5540601424477712,-0.007194081028929837,-0.456754425471035,0.013487274896196897,0.11954065797227749,-0.009921232403207778,-0.4797206514750829,-0.058075531884518174,0.19876634397139367,-0.245822239652701,0.1756209543613919,-0.27180738296810153,0.15459115201148038,0.03710049355393826,-0.049186414648658715,-0.08398699491327387,-0.1422038514432988,-0.07126722075720955,-0.40833539972446475,0.5435015407736973,0.17989026614851467,-0.24820827607037052,-0.17468165341067093,-0.03557031503581095,0.10251010536176541,-0.031635093418452206,-0.10822274764910965,0.08095264060461269,0.20914495480753348,-0.12400990790736822,-0.004557581698559279,0
-0.6126281982903455,-0.008046225146541632,-0.450286920892994,-0.012290188562555251,0.11039455664529287,-0.054617294801178946,-0.5587138717249702,-0.08837825858664676,0.25326067372718447,-0.2890597973832344,-0.004673555123473567,-0.08124796388259195,0.04228607842239418,-0.10843093335527389,-0.03543973958697039,0.10834951856670702,-0.1098462865442892,-0.08132522039383876,-0.29322739575540824,0.2972663033010424,0.09257132027921201,-0.10178149436494985,-0.1430957329111785,-0.09456699442785989,0.1403905710897007,-0.1610971838869378,-0.032176638738541014,0.07847401539677513,0.2506620332608775,-0.11484193281523289,0.03323969538671413,1
-0.5795631591466198,-0.31416920564371087,-1.282554187712816,0.7547961398131624,0.39659271583389705,0.030053794226274865,-0.9069743145507125,-0.10030755312319953,-0.23324746233464397,1.3247690212599423,-0.003541156103149995,0.38319700937462686,0.26045889596605754,0.4966262500391675,-0.0287096709239162,0.17539801429083104,-0.867765091487616,-0.02611156247886587,-0.387275727750652,0.4971364122897289,0.13272554400705314,-0.05271178072708834,-0.17499225904907198,-0.049126731610798384,0.08829527922841536,-0.06522219808105842,0.16221957489741384,0.3722027779101025,0.05834769799158316,-0.046855773714235195,0.3599270417574511,2
-0.6191756963180258,-0.2099055517207841,-1.2832345216567234,0.5913887468580565,0.37558100569580954,0.022027866698088816,-0.8743482800243991,-0.14940567515588213,-0.01878463410864362,0.806849135737452,-0.06207049424793324,0.33362197014854245,0.24794554364450672,0.4129739307379481,-0.06847617041320914,0.07633618660267165,-0.7592387078540944,-0.04972300267663243,-0.38568883228761547,0.509458816632121,0.049338546417500476,-0.25199627697818794,-0.2505168056005376,-0.12281411216495547,0.25096785909197855,-0.05128934588627012,0.04960661375213352,0.19276170695370712,0.17472462627595817,-0.20697620422253743,0.21085775317446848,3
-0.5725200628208106,0.1038795758254512,-0.47729986688489645,-0.0010689236864376936,0.11595584034920918,0.055690232645925146,-0.4230300091115247,-0.09869360277582517,0.3475546315604046,-0.6857188748683383,-0.023756723784511994,-0.10388406986305951,-0.100037273068055,-0.06913228766996497,-0.08458306327179975,-0.2341790617671579,0.18756137654655203,-0.049848625289398554,-0.22259056213734224,0.23018760540378289,-0.06227496796939794,-0.03270808483806386,-0.027426396855370593,-0.04358263529293194,0.15099407908373014,-0.13545105629124546,0.04213454816232937,0.18403178029181694,0.11352434480478142,-0.0880660898932577,0.2043377758428587,4
-0.3416517444933017,0.07959849764612857,0.3749089332624984,-0.33757613183072616,-0.019505406340566835,0.014326784785566296,0.08112752223144175,-0.025762603710429707,0.023649591868531685,-0.15684200980856444,0.2947749276688896,-0.49262937634460946,0.3360447063313603,0.1353163386006341,-0.042406244764648986,-0.08238098632428859,-0.04372875907829795,-0.012236183430506782,-0.056003757934975,-0.0673367980392857,0.08348581464702437,0.15303038301768862,-0.03370255897824219,0.07963129670143922,-0.18446429840467726,-0.12952248637300853,-0.08934873057202254,-0.032891508643455844,-0.06891297687502412,0.0751319301173784,0.05012081566811604,0
-0.5757280559516421,-0.032353092115454354,0.4610015203654551,-0.3888653043702118,-0.10373745679161898,-0.14221943349688873,0.03256547161121769,0.04127152993601811,-0.10288050398620706,0.1429036559996812,0.2588433590697521,-0.5506447218048593,0.25120501091353215,-0.5326666022627221,-0.023063859178714605,0.38538485587267185,0.043347984124215554,-0.11560325256871905,-0.23837038752729242,0.07365425591362917,0.11781305838246549,0.18266813484509184,-0.11111393434502846,-0.09178406160571033,0.11543872928000504,-0.27608376391853595,-0.09087120419106721,-0.06286555107512913,-0.14279099554960614,0.03600351891593905,-0.02695979037859836,1
0.0813273978831703,-0.9304515539289869,1.2965065831038467,0.5289824787460052,-0.12393618742456632,-0.16326123966777092,-0.759494794502463,0.4101403262621426,-0.8715062894640815,0.8177289065669233,0.2807599554319942,-0.868481828845431,-0.23887926651254682,-0.7030811233585263,-0.0810127130360517,-0.19817591868751167,0.3253439776745363,0.0408465539287946,0.2486559036495078,0.1844227644143744,-0.27229547728008235,-0.21414595431577768,0.2614775848889864,0.19664810482849737,-0.10065826348215773,0.3943568195730921,0.24467184588570048,0.2965900676675385,-0.009786469849578257,0.03211113055308186,0.050533938292153066,2
-0.08355014263059113,-0.3736902780064688,0.8907342100953786,-0.1366789036365399,-0.10004748756393105,-0.10551886418421819,-0.17008317824288244,0.12613458563950758,-0.27510593519187937,0.2705457211294646,0.36203165004748034,-0.7244797942776114,0.3157435180172155,-0.173786893766663,-0.04638851602119372,-0.13900181923861663,-0.04746823880901055,0.016355806017960082,0.1906510587862307,-0.14122417724548877,-0.2064650935139137,-0.1607903091965894,0.02952376117322512,0.05619124673037878,0.040023630344885625,0.09093718810840959,-0.049826221824914425,0.07435886990689741,-0.24721070978807236,0.012793886589786477,0.06239314528933245,3
-0.4670897247831887,0.20049427995955382,0.5221989867059186,-0.4563219851876097,-0.03457981110860563,0.08252054899124632,0.28117059851544557,-0.06925636694887678,0.0896314998665517,-0.19226341002044148,0.2981501028815926,-0.3741257638118214,0.3182203378313521,0.11251839572048736,-0.08537153011610124,-0.11709037708128579,-0.08160969214773227,-0.08840748241799272,-0.2129676183578857,-0.03582677789662745,0.14230928039155943,0.49647597373476327,-0.03099978211766678,0.032269855079039844,-0.19130515344939286,-0.27918994186706897,-0.06558276104063247,0.0522659981039904,-0.06768035246348905,0.11066496204589274,-0.039963748596337965,4
-0.02041951179913953,0.5154880508877666,-0.42946841979929923,0.15867999558992166,-0.07849337939789652,-0.1860153988292277,0.07582321168272406,0.28655520743084995,-0.1399847236960486,-0.6896324665719794,0.029608049572274732,-0.2913030320098668,0.026315379556356166,0.07700287353960321,0.06907142733033535,-0.20188200974042275,0.04724404977603088,0.2421836486959761,0.41505162424369185,0.008575748093034576,0.2914299744624886,-0.30109588558443307,0.050282979023769755,-0.004094627205148196,-0.4210960669537369,0.24003653979370376,0.08407047105305973,-0.2958632066807244,0.0880355976370311,-0.07458649601809852,0.159703518372488,0
-0.5576133365229029,-0.022024559733494434,-0.40102599689794205,0.01688587239454026,0.07501989556201212,-0.05186668753042972,-0.35741120096661405,-0.05176893307018508,0.13825339955028992,-0.16964258745591834,-0.05903633099086688,-0.0027258831834462392,0.011727128717930383,-0.05402766842311788,-0.0029279747935235167,0.07589021108423655,-0.03383209432316534,-0.017314075587456082,-0.02482027859987252,0.001602999565773528,0.04565567501123727,-0.07951607441634402,-0.03373601198404899,-0.012860384580411787,-0.09063277232052483,-0.0019049337101394355,-0.06714975927787263,-0.11899694065187726,0.05579635882304666,0.00478266525078799,-0.10587030764794252,1
-0.6108762153404486,-0.17799095414247093,-0.8578308484640792,0.3765812219560813,0.25005347972816583,-0.03183777995799572,-0.7480884943259576,-0.11831620279848078,-0.01614138215497181,0.6796617398064836,-0.1581586174439498,0.33212240676115334,0.04941957264917904,0.10839291733030416,0.004601167636379854,0.37753272774020086,-0.5597692542799393,-0.027390043544875967,-0.1107188514652924,-0.05875285329545213,-0.12005815640968864,0.032931431410247514,-0.07554736730327566,-0.05019766599312758,-0.10397716047918211,0.09825932286241407,0.02076420237482044,-0.015487175103829782,0.1064643961519777,0.04210067100751293,-0.13615989738468504,2
-0.547511900603653,-0.003226638520261146,-0.4712235534559134,0.04467472935418216,0.08990915691233596,-0.021349509290565304,-0.32421891135042297,-0.06867248963977297,0.1780870009925493,-0.2665275596842131,-0.06756375466388106,-0.012711423537061388,-0.02154502807297627,-0.01843112795623452,-0.01366197517174627,-0.03981123357942449,0.02068034556649709,-0.00971859472034986,-0.03365128105507914,0.0032339816252453407,-0.032181507041103785,-0.09158808989492681,-0.00846098625990398,-0.002155188472346368,-0.07609139946263573,0.03155880701085953,-0.056371936456670435,-0.10297190895608363,0.025503175602865927,-0.0077577575504911645,-0.11422267864665339,3
-0.5487242980996883,0.03423556981037682,-0.34496283092963653,-0.03338711390117342,0.05279017701766498,-0.030692621671719055,-0.2819068835397842,-0.054908041593287014,0.1973033822213014,-0.3624084645679358,-0.049528761900710254,-0.04675332917277918,-0.029430555288906545,-0.06307641486252859,-0.014875856359082031,-0.03146059324077475,0.0690800708948373,-0.015210901237393886,-0.042376552770401636,0.010219420292395066,0.01007374939026844,-0.04411933790322473,0.002193669087479076,-0.006011488832183222,-0.0844497154038854,-0.01926716272172657,-0.05098119123940752,-0.07316108730910002,0.024062788258715596,-0.0015400095510569917,-0.06565919432795939,4
-0.5635023466676474,-0.03140790500704305,-0.4257010576091696,0.029738301860845456,0.08346664384403557,-0.0469285773520502,-0.36847364601417043,-0.06665750129522637,0.14398914847508054,-0.15239373638489054,-0.07453643513717284,0.011471371911449361,-0.0007586943582995613,-0.05306453659624246,-0.01204959643092029,0.07539487676209113,-0.02872147518401733,-0.021077567777559633,-0.02170576446303265,-0.015923771144541327,0.015812406915496117,-0.05632011168806135,-0.02915648650295245,-0.00681263348875034,-0.06342767247406729,-0.02423530420287822,-0.05204701401707149,-0.09464169667725121,0.043049078748578225,0.015962750946012766,-0.06644940435958552,5
-0.3562944721279514,0.16997204446149655,0.4380445592042872,-0.3135449901573882,-0.14302543729816705,0.012512844508920283,0.3466329802894464,-0.020686467313898803,0.02912346956322654,-0.16064005874073167,0.041120792036915065,-0.019624383671287667,0.14362517904178218,0.21634363276866572,0.03948611950197677,-0.12108373053954524,-0.030345866318860576,0.021470426994396236,0.10196253488977543,-0.273554140870597,0.011166509811966863,0.10922866110834817,0.0031447881341372086,0.02525707989758906,-0.15639401336026154,-0.19022789129554254,0.00282516207421904,-0.052083780793754406,0.06243802975892486,-0.04823893199875769,0.1493473757562869,0
-0.509474670722754,0.006523510178733268,0.474850760660717,-0.33382234268639666,-0.15784474376107868,-0.10214029452681185,0.29823511103021455,-0.00217050672114459,-0.04513884703905639,0.06400927350034533,-0.10619082407442439,0.11833918401743133,-0.011633778193160665,-0.17144239714815537,0.04661868731574472,0.12849419795009778,0.14008932025164814,0.014607038948194534,0.07475026996586862,-0.23661986891235412,-0.008300315431328394,0.008345815848542349,-0.02697091773897915,-0.023402496274938435,-0.005320478690904511,-0.21713910639467354,-0.047443167048964084,-0.08774668969773149,-0.13014458703154855,-0.06619686224608022,0.17220863535577474,1
-0.49878929077328094,-0.10537493385649258,0.5153874760584002,-0.28440715170579606,-0.131010267979018,-0.13226016492538323,0.09632076176689325,0.05569153307218001,-0.16836654208207438,0.2112392241736793,0.05389006901135169,-0.2090133975782518,0.041692192311839425,-0.3832684816337633,0.029782871527336684,0.24036765776888505,0.13631974372655475,-0.021462491888743097,0.007018949590091192,-0.12939357847802238,-0.01886899730989673,-0.015016449996247148,-0.026645954882527238,-0.05485514339032674,0.07912507216580585,-0.15121274702360205,0.0018989251271553935,-0.03485448639386375,-0.14054050421791026,-0.004195613201908777,0.08624361620321702,2
-0.4037807951864591,0.0645213798631234,0.4579736231469837,-0.32063825382568467,-0.10073017058861265,0.0007979871927152476,0.24651712531749403,-0.03165558792299209,0.008500681494401264,-0.08484408848088303,0.09381267645001026,-0.16191352097509323,0.15173142804862608,0.06943620864447787,0.007026012820165933,-0.04064550349118634,0.018710614735974452,0.004713539826469738,0.0035424679346094663,-0.23269595841289745,-0.0131720032795345,0.09185302737677817,-0.018979128904975353,-0.002796502275393952,-0.08587281475682969,-0.20858651289584026,0.00022487052383917715,-0.0043435108573047386,-0.08700156524194973,-0.0391878364276849,0.08739318392724872,3
-0.5085833412222416,0.06533025829480288,0.4266661255196235,-0.32460300607151016,-0.17267715044184972,-0.07612853490565455,0.3272183389825823,-0.029157313869148684,0.01423244071770586,-0.03657573185708843,-0.1495872108768758,0.22489267227372642,-0.05113532631495922,-0.10357910858943437,0.045243072800657314,0.07389071071839859,0.1755530458018776,0.02172535981741535,0.13112193238692876,-0.3309328574268788,-0.0068743548401340145,0.09011604053696906,0.007980768005788971,-0.020542950063301226,-0.0012893876658303526,-0.307413528338798,-0.013931529861504713,-0.0174046101080978,-0.17257054691068888,-0.09498114698425232,0.2536468424984101,4
-0.5097493034790495,-0.01229582149837875,0.4916794118023619,-0.3422634996320633,-0.15336075913603586,-0.10319340557285386,0.2699022949899657,0.0007641487453683852,-0.06424054988696129,0.06974614040957847,-0.06002788437050204,0.05221508690802434,-0.004612096201398446,-0.19389311391639535,0.04562595186751087,0.14272737482565448,0.14015493494848327,0.0075270347452481325,0.0699029975068271,-0.23131868339838213,0.003150736061247689,0.061952525896126834,-0.011717164943973313,-0.04254658990162663,0.04720751307332478,-0.24627974448146278,-0.019190620425088997,-0.04300909547582082,-0.14906715928038053,-0.05098272038540413,0.17414717275806596,5
-0.5030672121116346,0.1874688859154359,-0.33947574181706414,-0.013144490976221968,-0.03694874103035557,0.05239133574162004,-0.05720250081401695,-0.05195823947163781,0.23766913616193483,-0.7143696257448943,-0.26240748603488845,0.14529174204910197,-0.32575818907203946,-0.09391754981525695,-0.009414587017349147,-0.21854415761513588,0.3911429411928925,0.04877366141059304,0.2722957985062778,-0.3263321460271159,-0.15950472441295938,0.12148172004917429,0.19794464665650705,0.06891972259972459,-0.12390251113233614,0.05492165824866381,0.0900351559938031,-0.002537754732628783,-0.2025270184182355,0.0927592849041597,0.10504851886087352,0
-0.615885731808697,-0.015924726325985333,-0.4352672071346551,-0.003454911629330097,0.05871366488035858,-0.06820284413260566,-0.3559970155172614,-0.11515704259452722,0.23329637827129465,-0.19379021877505206,-0.3595159720673354,0.42277976550699126,-0.26132883770518234,-0.19479179875165553,0.05305191775344248,0.22666275309667744,0.15180187054370434,0.01823161032720706,0.2615622016988099,-0.4613600423127648,-0.16871460129898025,0.10692732843590007,0.13794240627112614,0.013877422644606547,-0.11515416158810902,-9.722871897440192e-06,-0.042441485442496256,-0.1524592375980661,-0.19211786014220145,0.04390893336287969,-0.009568322081618622,1
-0.6380065278442378,-0.12894465522466544,-0.8076910262601595,0.2722298180602405,0.2087444569131286,-0.04881653949435387,-0.6810699657810045,-0.14434146930426667,0.09622947738441938,0.4112666682849905,-0.34809506135424667,0.5481041700361372,-0.1546970986632099,-0.024187630213830944,0.02379565218593117,0.45242748852032916,-0.3160937374947875,0.006278073557397087,0.2144209542444755,-0.4592923568931431,-0.1926366505867209,0.18157787578457754,0.05132166651537549,0.018841546603819447,-0.10525770498100494,0.11836168786992272,0.023556433811413903,-0.12207591897882375,-0.04477074678380639,0.15675189406371162,-0.14505383921246667,2
-0.5968826576866221,-0.06450838008348828,-0.6524038310094821,0.1477783623819036,0.14224119935825658,-0.03527291746406441,-0.46656507434135847,-0.11357733362606738,0.16797336243021846,-0.023307479954007546,-0.22407255865961037,0.26158150231415406,-0.10550476601784438,-0.020783833226234765,0.0013908388565528917,0.14142234322984973,-0.0855296889894191,-0.0048328604371829014,0.09081124387363351,-0.2187253100924948,-0.1529263400725449,-0.01444952255925697,0.038629062213058236,0.001980535999644218,-0.09247165373720868,0.10838925343001277,-0.07801075553923875,-0.1716900229677641,-0.014406613526056699,0.03930857220149002,-0.2165136459467952,3
-0.5886097126438894,-0.011367245230939335,-0.41882191550924136,0.005574112127723261,0.05604481965744553,-0.061082276945269465,-0.32260933573062767,-0.08379388667368697,0.18852409517073693,-0.20526174817433732,-0.24616624500248874,0.24356586383565304,-0.1579679476398027,-0.12235428009968946,0.01763550561311514,0.1423679626010547,0.07775334596670491,0.012023955785583136,0.15880355534332297,-0.26417566784273605,-0.07664339643104898,-0.008012854151794417,0.06816854056074896,0.021230975152190298,-0.14196829206658546,0.07214051312929778,-0.09440892062891347,-0.1914160423528398,-0.06996643759709598,0.03343360170326648,-0.15859101739145767,4
-0.6103766900676167,-0.04417075846009897,-0.46538978811923626,0.03810429068314487,0.077099472270565,-0.07597136192072773,-0.4008829471427962,-0.09690624698065488,0.16376625065792375,-0.05647226275687979,-0.3181901227985928,0.3916200934543387,-0.1993891098973387,-0.17582302052758886,0.0554571717779669,0.28764651103366023,0.05026385016437349,0.01820430729409612,0.2706096988730827,-0.4320320299144453,-0.09126838570480039,0.0719065281943226,0.10033512430064032,0.0020604628383287904,-0.12302450436231142,0.03133858337809605,-0.06203339626168338,-0.18190410421004774,-0.11711312584541408,0.07453822741851113,-0.05888160978893179,5
0.036266482278590105,0.7230954368465801,0.4569000390188708,-0.3689960823385404,-0.21156689699497547,-0.08122928765282197,0.41925836324383575,0.1307230245818773,-0.21309343669087097,-0.437827220229051,-0.00336494556213537,-0.13211678350327713,0.2755672644991641,0.7583029284723924,0.022347337705376388,-0.1480659678525473,-0.25458660964313123,0.03440280119203072,0.6389354358825986,-0.12934494957764708,0.06062953693335153,0.4769997045482724,-0.14321754923030708,0.2793943942734301,-0.4815765989962819,-0.12158164582892944,-0.27386132984225203,-0.47213612826859813,0.9827245778998459,0.3587640591105872,0.8429723321977546,0
-0.5023495622284857,0.04143229376424251,0.6492321496114373,-0.44602799786960906,-0.18187371613078526,-0.08931853429341109,0.43885693041467955,0.005813916758193638,-0.06886743429089315,0.1085255507369488,0.014231912252016629,-0.006098663028918994,0.10970574879401379,-0.060330535439686805,0.013197983211782775,0.06591820666134922,-0.002432197473975768,-0.009258909302318636,0.018219679502721645,-0.12914335533843552,0.05135172007128131,0.09645602266266391,-0.04213731510248369,-0.010358624480882607,-0.003503391084422604,-0.2099679298514362,-0.06434194812146794,-0.08962299563816087,-0.023200012698313052,-0.0369653755328408,0.0821453912778748,1
-0.43638426391220203,-0.01618995399352748,0.7427351459500582,-0.4173238827524526,-0.16076772436872808,-0.07321645661779412,0.3773474166411352,0.009058902163412841,-0.10120416679842309,0.15396258845034197,0.10419719551333428,-0.18282876089962596,0.16176468556167378,-0.04269897040459638,0.004008389658099879,0.01063044758259696,-0.04521516376619176,-0.011846810667505255,0.018010228495754285,-0.20568940718030576,-0.05157125354713219,0.05057996169435036,-0.0548382681121274,-0.042310909395923406,0.05824412705381175,-0.20493417388448562,-0.0005943154872679511,0.004462004358061213,-0.07324026272531674,-0.04831043277762073,0.049893195388722215,2
-0.3216036209319503,0.12745009668824625,0.6128746555650403,-0.37835828555788353,-0.14384423806937074,0.020269974838511756,0.39224954242499904,-0.031898979572518985,-0.008392474538522312,-0.07221620807635014,0.08941603903849578,-0.09920172767158618,0.2063181626862464,0.2566872487569307,0.008083504073699848,-0.1253675240972886,-0.10141682342145127,0.01802016123723382,0.08653235143767456,-0.27691404789732194,-0.027628680845630322,0.11050294380565184,-0.015504758859425235,0.020240053937313575,-0.07190543896130018,-0.18114311433768335,0.02382465762796615,0.004472949640693336,0.06675401625255482,-0.030088868418279926,0.11002368821805775,3
-0.48950792892235157,0.07969134766842775,0.4908488871785904,-0.38010913329784174,-0.13547767503326713,-0.05211494721373917,0.3189234000688589,-0.013445762749273867,0.010723760198792124,-0.024113899633130556,0.05795158357737062,-0.055161768361661215,0.12379365487725007,-0.016093698251222872,0.010851915971103378,0.024086960391092885,0.00523593200942387,-0.015160077119618299,-0.027899586923863004,-0.16482345140256346,0.04785833696160886,0.12462483752246444,-0.024612202035967576,-0.0065046978016946155,-0.10114698445310744,-0.2279617563822176,-0.04818105613178139,-0.07472191341548289,-0.07087396218229174,-0.056104287521297314,0.05233947348456931,4
-0.4840766361402759,0.017394437741544533,0.6110097936018277,-0.3965339605182509,-0.1638794741508432,-0.0849495351059118,0.3450915958830115,0.007888660306400798,-0.07094705026431276,0.0825703947230902,0.039305838649747495,-0.060397480076195734,0.10651244017514269,-0.10592399406217212,0.021056703662501883,0.07155476010801792,0.04051866636446278,-0.01168122973910132,0.028572168669700988,-0.1811630751361111,-0.004456939572488612,0.08894674808754442,-0.03275631203704657,-0.04456775604980339,0.03359103716020896,-0.25451501951739536,-0.01515653104989463,-0.016980476626498105,-0.09371213879646263,-0.024440224385582292,0.10343878577755,5
-0.5684610480785895,-2.1320133598117757e-05,-0.37358831605040227,0.003560757782678215,0.042093544054342985,-0.058044744586450744,-0.2951237460836175,-0.06701372828614638,0.1759631953644883,-0.26326582426419337,-0.20925648157695834,0.20392865615841507,-0.14569939482683522,-0.1546151583752722,0.04428071811455462,0.12075571339611862,0.17389375472444557,0.018629833945563962,0.2097486280537769,-0.35699295855276153,-0.06621200340812065,0.06237497193223107,0.08329476828078138,0.006527519623248663,-0.07903978531001771,-0.08000656092279183,-0.019509649528925,-0.09686050237372282,-0.1228496795641708,-0.009767884310333267,0.09257154243982632,0
-0.6150609488601799,-0.08590680819775559,-0.5445960375420431,0.11492280648345536,0.12634478921424583,-0.07308677531300249,-0.5430872144045895,-0.1008810482686762,0.11336568723310568,0.16503877420255317,-0.2622476715141242,0.36396574762456857,-0.12147996100773183,-0.15641473019268656,0.06948862235082177,0.3864032606216995,-0.12433450936696476,-0.004855766658698339,0.15868855504146862,-0.4018373237860257,-0.11660007472184798,0.10425228768923217,0.030825790751478097,-0.034110877331586506,-0.09499993674562703,-0.014828803886098285,-0.014509521489993696,-0.09288167678548273,-0.06576991879537933,0.02587378993910169,0.005424286416147999,1
-0.723679829857826,-0.29449711348975777,-1.1025867057959262,0.5476472520706576,0.2930293831372317,-0.13213627210000062,-1.2372717451853672,-0.13697495419942235,-0.13437273071703676,1.5133870741966158,-0.47869801611410895,0.9712442947942871,-0.18608893647561014,-0.04008767676081048,0.09293152721674273,1.1801624083604978,-1.1091660058523127,0.05030033345513483,0.16055248040882691,-0.8281392606659796,-0.34694931088082115,0.6159394741762679,-0.03428611439151115,-0.03872161995075089,-0.3445652334276189,0.27420468628698974,0.3355135012029075,0.19292477133187494,0.037974455388710124,0.25762832134829855,0.11256816715603855,2
-0.6459635288824412,-0.11735719803413935,-0.7776767075396873,0.24273350277334024,0.19803437644678534,-0.059258653342448654,-0.7034057612924801,-0.1423598043908406,0.12501979493080245,0.3429659673188621,-0.36303614641811993,0.5698290658149027,-0.16240582629740907,-0.10480565932771914,0.05793324527255653,0.48063927807819895,-0.25448451569664315,-0.0004360631693275312,0.22171220535183347,-0.6016473492317542,-0.26563156112715797,0.23696693244602102,0.059445958393754356,-0.04158886534973328,-0.07871131902451389,0.015169534216654942,0.06300398209548054,-0.06002839868413256,-0.13530865439771372,0.0574265960640608,0.04066163775915012,3
-0.6266765315671874,-0.060465166438586654,-0.4990087204192225,0.053666995826269104,0.10315005996408366,-0.08100448934561844,-0.5086029008341444,-0.11025085329863502,0.16485887611796493,0.02453883467263996,-0.30491464704475146,0.38330634868676816,-0.1737954487715421,-0.2026009739055197,0.0591075483211182,0.37290384120552234,-0.03517567712512553,-0.005162829947537107,0.18899757655190044,-0.41518089666001906,-0.11661336577909034,0.10390390660535548,0.05162819658785046,-0.01819618357082032,-0.07414853743941091,-0.02613901480646241,-0.031379504943641945,-0.10707837554984262,-0.09510883565831203,0.025543223839385867,0.007356032399338936,4
-0.6286902248995222,-0.09464127287178016,-0.5540212388129397,0.11760306613649994,0.13636580213075494,-0.08016165161029698,-0.6002453434184248,-0.10750214363266858,0.10394160032338977,0.23272408924497257,-0.26133850310736306,0.3587233514065294,-0.11069888998348028,-0.17107458075510332,0.06324327285148133,0.44785107259839274,-0.20134737893329382,-0.017244044924084566,0.11022539272555665,-0.3346634133399491,-0.09699615249290315,0.09521686485743971,-0.0014705509467478996,-0.03950180506057593,-0.0773931440399703,-0.00701302431396738,-0.0017446548891960334,-0.07656528253004619,-0.013632767665770222,0.04822549004537619,-0.023543287559241892,5
-0.2976666549471742,0.18764967917828673,0.49556736809251967,-0.3142748877868815,-0.15395874559470046,-0.0362997546277279,0.3352688469617525,0.04135918060176502,-0.026984431644588042,-0.13715838890519338,0.09812465824939165,-0.06750775675941095,0.26792414127322306,0.27435204640670047,0.02394464318310085,-0.10492494861182677,-0.11089531229282208,0.0356960287715543,0.1821472037136215,-0.2626396835307096,0.05969923039534191,0.05868246366351214,-0.007961819888553911,0.05910565756118516,-0.19760881987446302,-0.1514687777336279,-0.01666434173630313,-0.15812165357026461,0.17526995062586329,-0.07991663421267267,0.17484750785947187,0
-0.5196266146245743,-0.06049115735189794,0.5919115729652366,-0.3667946471798808,-0.15320982574035963,-0.1475429814966856,0.20170834398547074,0.061623418406486614,-0.1636111355641319,0.22188584495024188,0.08497609335919887,-0.20815564582665305,0.12258577324895842,-0.3802131889313095,0.01619714021974187,0.24510028424889901,0.07363337059012456,-0.029242638800041975,0.01414624080893893,-0.11255989864636665,0.01678263088463773,0.007335804195188953,-0.05412773809374038,-0.06303433755307908,0.09613826498250927,-0.19987539294778434,-0.05234520451970093,-0.08265089268206469,-0.12299464096457065,-0.028670700511113326,0.07908369870283159,1
-0.5050797892593077,-0.18839352225803715,0.7476501728106746,-0.2960749176037622,-0.1763180059153158,-0.18558004060642327,0.07607706511180466,0.12224832191366844,-0.34736994009896244,0.48716501100852994,0.1150019344267582,-0.39636541617822435,0.03811511032136579,-0.6579012404753685,0.015638782336094444,0.37093911287541603,0.14335010680775068,-0.03698484167404233,0.024409549251526785,-0.10821363126188234,-0.09594663611416665,-0.11558496180985339,-0.05725426149952981,-0.09399346328033711,0.22215557684126777,-0.10201256390572802,0.015135248413991552,-0.00472347986053719,-0.1552107847681857,-0.02565403098482429,0.0697677835375771,2
-0.42946504252091466,-0.026799987044374255,0.5611158170532168,-0.33409930522044673,-0.11330142822908669,-0.06212737502715479,0.19588544138615943,0.020323082853700075,-0.0641595919986619,0.07706632571550744,0.17709400231733438,-0.28744371106659744,0.19302451312105895,-0.08628143551160108,0.01100731897223777,0.04555720198708917,-0.014294544800425897,-0.01840662780500016,-0.021743029145370185,-0.18853763113396516,-0.024050063644707662,0.0252624491125977,-0.036274085679002616,-0.028664735168976697,-0.03599797031147229,-0.17416025742356295,-0.029564290136810365,-0.03308285628608818,-0.1225583483258089,-0.06422561342118661,0.035542048527256676,3
-0.5236845123670024,0.07603195409528976,0.48603772377535337,-0.4120334584266172,-0.13093021271327043,-0.0493771794625073,0.31223487756089235,-0.026163787670543524,0.019122523570225713,-0.0271172540185819,0.06716933183415773,-0.10169142844343441,0.13054246162124303,-0.0704859093037604,-0.0033913390896125745,0.059974084657038594,0.017595585496627715,-0.03909005770999552,-0.08502960405541231,-0.09931147086917215,0.08022578410587389,0.1961882763516875,-0.04429429911430679,-0.0016448201164763396,-0.09208793966236387,-0.2668438167151424,-0.0637023235872663,-0.06421463327461115,-0.09006888758165704,-0.013577977977110404,0.031011667172182587,4
-0.5294891530639958,-0.046029744701762174,0.5618906043413626,-0.3823108856632157,-0.14368921289558348,-0.11862977180806095,0.2280208574076509,0.01886362357960525,-0.10600552046544567,0.18169347226649735,0.06785638820764234,-0.2166935497036995,0.09425423285202926,-0.3053198965299293,0.006287109550972064,0.21267133919713305,0.061603679443531664,-0.04038624461135955,-0.07184933013123576,-0.09792185950669989,0.0007516650364296374,0.03480927735968621,-0.07057905181245921,-0.045344256591213765,0.029307846330473137,-0.2036907781258073,-0.050786081087723846,-0.060687017394826986,-0.15500815719028815,-0.013665994552530746,0.011029390157144669,5
-0.4946392772567896,0.024144961527059885,-0.4113587450746442,0.045564654267448455,0.05300777591539974,-0.021667838373399216,-0.2140827634269645,-0.026978132803446825,0.13396400081689916,-0.31915782498100764,-0.03960587949790877,-0.05148637612568322,-0.022110016049397104,-0.0134440571521566,0.0073287808566561965,-0.07050430111539864,0.0747742892306072,0.02740705971041871,0.054050399617365893,-0.06563403364992594,0.006369201053454304,-0.11915609110031684,0.03372832820852943,0.0055261304946343445,-0.14917826858945304,0.07872056827729589,-0.06468342192904941,-0.1418963059181579,-0.016366026654766847,-0.013044901104034987,-0.12005694516121133,0
-0.6051909597300469,-0.05769490507590936,-0.4440662932283282,0.035446665439063246,0.10469208540096606,-0.07603794764581716,-0.5270430497113393,-0.08076960411482477,0.1326626030922087,0.01923479468401258,-0.10535684526172115,0.08247629475888484,0.009523868098111603,-0.13239910659295884,0.02401685353522097,0.28137131641083757,-0.17969211567375304,-0.04299283004495115,-0.09250544334825928,0.0018806204366455114,0.02674392388287349,-0.07158825613263498,-0.08277986785274422,-0.0543309201124805,-0.053147903016526526,-0.010449113046295568,-0.07126543286519903,-0.0911189651942379,0.12169729657787247,-0.04010093994510893,-0.13097071118759876,1
-0.6786244966876103,-0.14873115595793424,-0.7958595658103482,0.2666587571414704,0.22295247210017272,-0.09498163885932531,-0.9355864210500558,-0.14502277561508528,0.057041087125218326,0.6797262616160074,-0.3163019329890415,0.5084274449838361,-0.08298650075924177,-0.10764901023874764,0.028880523992518465,0.7449099831497418,-0.6735301265730935,-0.03574534146573899,-0.04535915015046821,-0.2436132228913306,-0.13880137287195943,0.13894920347229156,-0.11182543760327408,-0.07117308811345573,-0.06593027167851509,0.1102115049275976,0.10267608049979497,0.0456342154339899,0.16393955112590178,0.07569704559726509,-0.12751497233183906,2
-0.6454801647247805,-0.1031819156170478,-0.6837100988577601,0.17722073976538869,0.17886249991952954,-0.0747792522981035,-0.726397410389224,-0.12693898456957986,0.11541246092506524,0.315835265927752,-0.2646021880615681,0.38599903965889054,-0.07702577857297215,-0.10427280783532354,0.03659380110694225,0.48362808276804725,-0.3679856022043539,-0.02823893237072911,0.03249949686691362,-0.22988643252880106,-0.09110837007410084,0.043738037407092006,-0.0459582956918863,-0.061097005365156304,-0.06473768781240288,0.06553675253120185,-0.013778927838069319,-0.07188677654581173,0.08343308657984504,0.0338305243367097,-0.14456111544449257,3
-0.6031946315071799,-0.050746152582121146,-0.46321744643403123,0.04205869597358775,0.09679169062181248,-0.06961837745988098,-0.46633149759753467,-0.0887061919449695,0.1513312382702504,-0.034642179993477615,-0.1812929432921468,0.18552440731285053,-0.07000134115986967,-0.1299170305743792,0.025991534629273193,0.24807023052432428,-0.08045378597036033,-0.01919561066541638,0.03246364898597504,-0.16248339691493263,-0.04571963760717357,-0.023001564953590323,-0.010377446332139882,-0.025746178644417698,-0.08994356332931085,0.01822887257057816,-0.07171588371222953,-0.13151516770063992,0.014704527792548782,-0.004896054428705961,-0.13214210912286511,4
-0.6175315080038787,-0.08427725832239626,-0.5338391223631194,0.10038284527627185,0.12960325582691637,-0.07225352802071733,-0.5562362611866265,-0.10239748364453491,0.11348935382882724,0.16233288198247722,-0.20947557427562977,0.2633182223530789,-0.06676227166010477,-0.12632123256805053,0.033140329801630175,0.35565680422104745,-0.20330398510726283,-0.02367129240185494,0.030839181169609584,-0.19447059504079367,-0.06853221844974816,0.007859317186906327,-0.02266378008170609,-0.041250333344179546,-0.09311366847631235,0.03896557406023683,-0.041399259789061456,-0.11879917436111452,0.0332174214110783,0.035644819616250205,-0.1481862104151155,5
-0.022486303159366026,-0.17865437747117857,-0.05132952917983522,0.20983629025454537,0.0022063763525332295,-0.16919943142905083,-0.2430645758543906,0.3126202432201799,-0.37123088564748796,0.3552974803580779,0.16439748491256265,0.1833215159808315,0.6556614574705837,-0.048680366460996966,0.008760262732728777,-0.23828813270715513,0.1361147158252731,0.06621690476343682,0.08808858362570304,-0.7707246921873863,0.5484160294342051,-0.45164566033240267,-0.33951389351212546,-0.3341067068394987,-0.5519359144421419,0.2649423141307933,-0.1428906782085648,-0.3010444186052131,-0.2689174479224135,-0.8366451741837271,0.15370180882868661,0
-0.5645653221854464,-0.1385888060627551,0.458445552003953,-0.25825132365037873,-0.1294550997452031,-0.1934270598367798,-0.08926537901609143,0.10406951592328272,-0.2880385704593517,0.4777201377889949,0.05379812556065942,-0.2555804236350989,0.0002988878747064771,-0.7348197978765264,0.04301172391243093,0.6351348303885358,0.16947540427587326,-0.06380507474101044,-0.026255543797454692,-0.05695065726578009,0.06346559253466005,-0.0763485911931578,-0.07658994720516256,-0.0672365626395604,0.1783307319894531,-0.044946178765786486,-0.06545930019347215,-0.02351256196723664,-0.10731030189291504,-0.014910723554246257,0.0735421855909945,1
-0.48233241068451815,-0.31319598144041844,0.5024060380730724,0.020120665684131626,-0.08695598187536328,-0.22738749359584978,-0.41940808478914804,0.23155298219781362,-0.5675759545408584,0.8270673069099155,0.12150861447069915,-0.3281199887679114,0.06408991418933287,-1.007966282208942,0.14349308606662495,0.5403401345793301,0.0848341024757609,-0.007802851349108106,0.06477882388198777,-0.06917460789163295,-0.1285271646395568,-0.32219464871791326,0.017016553817615358,-0.22326200645091476,-0.007940052604629174,0.23188483559798106,0.18155516473790242,-0.07723653642565452,0.013063835198027316,-0.053772588795241785,0.0806853706896552,2
-0.5149734394605244,-0.12977259931149812,0.578502737159137,-0.29967455527614606,-0.1394477969692589,-0.15740537027544263,0.05824920769237912,0.08201396656608721,-0.23086301018183758,0.33553270203479263,0.12635623247743286,-0.36814165884504696,0.09974415816770485,-0.49928265245310394,0.016652155916192447,0.33155910543749895,0.08303156936630827,-0.04228436208410131,-0.039551128434457974,-0.07181049840938021,-0.019232601269691608,-0.07226049353744408,-0.06615940451714059,-0.049648520266083226,0.0807283837308313,-0.09003290287935023,-0.03769286683887785,-0.0760729487531805,-0.1372355094591151,-0.0240422550425437,9.084162064474565e-05,3
-0.5451241206681188,-0.028512638486646563,0.5214765197092639,-0.39788872177580664,-0.12781629069723893,-0.11468553090902958,0.19124860351772924,0.01344539674750328,-0.08275595231504992,0.1475500450751337,0.13788783448545938,-0.31126639046216065,0.14818907772928097,-0.3220619802667491,-0.0039822268118117,0.2332840615452365,0.032214447410661276,-0.061244730783419715,-0.14410660682404672,-0.04187179455880449,0.05391378253385494,0.10245652780576434,-0.07126629907870437,-0.05081973275918773,0.01776001577991547,-0.20955995539570735,-0.07803506008668731,-0.0689471530572525,-0.1550736590310607,-0.0034868273344013387,-0.04153919354163745,4
-0.59023229198615,-0.09882704587933554,0.5144476251691584,-0.3523833908177785,-0.14426631593620834,-0.1827308598563439,0.04914162685589727,0.055617889758863885,-0.20592543439490307,0.4007404654933733,0.05018157735496333,-0.28200719390111917,0.01581521284711066,-0.7350405630457832,0.040669571849887155,0.5592593628147907,0.14695399868765374,-0.0770215126775397,-0.11990570534414191,-0.041047852107745184,-0.011155770163183148,-0.029117296688403946,-0.09393353354018727,-0.1168446838872288,0.19120662038825756,-0.193462594940065,-0.03877804970517742,-0.055403952157631935,-0.21541465043200908,-0.02191755330017186,0.04677760059778872,5
0.17650858196701577,0.9409783153210084,-0.42138667837992105,0.05592560085081875,-0.21425691602737065,-0.2567367333232545,0.068457027836704,0.797660711556214,-0.6085246524988766,-1.0913854890119004,-0.029674560015595135,-0.3161582475941708,-0.15313358256903803,0.3327329454422122,-0.09085203963211651,-0.09919027657995014,-0.13522337993495595,0.4332149379898807,1.1833107780283838,0.26817856935564993,1.3722835701115899,-0.05522473010774606,-0.3612235978084723,0.3835935527325479,-0.022431950859497323,0.19675468407739405,1.3118164008098876,-0.37006463201684764,-0.3022041926902572,0.23833900444089093,0.17850697531819545,0
-0.6140187158531148,-0.06008726939269209,-0.4471642471690687,0.03314215179139209,0.10086846129037022,-0.08178827094926004,-0.511341781497407,-0.0932096629027377,0.13737079749294923,0.043497682459085314,-0.1901367752400341,0.2041120520096091,-0.06059388094154063,-0.16901375180267325,0.034694670447846444,0.33655966881517374,-0.1415901376914263,-0.027265105653094326,0.015197658479640214,-0.1489957657988313,-0.022126281761361936,-0.01364989841333015,-0.03182177127921351,-0.04891971934715263,-0.08346899843040219,0.0008303146259208295,-0.05782966087931205,-0.13325913174419435,0.06150561369841314,0.007540308356291306,-0.12362342301333812,1
-0.6949120488298806,-0.16293732305035402,-0.7812196538112242,0.26784669511485437,0.21069042941331717,-0.12462166612539746,-0.9634278376432039,-0.1351349231236121,0.02353447104371121,0.7921213623594914,-0.4010902794137418,0.6632471672794098,-0.1622700586630127,-0.19921735538060914,0.08783800620030238,0.9234765669200155,-0.6799680198064182,-0.003141165222021477,0.14691986720042316,-0.4724141486773489,-0.1010741394489569,0.2414805601170776,-0.0572526664638759,-0.07201727131955712,-0.12494704352486433,0.13291747085426953,0.14138950863103428,0.022178068750703304,0.1181678433974082,0.17650241910084077,-0.05455887314193006,2
-0.6493035556858666,-0.09816734942082612,-0.7218639449407013,0.18530268821786158,0.1821658626379189,-0.06669335985562916,-0.6991347287505004,-0.14347979530071653,0.15171608834683353,0.24801231040756108,-0.3319989164355342,0.4781614839128714,-0.14595662517454505,-0.10589923591632021,0.039206439035673425,0.4558596689954318,-0.275430876878453,-0.014870190345448977,0.1346486276779486,-0.39053963383126117,-0.17711874365254623,0.12225927138867886,0.01609694629228608,-0.03453594407024626,-0.06107098509809973,0.04914223287609056,0.0050487205941962795,-0.08251703813576018,-0.01946957632036378,0.05185447020924954,-0.0923702931513601,3
-0.618334299385405,-0.07871255062493608,-0.5417845287418931,0.1013401087074251,0.1252153064541179,-0.07970384756760407,-0.5724046254392724,-0.09356146668701366,0.1147497451931003,0.12400025551650043,-0.2336293246660572,0.30287444424490445,-0.09023720779833291,-0.1563847490888525,0.05213121150565191,0.3829626570110223,-0.15023708358552257,-0.014320020252413081,0.11291670461076134,-0.29614346707030953,-0.04813976417114079,0.04137148390725959,-0.008257337174405986,-0.03188138688618094,-0.07464813574069949,0.002334815839646667,-0.04049442975298876,-0.09025888126513915,-0.004721749127048495,-0.0023337647875346593,-0.054649684806422724,4
-0.6463038266609664,-0.1032571770688544,-0.6066790073020976,0.14299034518931508,0.15332744867997786,-0.08893428439368913,-0.6830666416381546,-0.11835539016675453,0.10096083190590976,0.32022701009617827,-0.3099582784005483,0.4435579330120055,-0.13543468929570338,-0.19283358236067316,0.06600025905368653,0.554281809918545,-0.273015640115551,-0.016069835342847085,0.13804515883628654,-0.4042640486364405,-0.11512593176597374,0.12711252161629244,-0.0025596271079982988,-0.046501801179306905,-0.08053201423917185,0.021321221369496848,0.002944388750193294,-0.05962143381049392,-0.01394934732127015,0.05060349230399087,-0.030051434909196022,5
1.7595745205208801,1.5762841872769449,0.648937051278651,-0.7754038571415862,-0.14451178195516431,-0.5957254587875491,-0.3141818082401582,1.0202483772042448,-0.9195566712895857,-0.3228668345460243,0.28022689772446385,0.466674560676718,1.0384087346325885,1.1221060591358587,-0.08946705453827448,-0.1927256286274715,-0.1980948077213214,0.10436058997856702,0.05443778670818527,-1.2602498373535576,-0.23547505133412033,-0.19254132492463888,0.06819018997026315,0.42439136388571497,0.400702475868545,-0.5397186580462464,0.1273349469720014,-0.5850308995855489,0.6002925199540785,-1.7004020978668388,1.211891293423604,0
-0.5642701359085582,-0.061591242592760026,0.5269160629277106,-0.37162490472313325,-0.14183376621395774,-0.1611597564450932,0.1412551877684221,0.04846067005529142,-0.1541585133413024,0.2732172044756792,0.08381368326540792,-0.2523150056529555,0.0931341131863313,-0.5341265220018062,0.025885610511527282,0.37796274222725973,0.09131049684268105,-0.055890620563724666,-0.08565029374676748,-0.04928849111172015,0.034949997228977195,0.005042383491851122,-0.07355932223726379,-0.09430555725774095,0.10735509330726836,-0.18609592777129344,-0.06582342568362665,-0.10003682044942887,-0.1706724608436606,-0.025986585028260217,0.016384954641246875,1
-0.5531756031744766,-0.2985967910866725,0.7878691403834325,-0.1708046902331819,-0.17860656638488476,-0.25812564114526915,-0.17327798825688376,0.1969388639869855,-0.6072940378346366,0.986332682519323,-0.0021434531823125626,-0.38609967685292484,-0.210142467857618,-1.2733044522017027,0.052225492331787235,0.804403922826296,0.31068494771278243,-0.038212867766176224,0.040099350987536725,-0.019370155568336975,-0.19638046522767336,-0.2965050794975998,-0.017804211087944735,-0.0967962692695489,0.32815398391476375,0.17871636870190588,0.1744559075167001,0.047720799510785096,-0.08008530296944325,0.028882308199282086,0.06429915580728734,2
-0.5037194471274802,-0.06956952988572078,0.6309029571950646,-0.37609172001751345,-0.1637821152316884,-0.12551760121173486,0.248140433490616,0.04598019289463203,-0.14685728487555288,0.22489173254225067,0.09135866451684982,-0.2122625927905478,0.09930993415787161,-0.28916231352145966,0.016209712236716554,0.18801995072754235,0.04394793800429072,-0.025767391404068418,-0.011540520183710847,-0.11002588356844314,-0.007408335225997282,0.0005080896476318896,-0.04291375205228474,-0.05369698625679554,0.06884980629257373,-0.15743749938964516,-0.04858120864862953,-0.06062553187817779,-0.11342161058864034,-0.01968342327070982,0.021333701952563584,3
-0.5889956845852636,-0.11951689528104789,0.5281593058527561,-0.33487305100964415,-0.1510929000760527,-0.19544973484748054,0.05194452489516845,0.06440142078935494,-0.2547829463432115,0.4916552025769339,-0.007267711469275117,-0.21672753740541234,-0.03956135479134556,-0.7677311141818517,0.04103732572616,0.602556742366302,0.14757101945872833,-0.05599324164352252,-0.07435519832854144,0.02038747418767625,0.014161265123126396,-0.1327115681190029,-0.07911286940950565,-0.08473037583774802,0.1597023934968748,-0.026478322573896797,-0.07105888071104759,-0.13305646952633954,-0.14280583065209757,0.026240739152219156,-0.036640141836958635,4
-0.5976515715548752,-0.20430500448018385,0.5973221732504143,-0.24900439120676227,-0.15419328701954038,-0.24205436807599995,-0.11802852989705492,0.11904383052326156,-0.43814703838140456,0.8306036120381286,-0.05818222979696402,-0.24730552804079683,-0.17406833813187877,-1.1393838671637573,0.058903915950868455,0.8792625059106316,0.2398087310676986,-0.05419669960658157,-0.025939967214865845,-0.016307470263666152,-0.09343400627977058,-0.2381101625467252,-0.06058052315932307,-0.10769054187768519,0.2842786432986665,0.09721827597818715,0.06118541049026806,-0.04578634779768322,-0.14189961258581205,0.029643697978195865,0.03489903318369801,5
-0.49590150322279086,0.039543183287519316,-0.29312116188985204,-0.06530994634688135,0.06144243261019986,0.00746372150534512,-0.2344150970699896,-0.05163520410547817,0.1830515299956283,-0.3554294152950715,0.12182508530146635,-0.30724691530489656,0.11010099522601709,0.062495904153429586,-0.0646010652460119,-0.15665221875114893,-0.029304164024631207,-0.03850928574875828,-0.2551983980620789,0.31327862849283294,0.08495870777696105,-0.15608216488556603,-0.08416484664490495,0.05390673127093804,-0.18273699305576604,0.11280909743305373,-0.17816545378726092,-0.08536180377966618,0.1297688018309478,0.016242295328689888,-0.2283135803387868,0
-0.5946201627884684,0.05548869095030606,-0.25868404604317924,-0.12462843448546992,0.07062965123033307,-0.029885720603796004,-0.35802733188647523,-0.08802530700337156,0.2916887789048839,-0.4797573335460369,0.013776584687633799,-0.16696369541671166,0.03956229483513013,-0.09688202727736711,-0.07629576853576232,-0.03601264326726061,-0.001357137737836953,-0.0865276392013172,-0.3408622489741881,0.31118323850007024,0.08685732558094164,-0.011472845477484629,-0.11584496974890063,-0.018913807118553245,-0.05519084981752276,-0.06929822480455958,-0.09197779755384926,-0.05389932253160275,0.2331849253149569,-0.04072266468913137,-0.19189611313425706,1
-0.6443464358648896,-0.07950350059365557,-0.7769389519076786,0.1769051723521183,0.20974848405853472,-0.034604600863626975,-0.7383031317904546,-0.16127281159229617,0.22654474194828916,0.044490686044403184,-0.1380019381341728,0.12506198143112104,0.035395711890706304,0.0661427068195429,-0.09065946356605956,0.1541299575118263,-0.4063632830500209,-0.08729390109836348,-0.34574543030648247,0.37216969746890655,-0.05469994172767695,-0.21092280655880494,-0.18880169869280897,-0.04460382588471289,0.11681896499655213,0.07869061288523374,-0.04831057072359738,-0.020891610806910488,0.3426946751938612,-0.03724408322325517,-0.3262104803708946,2
-0.5761646422596924,-0.11254993018818053,-0.9122556871870441,0.3041078550299279,0.24190982996486898,0.01121421893668516,-0.565101832403429,-0.12784282083816456,0.12160018338232904,0.1644869565888162,-0.014078271139173839,0.010317951901813314,0.14074517023634142,0.23748929765221397,-0.09342371097662566,-0.08268635397122738,-0.39374943684275354,-0.051869156021005655,-0.32580937064545024,0.5120810515772979,-0.016954420060436997,-0.37767200129306644,-0.149359485638499,-0.022256871861257674,0.03737647769682915,0.2003812847634059,-0.15833962836205207,-0.1045877069630882,0.24906931041813407,-0.05157724180363428,-0.41844097919439305,3
-0.6180555565738821,0.025230232990078576,-0.3189594584526461,-0.11396705763471307,0.07456418937369706,-0.04432127148493607,-0.4283685796495887,-0.10400271500259188,0.30456336790140276,-0.44473758058882323,-0.024468665416587834,-0.12059236240550161,0.017990164710968877,-0.11108043801465281,-0.08290410832656726,0.02098616179979457,-0.050175102593375785,-0.09654140925184537,-0.37504003579615575,0.35033460592399013,0.07793980312034404,-0.04603202560062532,-0.13121953082823723,-0.025881166382876616,-0.025458868972663296,-0.0131835728233786,-0.11614699580338549,-0.06810203768955483,0.2763679686493805,-0.039777857546732104,-0.2941029350800382,4
-0.6387381772917323,0.0014367387224121246,-0.4851180095377684,-0.03544496732353536,0.12018012220965937,-0.048080362606134644,-0.575882896705902,-0.13220706183671374,0.33277065853857524,-0.4148682540218778,-0.08600827526108229,-0.040580410709717615,-0.009375757971651461,-0.09105945059554947,-0.08543196621515546,0.04375178369916733,-0.11774678518740754,-0.09885364123791442,-0.38594594808582056,0.37859724859864735,0.024993397599903273,-0.12640300580080885,-0.16075760380776696,-0.05130150167603711,0.0684052859993986,-0.0057428851763276995,-0.07932327836925529,-0.03581808434911151,0.3442482822626837,-0.08516901377368442,-0.2865221403624367,5
-0.4936055403180461,0.022260679416750518,0.542210151441117,-0.4036837440600808,-0.140253736509686,-0.06242079656761788,0.3684959447726457,-0.02872565896456748,-0.010440369315148215,0.04791518169367036,0.017423385834874974,-0.0755253138026305,0.08736202186702641,-0.018980636589975317,-0.004682197552904769,0.022364687558617355,-0.007567802466412177,-0.013528105488895605,-0.06536944838392046,-0.0932181453069456,0.022357266362596086,0.048196041140364874,-0.048521489725643796,0.011832933059642087,-0.1169631110074097,-0.15318152774452362,-0.058806280202372455,-0.07525091899372251,-0.05690387825341187,-0.0005535593384175011,-0.04431153049093389,0
-0.5820228199634301,0.10966560108331268,0.6499749995515757,-0.5462678231501699,-0.1582604369773604,-0.05750213046625556,0.5906520903849545,-0.06865555013109086,0.035497226733213594,0.05302400013753304,-0.03568693052810103,0.0783904267067327,0.06922234560421607,-0.06904714960786822,-0.030125695836965442,0.0238898677388083,-0.00391604135895555,-0.06384240725260314,-0.2189744447194914,0.06061316223502247,0.12691292567873044,0.3028404746554044,-0.04841727125586899,-0.009546017793148193,-0.13327719132368374,-0.2823010882927275,-0.06633027652165477,-0.0638531461501556,-0.11636795346771257,0.033347249148777666,-0.07045707247454579,1
-0.6123711543058872,-0.232270660237911,0.8994071086334149,-0.36745498288794387,-0.2320383280707798,-0.27413112050710736,0.09488193820989553,0.1478593302513442,-0.5644959550105996,1.0288762008701444,-0.0325651121092569,-0.37795997595193476,-0.2150798557255077,-1.3452544324310793,0.04768840102764878,0.920958595011782,0.33251508223735965,-0.06113825603087981,-0.07184754849432147,0.17087990452536614,-0.14701963304225138,-0.3590127851822106,-0.04510704551424249,-0.12136438143352164,0.4575397176918257,0.20464756283454275,0.07289011597941021,-0.058868951230120155,-0.14577588504312503,0.10708538842777661,-0.07667948255174079,2
0.12115024883402506,-0.750317823179193,1.7628156197317388,-0.03316556642868771,-0.28011443121186935,-0.16864962429452632,-0.07040111774303748,0.2636177474489923,-0.5966333061305638,0.5638359534592894,0.18251536745733463,-0.5973233915630038,0.019456801192168412,-0.20539852677442336,-0.101259806449063,-0.396425453225712,-0.22320105656860745,0.06993256225136096,0.5700610946701233,-0.1977450658816142,-0.5886680823234035,-0.40380170323390724,0.02913237427024752,-0.020202008972842255,0.5999588433601369,0.272655618095231,0.06820343585011661,0.15813447908462522,0.13871549154024787,0.041703130582781855,-0.12915947286085747,3
-0.5628393168581903,0.0832913398366862,0.6675687111334025,-0.5377523194526994,-0.1676126171642763,-0.04274106476953281,0.5536520322608346,-0.04828260054353541,0.025872003534515426,0.07889974700578155,0.045772744669278165,-0.03008485479104125,0.10496636659554107,-0.040066164528811135,-0.03793834543200992,0.01156092804050616,-0.046133702785397974,-0.07049866054806364,-0.22692295513224725,0.04537862129581767,0.09532948306268432,0.2623110413959799,-0.050600361006697986,-0.012868018287463283,-0.12852788756790004,-0.20422162553528636,-0.05879155274870713,-0.032771236291193655,-0.10702177039034273,0.046000902651988466,-0.16590864839697464,4
-0.535084136410417,0.1855041021654961,0.7603879523491011,-0.570558318373882,-0.1797605589466845,0.04141291020157044,0.6874836123032437,-0.07258450632059196,0.05063489561232955,0.026331305487146447,0.05008442692155598,0.08727795896797373,0.12243925224694735,0.14569719762001723,-0.056984045642130055,-0.11303886458741254,-0.09745937666915151,-0.07227698419871771,-0.19234721081215247,0.01935109487269045,0.10002085399016543,0.4252925658670354,-0.012172689461777797,-0.008337998715019819,-0.12833761387002704,-0.25649222455755916,0.030098695128981327,0.07585616933956428,-0.0503002552725573,0.06769404180953408,-0.11205920498392093,5
-0.5552431076723976,0.09268561778152347,-0.19406874833059065,-0.13404960319995876,0.05858953426266912,-0.009004607725265148,-0.2584283631169771,-0.0681240864455957,0.25084664110898436,-0.5193921964150673,0.040379119144305635,-0.2175452045994825,0.04344231441422924,-0.06563902186688593,-0.07506875911165371,-0.0975165720903545,0.0633477990075942,-0.05136712897297453,-0.2511903728893026,0.2342592089197609,0.09410065157743248,0.004142061488876118,-0.06921209011555268,0.019016525109362813,-0.12206716520010515,-0.030632510455082862,-0.08129519267631638,-0.0543739874768649,0.13880934132833903,-0.016027324578574156,-0.13206733768490891,0
-0.6343594701553095,0.031199459205382855,-0.3586725091869445,-0.1099548092816736,0.08588710685832643,-0.05630275747136821,-0.49134900665177783,-0.12137633523565138,0.3492680343223189,-0.5265958150072378,-0.10779496131802076,-0.03146368487165397,-0.04955534524841472,-0.15928174709205187,-0.08025170047778926,0.05980731767356588,0.008491671297826905,-0.09702901550619351,-0.31725477262538804,0.28701225329881785,0.07550426996486821,0.011027234306862255,-0.11744063048700555,-0.04295003322866318,0.05682430456887795,-0.10965059560914561,-0.041205071736252825,-0.03239846321825542,0.3002115267965054,-0.06306462751226224,-0.13576755182700515,1
-0.6564986041741107,-0.03985789881279981,-0.7241244277389777,0.09714432895237247,0.18287280241640147,-0.03609311570760633,-0.7279119089009778,-0.1702794204493699,0.3348535953410363,-0.2693464099949954,-0.17448710962658134,0.11898125677580186,-0.053000003382597645,0.0003530902152759945,-0.09671884169249208,0.07179173278898665,-0.23346721784511204,-0.09509254331177061,-0.3335073566137287,0.3481838970650416,-0.06723472165295845,-0.16096252495251243,-0.1528474396550237,-0.04199653427436945,0.17505017793663305,0.040822634524729264,-0.02337607906748245,0.022328207396487425,0.3532545348045696,-0.060789990954582825,-0.26370148470805815,2
-0.5913683407836698,-0.04521634504871166,-0.9204840143462999,0.24701175414141013,0.2176326446153757,0.01598562587021845,-0.5441236350224606,-0.13200399986646505,0.23713872023994528,-0.22074906023717,-0.11044891338491263,0.040786492830463546,-0.01953573478581395,0.15859432975277005,-0.11069485113593575,-0.19924888523965056,-0.16627649328277436,-0.03512350591431184,-0.20521635345352465,0.3414737589763901,-0.12864347841793897,-0.3134751876472984,-0.1040334824000823,-0.014333831870589083,0.12242363822644696,0.17672638965139112,-0.09817627175824951,-0.08002348076068115,0.21743736217672782,-0.07370731400246308,-0.31386038158337354,3
-0.6401751940578538,0.013924578279636994,-0.41861308449874085,-0.07445754254258105,0.09627751592981847,-0.05712687085817416,-0.5429395666541702,-0.1258254327050784,0.34295864986451396,-0.46124154899547865,-0.11888489158807408,0.002198923439967412,-0.05802849761050863,-0.16070703475791173,-0.06516973006003143,0.09530890877452255,-0.027994675060746127,-0.09295253778345423,-0.3059429858059986,0.25617673646384265,0.025598802353667738,-0.03128950418065966,-0.11849030104618452,-0.049588786751513604,0.07922708571855482,-0.08374109080550643,-0.04819774570280703,-0.011733726847297607,0.26838564587047375,-0.09010637513185857,-0.15929463380849332,4
-0.6449888447554654,-0.0024998925960121334,-0.4955272111726642,-0.035519719156149356,0.11670713878403369,-0.051316888211970224,-0.5947904755304626,-0.13420475370773977,0.3388947226342378,-0.4155779937474175,-0.110175026566603,0.01880168649894948,-0.050516417431825826,-0.1157415302102165,-0.06844834696757453,0.08415602189364348,-0.09537950690856267,-0.09564142967481049,-0.32390483483586946,0.3193865104176742,0.04035837097861003,-0.07360902401283623,-0.12575899974176233,-0.06359128214716701,0.12029894527853198,-0.035552900261543965,-0.023595964800015464,0.0030317559251190375,0.3021995108098454,-0.05291357269227581,-0.21736530378910274,5
-0.42364321431663504,0.07696532811420441,0.46783757619056754,-0.37468061538427333,-0.10007015139146809,-0.025743988934246554,0.30189881053450635,-0.02557932410858868,0.027652740440346414,-0.07396384715028301,0.12131663033177335,-0.21599731050410606,0.2072751388349622,0.12334727240729944,-0.026596060343099855,-0.07440357673801659,-0.08667879997870027,-0.011574415965398677,-0.0595522422236638,-0.07141359113642831,0.06285227571041707,0.08684238861379903,-0.026801568933059215,0.0689419968985711,-0.2451183282715332,-0.06979349062323682,-0.07834471574559741,-0.10375931875793919,0.02998987285207758,0.04223112063027678,-0.10058055031666313,0
-0.5400521948386985,0.17813007607027326,0.5890593388528904,-0.4975311500598825,-0.09852567149905285,0.018715765547300874,0.48553197970341605,-0.059245647228694305,0.0929226568834734,-0.09174128908180249,0.11129441686182262,-0.07853234370519321,0.1742252056116956,0.05378203002091067,-0.05713094127519454,-0.08571634971290513,-0.061528268538212035,-0.09736926055723447,-0.2381783134289947,0.03485872825115456,0.1556414287830273,0.4396720930684614,-0.02028752955873713,0.01607622862762273,-0.2155584508387516,-0.25771071398310763,-0.03778241233228709,-0.008965455397412711,-0.05737982848491336,0.054386730890005106,-0.11517853208710026,1
-0.5429172553772453,-0.18266747002300762,0.8420328885038653,-0.37827926191460465,-0.2134713119727433,-0.19555267016021316,0.20634258321267884,0.10936451333079435,-0.3783510109574192,0.6011344790712115,0.08557236725733905,-0.42122873185203225,-0.0187148578284284,-0.7131948239275551,-0.007956382160693597,0.43601162803392074,0.13977494214316719,-0.0517775531306369,-0.06335096694221842,0.07503336105868194,-0.07617055588132664,-0.16644256246944392,-0.06685632541435685,-0.039499369644848605,0.21801286351288196,0.0769844154967002,-0.022751355817091472,-0.06456103777761336,-0.09632524806244692,0.09088455918012402,-0.12940767267017125,2
-0.02527207958160629,-0.6772987804628786,1.5236607450109054,-0.0047700243032716355,-0.23537371738819673,-0.17698721624113925,-0.14395428254406367,0.2583268582912951,-0.6027416716827669,0.59314620925196,0.22400930296102056,-0.7371468018414151,-0.004507794607073603,-0.3713346982273307,-0.06944833615113531,-0.1945242236108632,-0.06867014149435495,0.04783541997094588,0.39672986616400235,-0.1344177048556881,-0.4426213245415538,-0.39387763187953234,0.04539429903642189,0.03187045761101772,0.35083588630320345,0.32977940072724177,0.057405361849092194,0.10417994909570602,-0.010368898626970054,0.02620684383252629,-0.11775805156430198,3
-0.4073134369021784,0.06539998471966839,0.7157766294734265,-0.4643705632115696,-0.10208437672839911,-0.01710091744784828,0.43281593199039403,-0.04238551947423024,-0.008258793215724635,0.05686275507000597,0.1556533580406091,-0.2818017203781482,0.28080726394523775,0.13572419240975317,-0.04484272499132552,-0.12062219470444265,-0.18092371409419755,-0.03262395690078766,-0.055960626809329055,-0.10452306847893096,-0.011389537889816446,0.1002440873707315,-0.062777840662191,0.05605619546498219,-0.18841587442825314,-0.09272295751040263,-0.019678178292576586,-0.002935295544258582,0.00033246512743352374,0.0563253496159438,-0.1490325722036578,4
-0.44208627799438793,0.16301457323667215,0.6454068171477335,-0.488150544238359,-0.10979216995573646,0.03923665719419094,0.4600688460980959,-0.0569450539371265,0.05261096213636117,-0.056821587300061926,0.177938115266978,-0.1984137606513572,0.24712178562461437,0.19704933170311625,-0.05911488988352373,-0.1404406119062835,-0.14076666324570133,-0.05954337023582335,-0.12165132641547999,-0.06216832307887198,0.061036943749417094,0.3073744370686388,-0.015479824204158011,0.04077560923921797,-0.2017218270355153,-0.1607535172944079,-0.020975374024947733,0.04605547935073933,0.008379629809974719,0.10596964590326419,-0.1227263954758663,5
-0.49994052477551426,0.06116227491409017,-0.3199807637928142,-0.04522273655851686,0.05244613155705848,0.0139004984980091,-0.2248187485231603,-0.04031325093216249,0.19266346810266505,-0.41411799159641977,0.06854905997868795,-0.21529162620399803,0.03587516124258352,0.01996214300836173,-0.04167940237434625,-0.15384301673552717,0.041324918946797094,-0.021344832075182632,-0.1555236779147396,0.19448762592381438,0.05220447442649585,-0.11093583879917897,-0.035957372609027774,0.03093713995203714,-0.136799347134854,0.07177954895142119,-0.10303670294843383,-0.06440117071306153,0.07688077766887073,0.012953403023181284,-0.14321453694884656,0
-0.6189477449348992,-0.02790768942398209,-0.4539996147324557,-0.010697565717481667,0.11888576259062762,-0.05611454662135957,-0.5432447403162332,-0.11380501787845362,0.238902491505232,-0.1811452972309685,-0.03482499292646618,-0.0767066275349319,0.07541553252299486,-0.07351942315378161,-0.05972197600418273,0.11805378796402305,-0.22724260628733833,-0.09290936259788954,-0.3974734578379229,0.3558319190163758,0.008722630057411628,-0.17647277063191097,-0.17978935248859576,-0.0690878905950386,-0.01778736408472031,0.014007038875829648,-0.132594281405392,-0.08825374509391307,0.3104714911471554,-0.09205453403416307,-0.33449659472644744,1
-0.6689031497587589,-0.2039226914804269,-0.9768995916506132,0.42032367395132875,0.29576094407461767,-0.0624467445811877,-1.0449341223929707,-0.14243244834946614,-0.02582274619142794,0.9643388494332893,-0.15813601300245392,0.3443611377767509,0.10467198434243549,0.13597406612551913,-0.03500008776338857,0.5842899431518465,-0.9785081570329154,-0.06465723664314482,-0.41067880700056875,0.3167158447066917,-0.061245640681794604,-0.07890577602825762,-0.25191303719990926,-0.0846526781302746,-0.02490172238141675,0.17696182651796072,0.10530709122607489,0.14309563896448868,0.38230213354521775,0.002650003158335328,-0.26213888587102646,2
-0.5631151783058046,-0.16140923275272598,-1.084216351070894,0.44804608948569186,0.2954204713078153,0.03141843716797985,-0.5874482889891364,-0.12821712863093082,0.038615650290688364,0.4185665219793127,-0.02072909188347711,0.1135373936738372,0.17239951766612896,0.3417515598746145,-0.08416130310658906,-0.0722625992415502,-0.4869559327769633,-0.03691145538800921,-0.2745540487703552,0.470351299745843,-0.00504541305166569,-0.3398277772750154,-0.14571249661256513,-0.014899901236211084,0.06607223341573933,0.17411340537868275,-0.12270663339004499,-0.08823665577018616,0.16490278111478632,-0.06851772993931263,-0.31770053117696584,3
-0.6044028722045143,-0.008004226100598765,-0.39389191581577154,-0.04209107729543422,0.0946792273843876,-0.045655841807541474,-0.4615758814132744,-0.09422025686389257,0.2442565781071156,-0.2672001281196544,0.00250180769811332,-0.1152936594046215,0.06021877466609289,-0.06961684986833047,-0.05325070138626509,0.05009002473595284,-0.14008873250042211,-0.08099822816442157,-0.3460148515095003,0.3296245721480421,0.043470020589860034,-0.14659313428337045,-0.13240401144654898,-0.048876681226620665,-0.04342591012392932,0.027957797719659404,-0.1348002517721746,-0.07788669019712564,0.2434083129530926,-0.05946549691088434,-0.32039118925158283,4
-0.6183427051766394,-0.02829403201623601,-0.534619223413959,0.025998082140596124,0.1295623102849583,-0.043812833447551,-0.5377177777225763,-0.11997920764602428,0.2507267222771189,-0.22577707198571959,-0.07751351711356692,-0.02318043179792261,0.024356407778938213,-0.021099841421717738,-0.0743064594342419,0.05211710493827209,-0.1899922603427965,-0.07447774578279184,-0.30866148151469797,0.33337427133285613,0.005818619858376494,-0.1936730011997,-0.1393910788728594,-0.02632754670054517,-0.017187727683289886,0.09510302486118295,-0.1210280103117073,-0.11108830328028726,0.27727642708214467,-0.028292310589145324,-0.3894367860754177,5
0.5787065998071719,1.074521014178283,0.6578895080505658,-0.28882015884942597,0.3128096500774203,-0.2714217597284602,0.09599097648016446,0.3525398430500407,-0.06534091238256706,-0.2367241243430694,0.46246876175954665,-0.23064532861259646,0.8268634267204692,0.6882002492083478,0.10765148719950272,-0.21054770569537234,-0.31512228054832236,0.23253232805519838,0.556823826325335,-0.3429562077153794,0.18665378996232063,-0.07827120958952527,0.35016378337360743,-0.01612790119700481,-0.4958182395608578,-0.06369832281705094,0.374668092781477,-0.435740967540282,0.2799586716040497,-0.8979256476609065,0.610539227476335,0
-0.35384538643231817,0.10970522496185714,0.39906040912289065,-0.3772732520735925,-0.0484325943335569,0.026654536557884648,0.1981110552151682,-0.0348596824498005,0.06255773545330098,-0.16552986036483847,0.26134155086526395,-0.43448143861675864,0.3137999216337342,0.2173806378350596,-0.054028032906835256,-0.13010645962700215,-0.1228593794583463,-0.02228726162695927,-0.09488804241117514,0.014189326588602882,0.1137241959055905,0.1441853263215912,-0.01593375306470335,0.12237357727610124,-0.3361795413798846,0.035956632840050094,-0.10676068085286719,-0.07426728434305463,0.034491148392902744,0.13517719948305346,-0.161690008146574,1
-0.4893840301003643,-0.11844521772529594,0.7483450802948465,-0.3992661723630924,-0.17788045923236237,-0.12813453936139976,0.24888000427171364,0.05986523814474581,-0.20516531782714897,0.31811818120946284,0.17706770546104095,-0.42608490612326666,0.1200641555402561,-0.31394506533013367,-0.021137279044927012,0.18197035010393822,0.010342667722214599,-0.04785200537370371,-0.08239682219352913,0.006313838930775561,-0.033836237515792046,-0.016050806063838505,-0.03977030874564214,-0.020100682959937437,0.0654545877588547,-0.00645429268409812,-0.04169116650581991,-0.022097957995560653,-0.10086537705579769,0.08943655758937162,-0.16730300720436855,2
-0.07190932851639609,-0.6208607447789958,1.6243853325146291,-0.1205887361963215,-0.27339811014599247,-0.19048228222294233,-0.032994944090548414,0.26916300066312443,-0.6326974146468338,0.6401579147910615,0.24685765968129206,-0.7120983776708707,0.06371112534156147,-0.39673492076188477,-0.08973265476451285,-0.23939787029216297,-0.12136025001897434,0.04504822749782918,0.4678593727850767,-0.1674466519286773,-0.5093687346281757,-0.34415358744773694,0.029979092739474446,-0.008307873076025641,0.5438802915567296,0.27659765048116275,0.05539095677338311,0.13104887475435303,0.030603911664249243,0.06557792543997068,-0.12288242677424219,3
-0.4935752521062507,0.15133644003023652,0.5690194800323229,-0.4746223296689587,-0.0996059992927517,0.025454014232619972,0.4161969305818564,-0.04867257047070086,0.07070604549885869,-0.09136437606577934,0.16802205589921637,-0.19290590165965604,0.22013128211874322,0.11175175956338038,-0.061560681925839446,-0.10000022603789989,-0.09831424010092478,-0.06976949896142708,-0.18527371369687742,0.009887412775801305,0.11945033478116013,0.3387571600292574,-0.0232003535371705,0.041728271350663135,-0.22744244935855204,-0.15585496833471474,-0.0445965868995809,-0.009950842970379327,-0.018012333248388118,0.09721897465496064,-0.1625039391764736,4
-0.473887208126573,0.18307513494681216,0.6312911682654685,-0.5023162567689002,-0.10524324310355296,0.04332099307503631,0.4934749554993399,-0.0645263139030781,0.06259832304624656,-0.08580047024161785,0.14819229581336554,-0.15439765468235683,0.2280416454045127,0.200806709651052,-0.06682739765267674,-0.1507241682874706,-0.13733022187950633,-0.06376374783810294,-0.1625069367102397,-0.0156985766524413,0.10836201075879284,0.3756011273618167,-0.015351923924921518,0.052760067245214856,-0.23706524624490705,-0.15816198290511504,-0.022778266856561025,0.020310155790249983,0.02222519990761692,0.11321136061270541,-0.1491415096855713,5
-0.5703270673566583,-0.005882267575320979,-0.38940808805619537,-0.02412978274080493,0.08691922549204348,-0.029844792990309812,-0.40446023016798854,-0.07411826274462098,0.2064821646007824,-0.2837607240553752,0.037225030420029545,-0.16685726764193978,0.06843041437067895,-0.024728898250791,-0.05075923092752745,-0.013860492054814513,-0.07219235211804317,-0.06109401615436286,-0.26742859918651046,0.29741432041717386,0.07401233851822263,-0.13510814813210678,-0.11085238571791425,-0.004052062316234647,-0.028105738864438956,-0.0010000261705218263,-0.11468149445229035,-0.04589154598865114,0.18178951195292944,-0.03902219979348301,-0.15837808718166135,0
-0.643255744197385,-0.009237776348892607,-0.37922349440342107,-0.08739618218756631,0.09236873077277998,-0.07637712644537394,-0.5677027506931802,-0.12023142959238345,0.2965854847997061,-0.3129329456092458,-0.07615497958298581,-0.03748398470541103,0.009863627710043297,-0.2012942329475633,-0.04251661315930279,0.21876508500693945,-0.1396125884860511,-0.11595203499167855,-0.38134327859902273,0.31395694476198993,0.0742013281000844,-0.04528760890349271,-0.17688696350404687,-0.09648710441150873,0.09734984599203207,-0.12966686934540234,-0.06765448754772317,-0.02375175394581029,0.3494448481326766,-0.09218967348452654,-0.1791142918950685,1
-0.6792249367827581,-0.09139331095244839,-0.7164452622619449,0.1445530047513994,0.20384370335983462,-0.0805365023241149,-0.904582514242822,-0.16225707918302804,0.19980261585600229,0.24240639198326205,-0.18221252210669847,0.20152567539518584,0.027719766900386113,-0.104923931043872,-0.027575417515111823,0.49516364406181906,-0.591046012212893,-0.11627695447827777,-0.41758538135401263,0.2925043615975058,-0.05633831121189173,-0.11863735491746859,-0.2648640183665316,-0.14009151045925622,0.14851427503870296,-0.015393886818723222,0.03097114203617584,0.07340922631191467,0.43235530286370794,-0.09392676986298766,-0.22414591015045846,2
-0.591560836657726,-0.161161684903017,-1.1320945627501684,0.46563316194033283,0.3109868987949881,0.03403682748887484,-0.6625545404665604,-0.15157581236864634,0.0727836884065868,0.43634616638467216,-0.07241047036001144,0.1843029635765967,0.13005979092261993,0.3480939720259012,-0.09348678465634136,-0.02955057246130349,-0.509706833608525,-0.048126196311463185,-0.2940565528354142,0.40733437255767474,-0.09647485453867058,-0.27841191692656614,-0.16118493772373857,0.00712549252548372,0.12019404703780459,0.16169418362382712,-0.1206329705138358,-0.03641521032563012,0.16117532031018214,-0.09339669382261054,-0.2740419495173075,3
-0.6556118549461318,-0.023762237379405245,-0.5153918540583687,-0.014898062769762426,0.12918998175352628,-0.06565937169659784,-0.6615530284503296,-0.14366463919450487,0.3198773113927743,-0.2703872477835178,-0.13201576687991678,0.05512565788612682,-0.026989273555573134,-0.15763840983648125,-0.047463011908651404,0.20925633409524194,-0.1911469272170233,-0.10965168240100799,-0.38302309659299166,0.2808433307296483,-0.04389963696345613,-0.09666249395581472,-0.16619554871616551,-0.10647092691638456,0.11043901519460537,-0.07361964834652318,-0.06157783841465885,0.002713846198584615,0.3327857420020118,-0.13312857645255424,-0.21673590166277515,4
-0.6634081476357687,-0.08153712637091724,-0.722275147945237,0.14505808291295844,0.1970806244276827,-0.06431890088528065,-0.8083904673048212,-0.15618329489798533,0.21046005019965594,0.13326799240508344,-0.1751193797468431,0.18729018701466585,0.019846579803301356,-0.04314386963623873,-0.04461850088360254,0.3444885666438611,-0.4807031477506911,-0.09071012890620547,-0.3315738469971992,0.2681977061404707,-0.05345980989025898,-0.17828396079681352,-0.19736151585156378,-0.10512559306670516,0.0639805496127417,0.08125328875337902,-0.05940864544529151,-0.043585515682115085,0.36043898919237655,-0.0689170875162089,-0.37124929678946905,5
0.39016992882896556,0.968539994037134,0.5691759547069486,-0.3208500536351836,0.04760446071539844,-0.11196620634839126,0.13671668104906234,0.26295865750998487,-0.020593300113395878,-0.2655305765627936,0.3550842833702903,-0.38899076223721557,0.7344158384722271,0.7148939701707964,0.007770933537776365,-0.2053451776580242,-0.3181005294822875,0.16663001448969042,0.5876155968581471,-0.1615913211483167,0.21442440586248837,0.1909969094008433,0.19067113728129156,0.13729342302333186,-0.5360985229886595,-0.07935658489252807,0.27669025547975923,-0.35264219126057506,0.3995641067216685,-0.3328265218900868,0.5275971865252259,0
-0.2968432897875902,0.12404427228780615,0.353152555302863,-0.3617059977626358,-0.02783223726221422,0.05759394602505914,0.15012711578293503,-0.04069274882593607,0.07885261736591921,-0.1979408095764386,0.29192651430110117,-0.48029262359286845,0.3293833796228673,0.24641559660916645,-0.05664788415628351,-0.15365727189325898,-0.10305323206157894,-0.01568407161451275,-0.07095614915234619,-0.0022272538422478277,0.10508652980444916,0.1359008780131365,-0.004293686843497717,0.12710708000916943,-0.32353969262125537,0.03325044950739127,-0.1015582904751686,-0.041233991909696115,0.013244683425094656,0.13451942351156648,-0.09234370345397791,1
-0.510633046125737,0.13980468089442322,0.5364400645324611,-0.4641611778546121,-0.11250595198224919,0.009050595333054157,0.38194292064861207,-0.0405143739485446,0.05904153117563416,-0.10036787406919793,0.15879089565074936,-0.19219375495171057,0.2035449432206308,0.0648218067073311,-0.05873186757127521,-0.0501814061794723,-0.05958064648526993,-0.0731362217812567,-0.18903047632693062,0.029966391013888028,0.14538503514563242,0.3706322146668046,-0.017799061381238566,0.0312884713462873,-0.1834864116663117,-0.16655640926098098,-0.06120017682731674,-0.03164968613226853,-0.029561194938023873,0.09808531755313693,-0.12395387011965722,2
-0.4853732844452288,-0.15510229029170278,0.7715530131139753,-0.3655549853931692,-0.1735172066857102,-0.14714749897471255,0.17694007162823366,0.07982252458502882,-0.2618516976525633,0.3832859201634334,0.1915204911289778,-0.519592096539474,0.13030415246807353,-0.42085174492266575,-0.030691672492093234,0.22184559670540954,0.023288651261882638,-0.05088954799305477,-0.06938668761973306,0.008805108319586018,-0.06304429056205299,-0.07123336685900009,-0.057770059732536065,-0.0055846601214096046,0.07394291232432867,0.02243182700695878,-0.035755436089048485,-0.029015627806508428,-0.11706857243273869,0.08593452153903504,-0.17267623832620246,3
-0.2610180382266872,-0.18687944585326344,0.869716285060735,-0.3541775943030367,-0.12809177866034296,-0.058885803449547476,0.15470095686743182,0.027081410524555635,-0.15409599826039902,0.21681711975427592,0.3000948656746827,-0.6370764358342919,0.2834060189608455,0.027209514870585913,-0.03997446763957339,-0.06773670260696253,-0.1461093880210722,-0.0037755278571955883,0.05640269554073814,-0.16365030386329424,-0.12293159047401014,-0.06677157737749123,-0.03859316728488868,0.06322560366438275,-0.0271828479977085,0.0748280061104263,-0.047867236821305365,0.03349062899129416,-0.1301268885200836,0.06518235326814456,-0.11732416119727562,4
-0.45460441703120397,0.1467452260180874,0.556769328301325,-0.4501944343235297,-0.09073302452580428,0.026882892940342486,0.3598714854130805,-0.05110539176021056,0.05231509991271976,-0.10358282095559436,0.18086868313114968,-0.2601468905413799,0.24878094758727592,0.13005946160843937,-0.0649858997391794,-0.1019777341346058,-0.08572376260923788,-0.055380258359619426,-0.12565019303337216,-0.0315679508650202,0.08982739411112217,0.3124961477467134,-0.025357547843243136,0.04700102452615829,-0.19865826941154438,-0.16457077868780406,-0.030450832952130514,0.010245978520274122,-0.016983348466802474,0.11756269528153523,-0.100753082405375,5
-0.5230326758516712,0.07297825466935962,-0.352447029248628,-0.032329892171819224,0.07071748632201649,-0.0029091603300815125,-0.2788927112943087,-0.05046436963202143,0.2255297905059175,-0.4547221040014894,0.04934828012051877,-0.21376401803653425,0.03993096294586642,0.0038664235747739037,-0.05155544708035906,-0.15969904628365478,0.021262175931389602,-0.023558379798988085,-0.19390311574600044,0.2604501810689047,0.06440190165336049,-0.16197596827605196,-0.060448855209219096,0.02114114274704239,-0.1458207319460738,0.10762352271134903,-0.11839685579402302,-0.0992607676305598,0.14442383835196917,-0.022530862925911447,-0.2063757221514321,0
-0.5915774265753193,0.04463403799959785,-0.2883135813224099,-0.1133057977790438,0.0699190253241854,-0.030887377420088756,-0.3885153251556015,-0.07168404194884437,0.2848232020269474,-0.4578251726715242,0.0813738267910017,-0.22169422478754452,0.07565969090431832,-0.0627266983845536,-0.08444758234685398,-0.04554295646014546,-0.06296687195441948,-0.09336734221741859,-0.38468707839948796,0.4204421881855719,0.14967314104373636,-0.06607846525079059,-0.12655687181135286,-0.037058457707639034,-0.048307797663692933,0.006984526030854101,-0.14201433683275028,-0.05173938227162331,0.29637278565856956,-0.02680313350531962,-0.26239031936799134,1
-0.6458630039924946,-0.08331218515296691,-0.7186011650986562,0.1562687781046257,0.1963314206735075,-0.05101207836372179,-0.7429524777839646,-0.15028035843578783,0.19376407798834797,0.13271319699556156,-0.1403862153010637,0.1436961684718506,0.045804836255373384,0.013372490653362816,-0.05270027397121195,0.2557475504836239,-0.45799441859556717,-0.0831592765973999,-0.33728367074030513,0.3058618585946745,-0.05734542684715187,-0.2012277221706877,-0.181158018090283,-0.08547908716499214,0.028552898777928336,0.10598727216971043,-0.08082132281967347,-0.07021684382648022,0.33992590070098844,-0.04711964320621375,-0.3945238001650404,2
-0.5413525462241456,-0.24438746446733844,-1.1944074561506761,0.6171960195110979,0.3464814801134185,0.05089582831060051,-0.6155442523754036,-0.12109601302536215,-0.09466519455762379,0.8366084002289416,-0.007101570697127839,0.22041370243099134,0.2297149365763384,0.44247700486995434,-0.07566403593111774,0.011593309482003065,-0.6478172737576688,-0.023144634459975985,-0.2755264287168834,0.4263313159244284,-0.009879244404963846,-0.25178879233146634,-0.11257262879440638,-0.004469983612249186,-0.05210525978208301,0.20955392524195676,-0.11308666176829313,-0.09330779312914492,0.09453766022514422,-0.02471753520112641,-0.34148501002071974,3
-0.6159383421873283,-0.013965911499147816,-0.3434567147245566,-0.0747408847487543,0.08513425686330442,-0.06378901796060005,-0.4875853697175969,-0.09205211770200272,0.23212894459209357,-0.23489611423276513,0.01203644512724601,-0.14333964992627415,0.08261681530370558,-0.12391545760497621,-0.05037865398659418,0.14010055542273736,-0.17026236916807458,-0.09835460377482888,-0.38133134554312764,0.35369883508087413,0.09124312927314289,-0.1176303178631967,-0.17302631305695684,-0.055491777816949805,-0.010242882354396994,-0.02101199869395717,-0.13245539006476806,-0.07482267107418451,0.28799603102601823,-0.061869162226212825,-0.29055392951085784,4
-0.6154530571559902,-0.004837067830198858,-0.4255196820158218,-0.04241657947971782,0.10169884195357841,-0.04360484136310944,-0.472832504850669,-0.11414887052805076,0.27424526778368385,-0.32508099356108805,-0.05394571515831018,-0.06875327052554465,0.01905434686316506,-0.06382949016489547,-0.07373042597057208,0.029107937577501,-0.11251033612014369,-0.08220362477911777,-0.33332562348205697,0.3210427209048094,0.018141129910634476,-0.12344542064863465,-0.12757969640141936,-0.025674656162710734,-0.027628084772549362,0.03528772816662372,-0.11043352062805273,-0.0845627549552522,0.2551081864339821,-0.029699770045126007,-0.3282679582633999,5
-0.4240761766318735,0.06992060377415463,0.3812170729219355,-0.34482802729213585,-0.07951459331397089,-0.026443993663920872,0.1839800203465329,-0.008931931689561266,0.03821290175793448,-0.11693707593787378,0.19959424677568688,-0.3259966391787948,0.24282686674129483,0.08519015370115485,-0.03525605327454349,-0.04697655852344672,-0.06276547507365485,-0.026423953865293216,-0.09287307756329075,-0.012799007059471451,0.10166697938251928,0.10976140907496461,-0.01584449361479935,0.0716414351585166,-0.2471750394966481,-0.04889996967502584,-0.10891376928048586,-0.10568980322442763,0.007780942372003539,0.07478791711391183,-0.1058866354466295,0
-0.48965163594713335,0.20430811211769095,0.5691106551750914,-0.45704009041247,-0.041849928098139644,0.06778708908626292,0.39382608486127146,-0.07461105691710965,0.08585880129657116,-0.13148482375187637,0.16030966044954467,-0.18951920937827668,0.23595368354266594,0.08140738704633836,-0.06525860379271291,-0.11916188466420685,-0.06207083428304089,-0.08868149946296795,-0.18076667006733024,-0.06523988699173955,0.08446560010917013,0.3892616017606269,-0.04189843824782718,0.015896876195269707,-0.20742003820079563,-0.3323063602796026,0.00653058911574382,0.05627560514990987,-0.08372645167130441,0.03571937629460446,-0.035224358950723685,1
-0.4555634619018462,0.1402423988603297,0.6319954666869403,-0.47768785140687675,-0.1398853444275002,0.013075584405365487,0.43240147913185906,-0.030671281470156825,0.0205546081794057,-0.04158063467977433,0.18636691088024204,-0.21018202649245338,0.2402208780768397,0.17267050189028252,-0.057133558665708906,-0.07872894261788567,-0.11625558306805416,-0.053834170667144646,-0.11033461428233177,-0.019419268101911982,0.09600527441253537,0.31820551854234064,-0.013556580277743752,0.04378160886940514,-0.15857571866002323,-0.11973174302815355,-0.038494805759023275,-0.0021879249585251797,0.02345063622449824,0.12511653969036965,-0.11962057594054434,2
-0.30216851566918856,0.07039218388802686,0.8735812154464776,-0.5035677940955502,-0.13289113915531559,0.03555410006029194,0.522734974699183,-0.06658486435268064,-0.021342670489777504,0.08849064584701195,0.15479904413933984,-0.22280635018195832,0.27361239190957387,0.3336241970042922,-0.04065893182282909,-0.19750647939078156,-0.2648895617411576,-0.011825375238636974,0.034072137387133716,-0.2161834604541543,-0.08821995744814518,0.10439506295634608,-0.039690769995996245,0.026900833966439833,-0.05252930722210221,-0.08835254654105752,0.05208605899059412,0.11284925116509117,0.07804383524943759,0.05328080068033436,-0.08915153134739365,3
-0.3936908692500931,-0.10019948870259313,0.8323241339044347,-0.4124817807137031,-0.16988593201724903,-0.0846970206857554,0.37055663991261484,0.017748326381247483,-0.14001915750525012,0.2286215008751368,0.13818519980972277,-0.311255740229778,0.1652681752972178,-0.017686071446585603,-0.025075023122558774,-0.018366379461588,-0.1177697134438209,-0.008403438209010334,0.0032294188124374597,-0.1130966296806701,-0.09774735022156894,-0.0637576163348139,-0.05167851036484831,-0.002438401744421863,0.016307943885906798,-0.020750252484125164,-0.015845072625187796,0.016453639083897968,-0.037691998283248616,0.04815236158691195,-0.14660525303061278,4
-0.4946659738818379,0.11034832969234748,0.7181154282407819,-0.5287810453393154,-0.12928394628482373,0.015657349603822323,0.5423067570339364,-0.0730761808678428,0.016559961041156434,0.041117886222534206,0.10589570493814719,-0.13519656536901445,0.1877953994534434,0.10939488659115376,-0.046122159325062514,-0.09470520866134673,-0.11423796729491507,-0.05430809401157608,-0.17073716996949598,-0.057800788025122125,0.03551855892067436,0.2695794179241346,-0.05121328140457228,-0.0008002160500464434,-0.141888514996096,-0.21291406073141753,0.00284976124583667,0.06058086408777473,-0.07460496712757331,0.05646768835747668,-0.14853234556914044,5
