0,1,2,3,4,5,6,7,8,9,10,11,12,13,14,15,16,17,18,19,class_numeric
0.4450298186303344,0.098345277712842,-0.20882864049301064,-0.3832225018064074,-0.09657961675038261,0.0449472504812693,0.3295072592611401,-0.030646230126896472,0.07318474761135137,-0.013710989092742081,0.010871368185198675,0.057057891977871,0.005106097616858923,-0.027854033014446413,-0.044316901582626494,0.009065133999985212,-0.0749297702247586,0.06794668526836456,-0.0678875679980195,-0.008861371582141387,0
0.4302609231165933,0.2038638483818443,-0.22297620148180808,-0.37262096928631316,-0.12790373035893468,-0.16578306475093987,0.381889797109167,0.012157545574331708,0.1894043893368873,-0.010105245920999727,-0.005654728217423667,0.08133852193795063,-0.011225393122572576,-0.05084161247391752,-0.045754858719291684,-0.012284114285685717,-0.06938681169079904,0.06676233230226586,-0.09442587071268492,0.0341746104955424,1
-0.09664126692840966,0.48830723450212354,0.06639737530691817,0.04013004798378569,0.17932872142300366,0.046029378102350395,-0.023468114039105033,0.0874336380572783,0.12316125001088243,-0.05654840273435653,0.06580425534966339,-0.27924981337655475,0.184861148469456,-0.16199231350063054,0.10903343337430305,0.17847030420450613,-0.039981341710617374,0.054626263266768074,-0.0007869567446649304,0.10975599086520728,0
-0.22699336074979357,0.495475839337794,-0.12040250329599653,-0.1467244978468326,0.6390984022880438,-0.17144913801549425,0.061420504926882655,0.06667570220345975,-0.19393028186714084,-0.1669991111472936,0.021347987749828445,0.11664812509512297,-0.11055632263236177,0.11686263359405198,-0.12043451795053653,-0.049156521949014514,-0.004070413145004494,-0.01777936717481218,-0.0071173285115375936,-0.02967931845817131,1
0.4829502470646173,0.04108494954914078,-0.2971459351298934,-0.2920443568576769,-0.13541188557671371,-0.009811649525287108,0.16952414595076348,-0.023761024367488805,0.017133775888610328,-0.02974811882320515,0.0002466840310846845,-0.015025354138475127,0.006713648373688477,0.010642369663379394,-0.015461185038046797,0.004373337129392388,-0.04155742058305213,0.06658889096071176,-0.03679955398019162,-0.03579777728132914,0
0.48638251373198244,0.12066065310535388,-0.26187054133712667,-0.3197583808240293,-0.12636789399534076,-0.19678682110608672,0.28000288075510515,-0.010097049895349281,0.15911324685331585,-0.012777693760494745,-0.007352706101012757,0.046434338585522116,-0.011216382463045394,-0.026943797544500978,-0.0114939792608429,-0.0029400735303786074,-0.07531597603260555,0.05681787649937118,-0.06386494275288858,0.012654514865134915,1
-0.18942872380168807,0.5555774618191928,-0.0876992615203199,-0.02894855891178281,0.591529547919269,-0.04539074044402434,0.006581005931868391,0.13290524415108707,0.010788082683179942,-0.22692269537498666,0.15671609111550572,-0.19328857943384872,0.0627370558167544,-0.03870370800170844,0.13453975818762665,0.08002612122343157,0.007770820187782984,0.08538288701568637,-0.006413996776977661,0.05401151143490796,0
-0.14527811352105768,0.5521270963941997,0.001836321125836105,-0.09056399480883601,0.5715355760247036,-0.22058529779157618,0.09752810968051354,0.11538169202990423,-0.25281245629894605,-0.23500968655061463,0.02306147918910439,0.14448037397938723,-0.1443099604050232,0.16295659377187488,-0.22037996622743497,-0.07501587523873406,-0.012113628018810958,-0.05026318299616043,-0.01773814190521156,-0.01523270027526302,1
0.48172574895145015,0.13261826888864314,-0.3173264470743571,-0.30313438650541596,-0.14992742272773532,0.05897268952548878,0.11752279238784555,0.11545334637627915,-0.01664338257893675,-0.005514165841356587,0.05497699478892819,0.0529591814736677,-0.0050809578500328615,-0.04061581655301103,-0.002954472898373104,0.017425149143274657,-0.017097535086979185,0.06196632015262843,-0.03734646615027766,0.008766490321172724,0
0.4028276061881648,0.21140729384589232,-0.22879681766190918,-0.38792421319808823,-0.11198926544187253,-0.11083248050302905,0.37642627273609214,0.03227425178555311,0.1532947717987081,-0.007136150664824212,0.01783237804253977,0.10621140511122301,-0.01264753023158652,-0.06430614886270208,-0.05258705626602082,-0.008171116582361916,-0.07126931912500951,0.07953650167802065,-0.09930214792077355,0.03713501108986422,1
-0.17853078814260703,0.5239002903387387,-0.1095672453208187,-0.005626123642355264,0.45137879941165704,0.10762703754222397,-0.056793601172148794,0.09419457618602453,0.1538476466840893,-0.17889160812625304,0.22272026046935045,-0.29994942686178117,0.15722777605014335,-0.14879621496928952,0.2435899721313499,0.10985572026198019,0.017143818903421634,0.12156835908522769,-0.02507275694722423,0.046711871538752656,0
-0.16277292074567942,0.5088850149280104,0.026805900789661916,-0.1364935715656994,0.5270904697016212,-0.2045521434571913,0.06546514356864033,0.09201687096975295,-0.23508470750669694,-0.18261339161560325,-0.006091080902626659,0.17996908194934375,-0.15260625856137158,0.16810865552902607,-0.23913797194505285,-0.10150447578307777,-0.03591925350518849,-0.07816265765004467,-0.022914780292049353,-0.05132866185221321,1
0.44816996703496437,0.13040181444270266,-0.21076404640136198,-0.38231264476729065,-0.13343817079021408,0.05656682536535317,0.31384587052922,-0.03263144527835,0.048517084064361345,-0.032894411701727924,0.03638578866185645,0.04567539915539836,0.0062287256918159865,-0.026830364533712493,-0.03662129553364659,-0.011223018924652549,-0.08370099034233572,0.05939570520766748,-0.06048264753380848,-0.020542429726462256,0
0.3915553527237197,0.2141659142660455,-0.22931061045762355,-0.4061869176651146,-0.13136999269320962,-0.09761979941764666,0.39876336466141893,-0.011565311746076645,0.1388618021193886,-0.027204145186423,0.020751790348800106,0.08177938041831934,-0.0039875400597069064,-0.05237104114669501,-0.057484590965110854,-0.02039657365262465,-0.10046040937996802,0.08117683731631577,-0.09874998493042403,0.01288926081178531,1
-0.2079997498026231,0.5214695931843075,-0.14295435427379258,-0.04642804709889491,0.5629055114625575,0.04115951030970102,-0.034044757807345054,0.10925528497731235,0.08090646185398619,-0.19010220193364105,0.19044133325516432,-0.2231191596203428,0.09754229822423954,-0.08725155625920511,0.19275688798420168,0.08290877780711325,0.015055872214112876,0.10791391425450535,-0.017422476890693615,0.031136279917046678,0
-0.15067211400746172,0.5468367665226087,-0.017803711257799924,-0.09488447905180596,0.5690085826293231,-0.2224714942692346,0.09942044360670535,0.09325933281076859,-0.2637270132745764,-0.22647672952943118,0.017676823076594985,0.17286111987050995,-0.15617786120746632,0.16647880774422003,-0.22430183228687037,-0.08138326631596927,-0.006677045980260237,-0.05185811679016445,-0.01842892425419554,-0.02051612091126343,1
0.48843283424347794,0.05628271682796152,-0.20155861682751927,-0.2541002044026636,-0.16937588703603945,-0.05330073792292009,0.17200353604099228,-0.15195209373632165,-0.0029876996987166214,-0.09936991694109318,0.04150099630060547,-0.09277829356568873,0.025201365133732993,0.038171228343172915,-0.022363099620075662,-0.0789811732744875,-0.06881019090625293,0.017038228572459794,-0.01867886484728557,-0.09386452676558393,0
0.44620295438710594,0.07705019397796095,-0.24462251909640392,-0.20133873892679588,-0.17184325237440706,-0.27261962275633855,0.15757399579317766,-0.169456962856331,0.05823012806242274,-0.09008201700132934,0.01909240665532402,-0.08335122715755235,0.016771834329625666,0.027105774923841256,0.023587079752911123,-0.060516849998961696,-0.10840323600364933,0.024918660498603112,-0.02144546152599868,-0.07206956954823145,1
-0.2763565634793447,0.4449456009195957,-0.21068166072647543,0.03230093161398,0.48684440306890225,0.0873204677723707,-0.036483648913221624,0.10688426835140476,0.17494760779842689,-0.10318582722806721,0.12223669661302235,-0.2274763854949746,0.09976177148350412,-0.07852045516245923,0.22524420935202433,0.06664802148876534,0.01195776368811046,0.07712058850577609,0.003683010959619175,0.027522123562290213,0
-0.3220788842713413,0.4368677709772793,-0.2047731595416437,-0.1108061220359257,0.6294692415157467,-0.12262888164285701,0.017179483967831876,0.03203366911113615,-0.10377886084854922,-0.07894739294956982,-0.006049829283153433,0.04373459048336637,-0.05667232980031054,0.06358994604236584,0.003240716814881075,-0.008335408877301949,0.010852427093346682,0.0009519456972362024,0.02569475660194051,-0.00038920378799658353,1
0.442968451628771,-0.10650533283893975,-0.17187598369841342,0.18774174324420698,-0.08194543812424493,-0.27378135420214744,-0.20081067593484414,-0.09948426846011478,-0.05418827584028485,-0.09114131141135966,0.0276895033870086,-0.119278102756503,0.004064634975107133,0.05892593759165595,0.01736307023233271,-0.04984705575940823,-0.03689954710708269,0.008239408159602252,0.011378202164015019,-0.06398910769539372,0
0.5239662208884649,-0.12659715943206917,-0.11331193877885715,0.17314744040224989,-0.027824644863771283,-0.3016980766658924,-0.20560793133598954,-0.09899558997165406,0.006501019628979122,-0.0672475639810405,0.009353077048136814,-0.09392200785169877,-0.004796665447066435,0.05504216193513271,0.04559552796951062,-0.03569335477982116,-0.06389739094348755,-0.023874095895821516,0.026880869743381355,-0.04342310852271164,1
-0.2924596521878374,0.18697051211041701,-0.220757286431951,0.3758351640721194,-0.23595584146454426,0.06153797776651957,0.06482040435454739,-0.25167241313349065,-0.10511362501111368,-0.1559977674292002,0.15021224838304423,0.06834711695082855,-0.002512859871846989,-0.0642615665767655,-0.1035502542899758,0.01720672809558478,0.04555758892063996,-0.010613650727653808,-0.05225266070664625,0.1387387914493441,0
-0.3337449187109622,-0.14016225797050294,-0.2533752905283001,0.26429671732640564,-0.19164324259819046,-0.015713339658809538,0.040064228982304356,-0.18578686112081236,-0.17890346446704958,-0.09347843484118147,0.10132790198988378,-0.011500777693455623,0.025947296667440355,-0.043514756434710644,-0.06818394891776659,0.04358041808610047,0.02601593875187565,0.0637557747710526,-0.02614606097577396,0.04232250586097454,1
0.08006418151833257,0.2175246971957694,0.08474920058287107,0.17109320874671605,-0.08179055975872439,-0.07258433669169995,-0.08134330100740993,0.033611522208458026,-0.0701631595667505,0.011847647411390157,-0.21010225130829238,-0.20563393198196214,0.12336624374159624,0.016373612505290736,-0.3149375187946054,0.4039230637199975,-0.11217445701004208,0.11308055186550911,-0.16172636020586043,-0.2619832087684837,0
0.5041637355406129,-0.16679319955751248,-0.027397505277317536,0.26513762536168795,0.056243330961508096,-0.2517648726503114,-0.2518203932297605,-0.01629950218374224,0.032793331230921305,-0.009993095713956006,-0.007851409955001377,-0.026936465481402275,-0.010676366901574188,0.016648930447693115,0.0073865839731580545,-0.0002884649764597101,-0.039385412349268865,0.007304955562318789,-0.017951242003542745,-0.009013657297909336,1
-0.0227965695555889,0.48156759969557295,0.24241601776861801,0.0989751544133833,-0.07542806489513612,-0.05333360758625382,0.012957452060080244,-0.00694002030908074,0.00460283882493215,0.06117432865706957,-0.02101766972590424,0.06568746363778277,0.09064103685854083,-0.1598693281972587,-0.038810337528806485,-0.06171941656343243,-0.005324381342978217,-0.007495946036190602,0.18010705799285529,-0.11927847144198707,0
-0.41751362512274814,0.01111756245424096,-0.42623069473328334,0.2065214370820592,0.0014405834914217907,0.03895025769908645,0.0470476543020184,-0.1813888592102177,-0.053929369842600314,0.027097142050921827,0.022695859613762134,0.05439492442536382,0.004048133547285935,-0.04950735434046389,0.026704909019365362,0.05624387619058615,0.04258288900818552,0.041624644910980335,0.00034244612124656595,0.05447556407231378,1
-0.015598443701612301,0.45666416098781937,0.22647133129774757,0.09566591459408624,-0.06541111768978974,-0.049191605327416704,0.015100400070028285,-0.0071642068185347125,-0.020526487274866907,0.050560681079403466,-0.030994253097741595,0.02508425825256595,0.09331748283794267,-0.18253254707347713,-0.032131703921915965,-0.056860992751506974,-0.0451324096374236,-0.18456542830622621,-0.04799021674537648,0.05134537035411742,0
0.5184059114713383,-0.12419505853303031,-0.09589011450947635,0.2043889748298714,-0.011654888098524175,-0.22106763857771305,-0.2663707717649557,-0.04707032169505221,-0.03478925101262133,-0.0533151729459919,0.02004764999396301,-0.05821634185844828,-0.013715580278756792,0.04619959227151347,0.03964814369800972,-0.029057398166993174,-0.06437868192511406,-0.017608648398688566,0.015033661252301956,-0.03703999513658249,1
-0.37078562356235,-0.003334820783486619,-0.2540532670770103,0.21839297053876844,-0.19438706902307737,0.07653051395644928,0.01288851165157262,-0.26450438613102933,-0.13246595918206316,-0.11001939502691693,0.1772520257856593,0.020921035123214315,0.039568578342411516,-0.09187792176615765,-0.10976458964001691,-0.022102286561754815,0.028582961317291013,0.0247331609961732,-0.07573667493482103,0.017864561777025074,0
-0.39227343950006277,-0.26138572705729896,-0.1087770206665738,0.12522442214409585,-0.13247064643119358,-0.1869449690977927,0.11476409770652299,-0.12538154458919173,-0.25017028324454715,-0.027976182945494824,0.04191790082779502,0.03481257924563019,0.019109986754475335,-0.06662568981127359,0.0693567676605658,0.09445510828439851,0.03567022115825742,0.048574042635333936,0.010406031907413849,0.04690266289678989,1
-0.0288348901193787,0.45697512381573735,0.229343198026284,0.08893960866659656,-0.063263601761949,-0.06771459116877494,0.023940167683001924,-0.003253773115781116,-0.014682403474432067,0.05817631214532005,-0.036687182238870394,0.024772268102714726,0.0882562243510759,-0.17246946932861312,-0.027790308254275784,-0.03600863568366277,0.020174163440218586,-0.20024049458038418,-0.027493977508384945,0.01697373700439201,0
0.5196298867971413,-0.1614442853756138,0.010071209331875233,0.20970481923967252,0.07929351829405915,-0.2647157385055106,-0.17782617960484623,-0.08425926640512128,0.06938211634169147,-0.01586406976767623,0.0017676888266843463,-0.0037560588683398215,-0.01716043041257787,0.015935749163805496,0.06696560553569182,-0.006808515822630701,-0.0702453807405043,-0.0336879367201694,0.0256092177537276,0.007244709888488592,1
-0.37456104983265476,-0.09767990573222367,-0.23344685055372405,0.23235097634638144,-0.20640091876960442,0.03253699518987437,0.037466323093426145,-0.22102910061079703,-0.16552411484589338,-0.12012322308154229,0.1666560562628448,0.014703911548170854,0.03115077938878235,-0.0757798839631208,-0.07383752620598447,-0.018004373809897223,0.03858982674974536,0.03814310051862796,-0.06750165450948793,-0.005018308235431634,0
-0.3536279080559315,-0.23882397504429784,-0.15837913667555525,0.13641483371489982,-0.1714899969991742,-0.11055898030922746,0.07517613128726058,-0.20262936049753782,-0.23625431423950785,-0.07617400792358252,0.07286154018116961,0.00010273204460372083,0.028411698989586686,-0.052866006214269935,6.007203536050856e-05,0.07325713366105412,0.03569955575006527,0.07138332947891016,-0.01312229196761549,0.03665011990671872,1
0.009982362486686512,0.40662590463944054,0.1859024624241848,0.10085284279930049,-0.07387268676935618,-0.013810435748215319,-0.01343883503964243,-0.0030799951841941143,-0.048546165182959566,0.034968895146247236,-0.07911289273675058,0.024071484314183173,0.07294576188151058,-0.15387574639628337,0.01785941163063752,-0.130613216730006,-0.1158838918972079,-0.0376904952786363,-0.11490999499639767,0.13705633530711825,0
0.5721769123825992,-0.15800371628069007,-0.09073936827908574,0.10827391754838796,0.009304494070411048,-0.2369148714389891,-0.14275693822994678,-0.09143829359889237,0.048842427479400354,-0.040386512663373765,0.018282430066219466,-0.055786091104110404,-0.006560610514953149,0.03464022144231388,0.02952093769471813,-0.04206328872492647,-0.037967970764830446,-0.031387942570434015,0.0286595661081985,-0.021204341122228625,1
-0.02532123850049498,0.5114239389502748,0.27659607556576515,0.10599794949283509,-0.09384369949509676,-0.08409799759987102,0.021765755284349812,-0.013893280610364314,0.008407570315010205,0.32924999865429017,0.31030998693124545,0.2208481467734595,0.528234204178016,0.5115829974769145,0.0607929871169079,0.012636899811458088,0.000453394802655994,0.06342365016203362,-0.050014786191820364,0.026608644618020653,0
-0.024296004416988093,0.5089269224906764,0.27311122552762007,0.10654938666831913,-0.09130530031119698,-0.08398002798245119,0.02392563085834278,-0.011533144670585081,0.005481531574946258,0.3216566097380631,0.30267144650879446,0.21970515642102104,0.5388925179923479,0.5122299512331108,0.06163442946066844,0.013050615694237204,0.0004258343998938112,0.0556651301844799,-0.05955246431217105,0.0339391204471487,1
0.16158149849195008,0.338269280482727,0.2069278425086432,-0.039516579516240866,-0.08529308481015344,0.24486540351620856,0.061751668881043824,-0.10744878745146885,-0.18637765983410248,-0.026437624069957668,-0.3057946284584956,-0.048498301957410964,-0.057349513118270676,0.16625929675318424,0.3180282099465023,0.003504812960384455,-0.14314001586859787,-0.04118531815208805,-0.009871964725399265,-0.0006487526061446015,0
0.48557322791668217,0.2400854675401374,-0.2284968743888069,-0.3602225230662307,-0.2113724522292762,-0.0032738746919059375,0.22275635504861252,0.08964855961252256,0.042412776497676684,-0.028109674302089688,0.02024604224190841,0.00491559280991493,-0.008408023828906673,-0.008977703375412642,0.03690559728730014,-0.009578270952768813,0.02075204927169894,-0.04982951447590884,0.02644157527697088,0.03355233840708012,1
-0.14915700987494931,0.3845688643479673,0.28051083723257564,-0.025053844869578575,-0.16386047277343974,-0.03839373889972573,-0.17175132298177076,-0.10147932166703189,0.16177850920941933,-0.18588031939598235,0.06188415214166003,0.41915221989102747,-0.14383471477154472,-0.09526771756317035,0.21512611121372224,0.2433902958072879,0.11666996468007737,0.02375782140016541,-0.12779193789586504,-0.24720708370225686,0
-0.533528268278275,0.05457094453320533,-0.40053013171098234,0.04282868620239182,0.10564261020750824,0.10203561522365932,-0.0636691715484264,-0.21166488413444756,0.04846138950254415,0.06534965230617334,0.0098979516998653,0.031239957759351806,0.013812316629338415,-0.043013023255338456,0.01895034578772854,-0.004179232591176285,0.031025771124469956,-0.0040856670723820295,0.004109101596900123,0.020351027387084972,1
0.2875018859215553,0.16728025024597512,0.10675622266935907,-0.010033356376644625,-0.05164161914057557,0.20530431419116751,-0.04811461499747933,-0.05484292541685439,-0.18600552560915115,-0.03349371073873565,-0.2398519544931442,-0.019201590427921383,-0.02575144160010035,0.14677649546320262,0.2134108075362691,0.19753963265216587,-0.27367834376823535,-0.07946206772215171,0.06407187623880968,-0.04553899087574623,0
0.5870090000316862,0.006839917958035838,-0.12065938697945733,-0.15321062525461793,-0.046063439044036265,-0.17559346496259343,0.11318207994255093,-0.0342640770616335,0.1800771354628221,0.011719015225352951,-0.056914268952908666,-0.00949679295955528,-0.018444011491143913,0.024453393080395895,0.040715038761846976,-0.01795848881430103,0.026363298703044682,-0.05901339704620083,0.025975260948719645,0.047564355411907296,1
-0.3865530452147113,0.1354636061396463,0.21989588603039892,-0.21646991151504924,-0.14692461832489,0.023051648265508318,-0.264507314503159,-0.08367018866985382,0.21998123800004304,-0.1512755221192583,-0.06747051366997336,0.14622350628510797,-0.1316881302234294,0.11366542208561321,0.028908862400232226,0.08456317420920315,0.054430344408821794,-0.0014474303263989777,-0.04018568946862513,0.03547302152684488,0
-0.48710084972339673,0.013788774408993773,-0.4126265748956253,0.06627131863513373,0.09714082836070345,0.1610312387061451,-0.0516649943908079,-0.1461080622913224,0.07692210372871493,0.05242592246984565,0.026729925337920613,0.010037417034482857,0.018975999378052007,-0.03566481859979139,0.021759928638634612,-0.006619059097695522,0.01584599051488982,0.006490591656386791,-0.002707547087876955,-0.03169295850169579,1
0.09570339569961156,0.38616042683955887,0.2469186052682571,0.06986862419789577,-0.04942817000753932,0.11630417833577102,0.015563345832419851,-0.08420685785242402,-0.13670769491504733,0.0014126262737534506,-0.14451359711073097,0.051346754953767566,-0.042941937017058014,0.016331652831217916,0.30917473228367237,-0.06870224284759167,-0.23252384293142309,-0.13482190773176125,0.07361991026092676,0.013158625584374866,0
0.5883382144648917,-0.0246207437305499,-0.17593832411959856,-0.1295368338286933,-0.083037724563817,-0.22470295167508475,0.05510040046208306,-0.08279247333749527,0.11543690591705633,-0.036675498434500735,-0.029361458108943937,-0.05849863737866856,-0.012173246885986271,0.04939070339205565,0.06461380124258236,-0.046211482173134304,-0.02590732272397842,-0.04834028046689768,0.03302238413305927,-0.004808464560470369,1
-0.5226436428279352,-0.074782566430187,-0.017527511255755874,-0.28443383912308967,-0.06324741112007282,0.022480046914381036,-0.20350739832383138,-0.21749151020718935,0.020445608170442258,-0.0003104019629548044,0.04886160162994123,-0.00012561530309393876,0.020258306360674137,-0.02799103738442025,-0.09772784616525987,-0.06294963951780957,-0.007358552372057982,-0.013155802710279847,-0.06217626503047788,-0.00012281394708342513,0
-0.4452110470188494,0.18941178735393005,-0.4255297194778817,0.040412257507102804,0.196513619772326,0.1628959526772315,-0.0658094634447001,-0.22025990547428395,0.08712778735579324,0.03131620142481292,0.056655019581285326,-0.007095826514798088,0.039540752752921196,-0.06576886435514642,0.02903825434601184,0.010614474704207979,0.02785163203243974,0.0171226911518845,-0.008041887656740961,0.0029110265753486617,1
0.4002824082786412,0.11592812838774941,-0.0502257925512638,-0.10116743211673036,-0.1252100806473625,0.20502185614241433,-0.04947550616698998,-0.09175564963021544,-0.2375779842792558,-0.09309872990814498,-0.06396110925904626,-0.03573125722676927,-0.022535286668878555,0.12100116849084605,0.20899467243133632,0.015562185459329666,-0.18765804073936626,-0.1111577763071896,0.10301830959938435,-0.06867150046950395,0
0.5929568008613453,0.056424539954624646,-0.2596259035805043,-0.18929079821997835,-0.1431065566167476,-0.14885899397345795,0.013406488067116959,0.04619423881973168,0.06245832809909711,-0.016104488780927215,-0.005050394117366588,-0.03626444255082979,-0.015891795443231615,0.027282778161073617,0.04659069821114581,-0.015954537169452988,0.011125266661079372,-0.04998313965132514,0.039169519553431974,0.01189592812696208,1
-0.5069742884303357,0.022346785752162267,-0.0889583092187878,-0.3413238323054005,0.1247447946634197,0.05725037939136656,-0.22531218895649976,-0.17114247359587215,0.09633776086974419,0.06466066032191331,-0.011481983781558656,-0.008738623067825678,0.01608605047037014,-0.0034817997022740027,-0.0898476275533922,-0.06769645018919518,-0.037843780904091365,-0.02672708863404152,-0.038683198553179005,-0.019290257557171495,0
-0.4787901672598897,0.09688798632261977,-0.41638640155784046,-0.009087982286173557,0.21063928178130106,0.13063066490969405,-0.05841366923156288,-0.1625155099304162,0.0725082049537007,0.06860514402519002,0.02698896201224355,0.00022978074140405115,0.030403048334591082,-0.0502413215647582,0.02825517925781127,-0.019209394448950926,0.02547988755509292,0.010929782432997871,-0.002771963847247278,-0.022378283428561678,1
0.5277557874114007,-0.09823453525087232,-0.1819512360611331,-0.11766376326132792,-0.0356178518436634,0.0013029320037093925,0.019729281956596297,-0.02937239738701774,-0.0007211534046119158,-0.006832065654399252,0.0009765133919619588,-0.004533768637538772,-0.006054560816236213,0.029385552543062337,0.02974261672117865,0.00420649224341572,-0.02409982370068051,-0.024328010192523484,0.04498365405320154,-0.013530961147900533,0
0.5887549045632325,0.03620365082542764,-0.2228396495909105,-0.16440935172339707,-0.12561424676030478,-0.20011521043107555,0.03421783355180449,-0.02064792554226792,0.09348986001841517,-0.03290270993229537,-0.01665122714500766,-0.06470255948907411,-0.012209974459933512,0.04609544471561247,0.05800125083653639,-0.048450937945276606,0.01756806363872245,-0.06108975535704153,0.04016083971578363,-0.00790803930281852,1
-0.18534783033981184,0.3548488101353651,0.25129978622674004,-0.02254628421723412,-0.1583988455791755,-0.0020293655929771405,-0.18582146821665116,-0.07963529242121953,0.2062627757356082,-0.1902429488221924,0.03589235558522382,0.41553380052226624,-0.16394067041233756,-0.06836548622640236,0.2265566882271206,0.20984707634316965,0.10092368441347345,0.023353890131619967,-0.139436054968605,-0.27685448609847496,0
-0.492693786049738,0.05358066287097312,-0.3921584495589648,0.16780255157195242,0.04210217757554375,0.20566239237318398,-0.035782050441958445,-0.08771640630044285,0.16160809276219829,0.012580078327290549,0.008916515646579486,-0.01279536354622169,0.003529294366848215,0.006624703824550824,0.015827950096595784,-0.01776504007124725,-0.00789952828293463,-0.01482044435718958,-0.0029768062476620244,-0.025947255407688153,1
0.5262974287780128,-0.16047512032773453,-0.20732769425059297,-0.04581503405307232,-0.0047560804437569194,0.0023831065439324024,-0.07199093366259482,0.07097947706643612,0.0069496747478974205,0.042107404714908765,0.012434119420988534,0.005736021220622481,0.0023588494742065,-0.01053593611547915,-0.05050982361831763,0.0189914094683906,0.05217635618877801,0.02743263719423048,-0.003906937742409533,-0.0035085687463397297,0
0.5017764877655554,-0.21362808552579052,-0.12971370037772442,-0.03558609250922491,0.06999879006879,0.04270817175138147,-0.011970720465335719,0.08559476276418382,0.058713745650423046,0.08315555119135147,-0.032979711745980855,0.06289599737616816,-0.012259827528768408,-0.01795325401015629,-0.03265149253582942,0.047589468109442035,0.05456787869331003,0.0385676375495842,-0.009009110202225022,0.03376747546509238,1
-0.021156093628007074,0.4750201694628567,0.23650100712699929,0.0944422276966624,-0.06583464218786124,-0.061901626192040565,0.021298603488382178,-0.0024375557740533584,-0.0079646839715241,0.05746557811366695,-0.04195572495254049,0.029768690826644732,0.09548704478668534,-0.19408566130309426,-0.0342868343534626,-0.016791109469264712,-0.0004000347648163398,-0.26871929084414065,-0.03590151001601124,0.027533831203718245,0
-0.3234876459291529,-0.36152445167596237,0.10827209095135493,0.12844606127316213,-0.016811700031304177,0.004214312265997218,0.14421902340367754,0.2665365685829066,0.005311324457111123,0.003343437847861719,-0.004763003525209233,0.006026722180476353,-0.005176486268141827,0.004643334833134226,0.054017117451073494,-0.008820010208405742,-0.02652299861616149,0.026494183392123262,-0.01100856419817714,-0.11480868958164028,1
0.17694558010131825,0.07977187907986136,0.1799098834732648,0.017759743657505035,0.002565941738885167,-0.04861243636623761,0.13511342368813686,-0.13857520789456035,0.047752996086080864,-0.014510259338038125,-0.16052507804236185,-0.1562166891705537,0.04414787190807252,0.07376014821213399,0.012345480515911656,-0.1586980461503621,0.41276746985943424,0.006810635791842985,-0.1260063026251237,-0.06693370089217235,0
0.4924874312058345,-0.26709847397180914,-0.07695845983910761,0.01566839161786187,0.06657189535643711,-0.08592958767928424,0.014927446460215713,-0.025725334807040326,0.06915143852790726,0.0362195173167069,-0.04804991301391775,0.0010169787964936642,0.002542846286857321,0.007700543698842005,-0.027764317987101824,0.05158895258826121,0.004473230784581094,0.04258575430880775,-0.012320045662026751,-0.001161302142031376,1
-0.020309184007120364,0.4768948152378686,0.23426050648679606,0.09633704992813258,-0.06476490866231421,-0.06196015575831877,0.021562954214368147,-0.000543737178648915,-0.00942375825206538,0.06090978576828451,-0.040475996639418865,0.028146741844349045,0.09942961983375632,-0.19729535797239411,-0.03856735057751384,-0.022020103244622807,-0.003842518063234186,-0.2735471095394203,-0.03903347325376663,0.022563529744328962,0
-0.2944170632650742,-0.3814684605125011,0.1600630317433735,0.1542417187595147,-0.042140956810885276,-0.0323388398044837,0.16588588784033367,0.25090798333140973,-0.035675273065358455,-0.032333192354107705,0.012472713539666648,-0.029766333621682194,0.010079807632935592,0.0008833662609117923,0.04416679425096848,-0.002659598193869303,0.0015643641019865893,0.03380540820700037,-0.014762729055246934,-0.10514430212752189,1
0.12015692125381715,0.39939954927952886,0.06595290900723837,0.05078816028977848,-0.10723370368523409,-0.20955844407749044,-0.002091961596312669,0.028160764979389147,0.06098351898938156,0.024667320198535455,-0.04187313020029113,-0.03334259072994762,0.033708910482810175,-0.07534152889486122,0.05556547351538657,-0.035685547141293524,0.02160285709739574,-0.17340640712995292,0.05011480103969482,0.04758779350868068,0
0.3754555449145318,-0.04912464895815799,-0.04496266599951058,0.041977476644894235,-0.005992748461305516,-0.16883199689603065,0.004311882833810038,-0.08010686386912318,0.03567432069189492,0.0007305294022296101,-0.018751786426507135,-0.051925569232393796,0.030512663637282132,-0.013352201740795731,-0.013641821142109876,0.015201018099740416,-0.02219437162327098,-0.012656766902294411,0.015472633244040702,-0.04297712378824228,1
-0.3799751456728828,-0.33569312910549,0.18933550539859315,0.053137981680527156,-0.09238631368473128,-0.005711900398016632,0.10074802769221335,0.25055081375045646,-0.002025753458559435,-0.05322736538725039,0.023507327746673384,-0.09351703108199087,0.023276829765056267,0.019639759606799805,-0.0187264467652611,-0.06290959388064163,0.00981600195091873,0.021604971071612234,-0.02457030024014294,-0.10648252107448075,0
-0.04346638726232075,0.4310194670382479,0.21553739824149262,0.09161700747459152,-0.05521867789373018,-0.09002445299998263,0.04519270810953417,0.013502362060809889,-0.03174251517425637,0.07846637223013642,-0.05745832623409121,0.0028850575662132953,0.1018726012921432,-0.17824964354200412,-0.018173142985344424,-0.05362607967517134,0.06713335605773639,-0.20459428987482156,-0.02448867704247105,0.00549167293198107,1
0.30516311074375485,0.10207902469455478,-0.017166645104219544,0.05079649866710817,-0.04859353277051008,-0.1320405395728617,-0.019276451125541966,-0.06809351062121723,-0.005672548452557386,-0.008191206647096957,0.037224252567348716,-0.05869797052110431,0.05101601589587178,-0.04489738497975456,-0.037040439335118074,-0.017875799483059517,0.020781988518401746,-0.09856285524713512,0.04700702987131841,-0.07204609960457128,0
0.4052433699514083,-0.35944128025544925,0.05520799727351516,0.0779804044027307,0.10357719958346283,-0.058124238397454786,0.03512823842771368,-0.08632868204309008,0.024418079807816236,-0.003940087918064947,-0.0012070021372922166,-0.014754362966202717,0.020826164873088363,-0.005465621790308266,-0.036089764907933024,0.032777357139081274,-0.03222112716549443,0.049008099100867876,-0.026011864449532157,-0.023408366706266292,1
-0.42795762830994116,-0.3154633370619842,0.21141324037105097,-0.025547118402369857,-0.09791785510425788,-0.07051652102913872,0.08396153820004489,0.24460937086778659,-0.0168067214653076,-0.031396312554761635,0.009890390027521434,-0.09110236907454153,0.023552173202893455,0.012432380590555785,0.004025969962757619,-0.05331432766373497,0.0057553707624169335,-0.0012789488778102481,-0.005797522063548109,-0.057071885642457444,0
-0.3429898109693145,-0.30616305172583763,-0.018259979167157263,0.2798337140874751,-0.08024605640166312,-0.00889003680998245,0.16086022013644083,0.253340050254075,-0.010198295929110293,-0.026259745132487227,-0.019558483495694924,-0.005346019246528828,-0.016531172793247954,0.033444417478428946,0.03405592839640431,0.011967105234217235,-0.020943583815140058,0.027794607793024246,-0.007815378939626956,-0.09596688670023355,1
0.41157254736440185,-0.26171138232434454,0.03964866936555842,-0.025299648238408072,0.029266589093607343,0.03205413324989722,0.07012846251167643,-0.21850794187954004,-0.05366055470400268,-0.0836034055670559,0.08577924992995578,-0.07558633801916123,0.03516695497114334,0.01651782317943261,-0.04457914895583359,-0.05506596491326916,-0.040763271648912136,-0.013965900333547238,0.02924366083371028,-0.0697860158067787,0
0.41164098349092854,-0.3306873679293831,0.08475948000236311,0.04059547865818203,0.0954370313444351,-0.09428073305241567,0.09391391752110116,-0.1746722805139312,0.03317078961986495,-0.0362619747363013,-0.0067900581461983935,-0.04340502599026842,0.022146891152634386,0.017594078847446865,0.003415986221644543,0.025414192588164353,-0.036193858709663476,0.01387669201158209,0.0038516241719678806,-0.029062150371092905,1
-0.190229039925691,0.02776832639734723,0.27987507366440895,0.018179014877011117,-0.06461316511945539,-0.12045547543271662,0.11167767834065817,0.14593271963379725,-0.03632173530848745,0.00184805646791876,-0.008652886555575702,-0.13527584871787815,0.09019720174419925,-0.06930922199134773,-0.009751249469769982,-0.11737584236713483,0.16184007872412973,-0.05724070105509782,-0.049159780652203625,-0.054064785702069754,0
-0.30656893349266734,-0.3385699050437006,0.07021390505378484,0.2666348977064498,-0.0906505865734599,-0.05206981915675067,0.17701181841800456,0.2413740514381741,-0.05472035319759842,-0.057671578850668384,0.004999815978809336,-0.017386825980507312,-0.006382976700427917,0.019078789936479823,0.03937183223684026,0.021436850923803406,-0.004783364950146443,0.03860480083232655,-0.00863469806408132,-0.08919608783333385,1
-0.01568914506195218,0.511132913592101,0.30631406445369186,0.10881708675263552,-0.08433767153971447,-0.04096506245356425,0.06776170553774007,-0.07048498631301349,-0.03376148788279542,0.4846088235844323,0.33965477951472506,-0.22216256684531782,-0.4994925896889687,0.09209974440823582,0.018621724512680213,0.05069041319550757,-0.04169678987424002,0.054079498732569294,-0.08103969245707844,-0.02025018631445959,0
0.5652851408869027,-6.632141187975905e-05,-0.06073031022529202,0.012252403791828277,0.0013121814339124118,0.09202423643587292,-0.19867515903315255,0.1800373370744173,-0.027617484773861632,0.08109054425376276,-0.0025121583297256856,0.0886129571122182,-0.03116689486056083,-0.03933627061100136,-0.03599286412948131,-0.02695868581888935,0.10763696552972944,-0.010850718001529272,-0.02183240511925034,0.11020000808667821,1
-0.033882403044652315,0.46727699319300686,0.2623467932242524,0.08563404693363115,-0.08612479076362338,-0.04723504485138242,0.010360056643316335,-0.005906021502822294,0.018531833684711622,0.05905362984401268,-0.029679498869918164,0.0036452979735675283,0.051760188534999675,-0.16066648642883935,-0.1338130321233127,-0.0921071377732435,0.02543786961775913,0.15591741703030731,0.42808080412375554,-0.08151128305647738,0
-0.33243535492485166,0.19286131463277253,-0.28394767886694855,0.48953987336223104,-0.1310714778226093,0.22900509984777406,0.11571946550294705,0.11840619088767343,0.26795086706653437,-0.11106734996116817,-0.008354889979306477,-0.022514731832286954,-0.06541000034591479,0.13334944367198798,-0.08408572560566963,-0.07679702281418883,-0.07443983866150185,-0.10443560589248033,0.02022127812922838,0.04285296324869871,1
-0.011862831939699484,0.5010120241286733,0.3089263152639927,0.10534044199314459,-0.07884219054141552,-0.026912848475948718,0.07028613671036288,-0.07509365189312556,-0.03612156802323275,0.4637819696864265,0.3169185819524037,-0.23112840378418611,-0.5208043331395236,0.06645599245443376,0.015427694390638578,0.04822439692102907,-0.03917995473256936,0.050040054672466305,-0.07808604473976473,-0.018632911235835235,0
-0.046868920169997344,0.46061965798593496,0.2994404542396527,0.0866820709033853,-0.1185682731011079,-0.025958146571070064,-0.007032459345157393,-0.01744608840373029,0.04635887426657155,0.018393508175696942,-0.0013759444256808524,0.07496202141989707,0.011292064072651466,-0.1356072562407062,-0.10396582208999475,-0.1333570101351492,0.039308165941256704,0.34982810842697937,0.5548185063293262,-0.14313552728359447,0
-0.3330841256300762,0.034439341492850176,-0.18802338693509799,0.49494888319742947,-0.2173563218346909,0.14182821266729922,0.12724742925220792,0.16910072920082372,0.13602001260965654,-0.14978928280130333,0.008403154486832185,-0.004505302795948783,-0.07376468047122715,0.1253164109308656,-0.11372527330785048,-0.09141978172137585,-0.0514933465665592,-0.04391965393259397,0.0037336768063733062,0.012957394666318555,1
-0.010722770528455649,0.4857343003335485,0.28914599379530204,0.09624282475485448,-0.06955729978431514,-0.030545907912816493,0.07096286693641404,-0.06765596990040859,-0.021654218932924987,0.3398488605964245,0.20666762140977427,-0.19419308111432354,-0.39762236234215187,-0.005656729317216729,-0.00998791705122776,0.03862552760775092,0.008355318318269423,-0.023319058653980065,-0.05303234255911286,-0.0017344496639547864,0
-0.029187149728886808,0.48830309976271463,0.27720720672999394,0.09160023027520854,-0.08956509471327541,-0.05877996410277367,0.017986949188974012,-0.01932030809039219,0.010945156934035557,0.18784808304951062,0.1272837409819259,0.029649967592270045,0.029166959557427475,0.004076936382980228,-0.043603080398904016,-0.045878587644795146,0.016797901587590425,0.12916518284639103,0.25487599564760516,-0.06591978793268838,0
-0.43118096308582843,0.0820564418906031,-0.3166892366026637,0.3682643042654994,-0.09328698741368575,0.21621702004833068,0.06296135869557976,0.07915924320058579,0.2405972296285516,-0.05712812615463316,-0.02234847167181904,-0.025373557062478402,-0.04610772373662239,0.10248076521806944,-0.057294846287425295,-0.08657964621963836,-0.04250991231103507,-0.06465094367666091,0.016682559140193877,-0.012852021468482126,1
0.07740844575791771,0.4074160669399284,0.243953839512092,0.1206811229747896,-0.07013473061617156,0.10767093740588742,-0.0718238661192027,0.014295154565922577,-0.16212436112675188,0.03466773623700782,-0.30722414868208836,-0.012105980466026683,0.017318807187762675,-0.056643690583120035,0.14842252607329998,-0.29794213977772305,-0.1833664350950016,0.3186368713412928,-0.308370502209548,0.15600069884601042,0
-0.06712645058487489,0.4303038553774443,0.2702884188999011,0.10511322460965396,-0.13410140942826923,0.02051732480537004,-0.01932891095839849,-0.006381115063082128,0.06514604630154544,-0.06938425700365522,-0.10702235883781665,0.09262120676365233,-0.020559841228188557,-0.08442518352859878,-0.03052139931505052,-0.16757363582666887,-0.023234425867763486,0.35758418989048546,0.26522295660407685,-0.12129065487553374,0
-0.31604761081929866,0.08193758790828343,-0.2212146902160248,0.527032511303298,-0.1777124267067721,0.14000073628603568,0.14736909905734433,0.21537338857512633,0.18528919787444373,-0.11188058786443375,-0.054940275114695215,-0.019462975412913763,-0.07848647335088332,0.15275312164924643,-0.09541634506676681,-0.05216094474987392,-0.06686536913360729,-0.06089721667275797,0.014903558815111309,0.03232543900417001,1
0.03272525166761797,0.4094157395538901,0.2656978337218131,0.12346915865455477,-0.06364324275559873,0.07973114908273175,-0.04653145881658307,0.020023741576228986,-0.10351839612088887,0.0400106846940641,-0.2308335584555422,0.03253508851747571,0.021015082972875517,-0.13301199069797456,0.08750311784360297,-0.3433849472152779,-0.20430458760630177,0.3739235677169144,-0.2742229923887051,0.16691987337595243,0
0.5171759332520546,-0.18129214975782917,0.07833811822308413,0.15230171521946814,0.1388687182404172,0.08256574439608098,-0.16636403782970197,0.05887920512632624,-0.005873502091270425,0.06087963839373871,0.03447267706649555,0.1281054506106546,-0.02656241797016479,-0.05020418962764366,-0.004670422099114311,-0.018531505029895277,0.005723488920213422,-0.01731013795960825,-0.017851577455326263,0.06954698903553753,1
-0.18628212815945322,0.2836750482973101,0.11552306713603894,0.1592127466036311,-0.15616466947138635,0.12445034668496043,-0.030075449672989193,0.02286421484299295,0.1490702346620647,-0.1329067213148873,-0.14924747228349305,0.03915328005363921,-0.07303529391031087,0.13982730991057332,-0.03804786211459787,0.0656244111265601,-0.09062743894178708,-0.003573979295112143,0.0180615580698404,-0.05481076283950647,0
-0.3691751565855007,0.14796600668121856,-0.30057382888502077,0.4424230359837764,-0.10549477526681,0.24665727893948144,0.0882043974522262,0.12746242509353212,0.2814604536748877,-0.08437464001129287,-0.01351654826133649,-0.04148107272041663,-0.05160962191905477,0.12364754713111704,-0.0776768803810926,-0.0929582661549352,-0.06549146140883635,-0.09279769818895182,0.01983842001753529,0.01180375109697822,1
-0.02015410887920858,0.4693298853888995,0.23763622135220272,0.08705459811094975,-0.06394247698459563,-0.053418797275129264,0.023576455750141716,-0.008786997917125599,-0.004686181570720716,0.05832046605912408,-0.04024833141352631,0.017656613364621102,0.07150905523679209,-0.15668123868890016,-0.03542013404524692,-0.014032370922066547,0.002724110724085831,-0.19707322936948785,-0.0024687992290366315,0.033594616853066264,0
0.49080790153361575,-0.05223775732533792,-0.2047357820786422,-0.172166550199274,-0.0332271362939569,0.23959155984253108,-0.04404642360228999,0.14213518330110012,-0.06770619395965104,0.056107893603559326,0.010698283425912974,0.03796104497572575,-0.008710217784642866,-0.009284739734326412,-0.016860792841618004,0.009080189351654949,0.11596839508293927,0.0063737676132967335,0.020004138587175743,0.030652960718052878,1
-0.5023013047584545,-0.09333874309812153,-0.25280838209163053,-0.14252996278628416,0.17432478371736335,0.03896276759997031,-0.06720408078582141,-0.019917212465047077,0.05788093229296428,0.1483209621284894,-0.11067309519591609,-0.010342011358551314,0.009365878774864937,0.017024725299574637,0.004978225022818191,-0.0032882594601049632,-0.0018019198441695126,-0.010761846581268416,0.034548519157555024,-0.029424873814737514,0
-0.3506593600090811,0.21760271337038767,0.1913726189677573,-0.10222494973824447,-0.17185721989260988,-0.018962621845490264,-0.20385571993757565,-0.02519575183747638,0.17596004281788483,-0.09295696257468666,0.09291806306863142,0.13225827160311915,-0.04018267649055034,-0.0076224051402317165,0.030160208668903926,-0.06158971656750161,-0.03205224836394561,-0.10835325086526573,-0.09888916786551713,-0.1276451293016056,1
0.08065057418901123,0.3798376576295363,0.10506893984645177,0.035860536142710765,-0.11676415073259787,0.11616199815454369,-0.07290811824707069,0.04150934258018393,-0.13412522662609588,0.016938051459685317,-0.2280563566439802,-0.22065007306203682,0.14507248793432512,0.010104375751189797,-0.3014544355096338,0.42270224210899915,-0.1301712752483998,0.07292324876018699,-0.12801149029808212,-0.2856322815709541,0
0.5176671154405829,0.10340433653117591,-0.30343452914080604,-0.20227112114991327,-0.17310440429532573,0.13568666696743018,-0.099958587160198,0.1641886596844237,-0.13203415044669695,-0.006434325694460052,0.04909913202662042,-0.02702114631131865,-0.006191004737877865,0.012251351545768244,0.03189578899040641,-0.007135799568679762,0.10489874688646492,-0.039259476617718385,0.05771322132307186,0.004031523344384968,1
-0.4906813958515975,-0.1283149322635529,0.002870605037401034,-0.20428412994733136,-0.008525772985810826,0.0746352213443141,-0.14653473198776656,-0.02290587679338291,0.09738264508468497,0.034585672329690426,-0.030275626599200176,-0.02567237039341054,0.0003850661418554686,0.0273286858365156,-0.026788472607831484,-0.08583798671441403,-0.006531629434384671,-0.03491736808183101,-0.01307583131802666,-0.041544262792630134,0
-0.5229030684308547,-0.170008242756994,-0.13919017386490765,-0.19270699963273732,0.14213305701208814,-0.04216514945630215,-0.03524356341666227,0.01452630264838909,0.0068113935558376994,0.15279982861729,-0.11556699693030341,0.038341781178555266,-0.01195970819074048,0.018765064659909594,0.0378140032325903,-0.02007800528320695,-0.007543330726024832,-0.034579204810249065,0.03574570233757996,-0.042169875189050125,1
0.021959165095497845,0.4505735301528306,0.17478578686583704,0.06720932501558073,-0.08134729869454758,-0.004562639079332788,-0.007660250770383428,0.03599044915639866,-0.044038825547085735,0.0485661562528886,-0.05307875256129468,-0.05404633290327591,0.10827481592892076,-0.1383722889043693,-0.09769711969776354,0.03505100527313267,0.10212330610838687,-0.12860783523129016,-0.054072334834723734,-0.09035973975145582,0
0.45980344781118404,0.20843821780893643,-0.28340428027621933,-0.2675920859968621,-0.16312655110750743,0.1719918799461954,-0.027359958754752504,0.26900325942095615,-0.102216990473171,0.03343017114188481,0.06440824624526552,0.03670101943149078,-0.007015624829751912,-0.04764415425304596,0.03405517432968773,0.031738235499914745,0.1506376279405595,-0.028225535661338362,0.046701302578646214,0.06978597293273008,1
-0.5335101107251685,-0.1962537175405216,-0.053246338512871645,-0.2052325889640053,0.022514374184412517,0.06984653932045462,-0.12642826530819765,0.00839726675295344,0.07818699333061786,0.06918483190007527,-0.0208061369344906,-0.05580283668798625,0.024304001431405972,0.012781113791638746,-0.04919773870260186,-0.07025854611401043,-0.02923692373623772,-0.027736306336285068,-0.011724294611162254,-0.0690940884807843,0
-0.5230732228787093,-0.1672053406237754,-0.1614643840765966,-0.1618902144910039,0.14708763507505493,-0.06140082861605603,-0.011867282673840135,0.023926408442183585,-0.005514414097850758,0.16406288850816073,-0.13131965509141713,0.034192585435856404,-0.009804917384912553,0.019120102445910052,0.04160242885236553,-0.010628567661127125,0.002590062913511506,-0.030403867559010617,0.042944038628965335,-0.03630230512171139,1
0.2214071665995109,0.2801649695503533,-0.041637514093569326,-0.15714973897013834,-0.09860852438955078,0.1887795958922137,0.021425428814587793,0.09966302766186713,-0.1072834482802912,0.036559778124191596,-0.0634664787993309,-0.08432330364926169,0.0843926238205304,-0.039676463303910094,-0.11136165165961201,0.2621210104740173,-0.07851772634193359,-0.02206449103114334,0.044777473592450726,-0.028459040677638946,0
0.45376088294781824,0.18234261749437464,-0.28414115723771577,-0.25460243772245816,-0.13305181314806958,0.19888787674172104,-0.03847372686490103,0.2755149969905317,-0.09238637844314608,0.04758198511705238,0.05471158124660154,0.019014285574108083,0.008051486004325738,-0.054415339885131676,-0.0033955884244609665,0.06436682971953007,0.15994662982914717,-0.010843017386948355,0.03580580953223478,0.05879280775675494,1
-0.5171823433258113,-0.15849223339960858,0.03262735424903067,-0.24086086189470404,0.0933843143626009,-0.0025017070211506205,-0.11620831107762268,0.1267249690719574,0.10214966151244849,0.11704932187945377,-0.08639736844271549,-0.03497036667483725,0.0012269385913521494,0.03363535884211195,0.007690227515142128,-0.06216813098238733,-0.04363297451072017,-0.060044802558021575,0.023107342496756646,-0.04061782022486677,0
-0.519654371081009,-0.1418970370906252,-0.09677130601882515,-0.14738169555160943,0.1753439746300496,-0.04463793002848619,-0.022743400353158777,0.1543407705502618,0.062385251924138345,0.1826618383644832,-0.15036378632613911,-0.004849437177703024,-0.0037583434790451676,0.032719523591185275,0.0612748630279912,-0.030848095278814967,-0.020559365084525126,-0.055360842894893215,0.04965779544100805,-0.06429739930428725,1
-0.020875361445465066,0.47235945254480377,0.2347033018484124,0.0910512002884148,-0.06428050912334173,-0.05718349559339063,0.020810909563569877,-0.004959572363556977,-0.006802208971768307,0.05936327224985027,-0.03463246099862406,0.018808261099841968,0.07833143548929643,-0.16322006118376245,-0.03871838541374881,-0.017468747771730162,-0.0027291531526007894,-0.19605774088817415,-0.015103214472774122,0.024022794842262902,0
0.3969010918975871,0.18316555593337056,-0.16480682619304518,-0.07887574171486607,-0.12515771372229012,0.28196042210595373,-0.2226901874903303,0.2326095021669665,-0.24642179308888867,0.020092881652058112,0.014048798451725056,0.05370671040702389,-0.02832441714768697,0.01136720593481064,0.11494438933102197,0.05387534816066504,0.03513268648134369,-0.05548989538748886,0.06851209601276305,0.03668298650099608,1
-0.264555465982462,0.14567648128660823,0.23041641630350276,-0.17941839832881748,-0.03370812898649241,-0.029585259912023692,-0.09623458790103337,0.03554055117581522,0.10480228673044262,0.04296442407736842,-0.23624845793824711,-0.1678814882103129,0.022266437649987862,0.12521168564578078,-0.22223175227067404,0.14259525805374748,-0.08675969042049532,-0.01750251403278999,0.11250932258178183,0.26922335597094393,0
-0.539360467035376,-0.1991087285800567,-0.0798694103519299,-0.15558883983438468,0.1162240883816926,-0.06748254977713804,-0.0055989631229269796,0.1097637348953758,0.0135928516211258,0.15463524534435005,-0.11757523405836459,0.037470908938071645,-0.01583896056695963,0.017100448028927906,0.07713541412068672,-0.020557885001287506,-0.011863311214036963,-0.04070215652105702,0.03342586924215199,-0.05720604631919641,1
0.4767353151848428,-0.26785497630217164,0.1189659044220256,-0.0197011847000193,0.1563745745474869,0.19388103616580812,0.0839574304562299,-0.06148922774861463,0.028710197599491147,0.0404918217178937,1.1347082913543784e-05,0.06989375909691195,-0.010949956687858692,-0.006574776673661521,-0.0007021523482253436,0.03202547007900584,0.014330851250517633,-0.048974869301467015,0.05040385709160612,0.037316731648233986,0
0.46104243249279764,-0.2452742463483589,0.20574926509213257,-0.029296601879417128,0.16013462743234594,0.24031175490628096,0.12112600996249183,-0.12577087410487314,0.015434657975766488,0.014164940702030265,0.004424466633786157,0.047862941714323995,-0.01639783296971641,0.0077704315625769715,0.009024560543857193,0.003629354327732448,0.009459222966918287,-0.06393711357107182,0.04962111908268815,0.04603737932376486,1
-0.5170996876462873,-0.24200198105354204,0.2544121423042299,-0.24708743181193693,-0.1533705956683674,-0.0778207359045084,-0.08546013578420945,0.06482784178050453,-0.014778190544236253,-0.0868707858817352,0.09881517661035781,-0.02318598076397267,-0.004475775212593616,-0.002623470254432904,0.01573179215713471,-0.042670983293080125,-0.01655599552758319,-0.027010179234941745,-0.02037534500997636,0.012489457873522332,0
-0.558810955666474,-0.27091626593426477,-0.07606679227664906,-0.0026128924594670403,-0.07828043824255039,-0.08329529106681625,0.03882854077121686,0.04619166662650027,-0.07533264154026316,0.03523795086694011,-0.008608875133750965,0.027428316426616743,-0.0065226241475060285,-0.01594282220056837,0.06790216644743444,0.001926539272108615,0.014826470284302102,-0.006362247345913941,0.007581885318745931,-0.0157808073708803,1
0.2461407910807566,-0.3813510551789977,0.3183789984707192,0.035437392036203025,0.17203053376038652,0.21715737354236053,0.12929152856432669,-0.08603412132992877,-0.014020874644833136,-0.02369134542523563,0.06013352478112192,0.016697840122255114,0.011326858489697821,-0.01561503614676532,-0.01866317295629174,0.012413118959990555,-0.004322021089931139,-0.025394339139409267,0.030165074040053058,-0.005748034983428632,0
0.34354052988272726,-0.3390433934517553,0.26991989927363946,0.05750180055631238,0.20161035933132845,0.24504811243679522,0.08215390372441349,-0.01696097085712576,0.020521728939836118,0.03883895610056117,0.021076915076320955,0.07633007142740716,-0.002759982698952564,-0.03690759805718926,-0.03505609853078639,0.018248581659658522,0.0076407034705855414,-0.008866215428736028,0.0006507067792858548,0.03521847321291882,1
-0.518622578035435,-0.25818248494580026,0.14957874698696752,-0.23648290479781175,-0.12850630781630532,0.009406428401085689,-0.11694575978204985,-0.01979732765941365,0.011443336119047768,-0.0691241768077838,0.07308075888325635,-0.025836756625397857,-0.002807661223074891,0.010800887084322286,-0.03436105038931372,-0.04092046574889801,-0.024782670016326426,-0.008446202306602266,-0.019193584850082802,-0.0001686241303351635,0
-0.532201443232216,-0.23459726093918065,-0.16114510232320495,-0.05610749892419966,-0.030098053610207023,0.009554363109966586,-0.02697546190179245,-0.08210621302184672,-0.05321213535172422,0.0388444976958866,0.03056618369063362,0.04449903089113157,0.004351193897974571,-0.036865847735412655,0.03130566846660288,-0.006750712454616261,0.0006165963176853475,0.0022625643649580446,-0.011713365469649026,-0.04569034586059937,1
0.26945854167773997,-0.3371998632980507,0.37761918731078836,0.039627144923340796,0.2222182158323307,0.1869967077423312,0.20578672583110386,-0.09549116655731736,0.05164331066690546,0.007843299469877314,0.03402535200235976,0.045750055437034094,0.007171017994841088,-0.031826169892226475,0.0032627339771652826,0.03880968404900751,0.008750335877686264,-0.05461463506090653,0.045613769783734257,0.03678095253489285,0
0.3021782351894989,-0.3274789998509875,0.367575732206117,0.03772249248569808,0.2200636476584452,0.19794099405112459,0.18643633184621478,-0.10091582909207548,0.05195714844475274,0.010673126766359259,0.03544586561121205,0.051309440157939507,0.0017088533338375613,-0.0336766654017042,-0.005963916114671796,0.028664588808898887,0.005264252028917835,-0.048514025091708046,0.03506264904030235,0.04916507907049704,1
-0.40510799141568055,-0.2515473387483156,0.3999037710187988,-0.2815756190659195,-0.10394163871729831,-0.031014105949711775,-0.04814328206825373,0.11148882983887498,0.02506701006095317,-0.103004556300694,0.11618841494189222,-0.05370483304937832,-0.0025462836067363464,0.01209405652007517,-0.0005992815948240444,-0.03676440084608764,-0.03161738425835164,-0.035156514112730554,-0.0028369515783372135,0.03737319030409676,0
-0.4288037182051191,-0.3811726494551512,0.1884292542329558,-0.11095353315984381,-0.07676946581161874,-0.06979920785504032,0.0581897736786037,0.09731976163724654,-0.06850441998035157,-0.03787037565697259,0.05449069215743857,-0.03829986652259582,0.016116668059052798,-0.014742421143948671,0.03043403638150253,-0.005151648472190373,-0.004567787111992419,0.009874526551327706,0.0020026317371549195,-0.016216126280312694,1
0.2757274146861211,-0.33550748092536337,0.37627707377891506,0.045286494895859196,0.22494553142799772,0.1917005285506103,0.20004171260124504,-0.09142767231820016,0.052289426116193874,0.010783233443030973,0.03453060941053949,0.05053840196287822,0.006284234353616751,-0.03434019066104583,-0.00079183396445154,0.03948459797724613,0.0025842151003100996,-0.05165939046884984,0.04480409829804605,0.041078127105616376,0
0.29337691024152285,-0.3258965275330064,0.37656293545376535,0.0367298347181437,0.22328527616209184,0.19567765636369583,0.19496147201301758,-0.09605246614977808,0.0583265986369077,0.014103037090861767,0.035089647660328,0.0511873029604355,0.0030196857133475627,-0.03729973146978084,-0.008394861339603992,0.026331910200295256,0.012191770655503635,-0.047224864959704085,0.03215755438188966,0.05161475395680516,1
-0.42069578319909245,-0.24268963804681998,0.3863713227402861,-0.28492204958625067,-0.1248100036058951,-0.045519682007629986,-0.060817500089625026,0.09397150655545489,0.012155064915578611,-0.11004051512479093,0.12039509752680724,-0.06968087277344662,0.004624481825424293,0.010516126987395328,-0.017939578149072315,-0.043916574455586804,-0.020657534338031313,-0.030029109110721593,-0.009289442352135467,0.04624763781877081,0
-0.4277249472548896,-0.3792767494091524,0.19588694597535614,-0.11071625247154311,-0.05826356793075979,-0.07164917398465083,0.06719297993021972,0.1272472949612272,-0.06048225646106515,-0.020512951723144122,0.052048948357803444,-0.026937514087225483,0.015659521343688105,-0.022159043278213393,0.04400998072260788,-0.007705637920250033,-0.008870106598457193,0.00024293079322047743,0.00178770686540175,-0.029539585918311226,1
0.25025083921582303,-0.35770524853252206,0.3921525403466569,0.06761734194559069,0.20162052663389046,0.17828565244839653,0.17485408195189914,-0.1041797477543775,0.0151747169381703,-0.027093218780684335,0.05762364856384916,0.017527365891970945,0.012030661297278424,-0.0251361543680612,-0.0015755933493549227,0.027488922816813928,-0.007261639503912545,-0.043655451730706056,0.04225168297299635,0.020153259909112462,0
0.3047561361034807,-0.3342010364654263,0.36267526107501397,0.04309065093760699,0.20649211853542135,0.18964060221923332,0.17522727831412477,-0.11584714444650983,0.03795560344558108,-0.004869944085898584,0.03684515615528475,0.02584182821676368,0.004363619975825851,-0.022343287405416384,-0.011640114784270008,0.01839667396660896,0.013966186626762793,-0.04370498688115636,0.03423416455825832,0.03970340031368747,1
-0.3338782233069688,-0.2931437466585065,0.4487348576730363,-0.17352289587044262,-0.10332627886389634,-0.06419622425723437,0.039996730799480754,0.1318920777158214,-0.034669765018400335,-0.14317675133980243,0.13552472359885964,-0.07809663171029528,0.010283051066532252,-0.003816705207456949,0.025162992922099028,-0.002694860472684002,-0.007496068854298674,-0.009852659380739042,0.01001876319495925,0.06241600010611072,0
-0.3649398064125476,-0.3942205599229714,0.2534147652540324,-0.01082682242161685,-0.08727743162665097,-0.0839630978311239,0.11766293995494001,0.15207098918411008,-0.0923366737754359,-0.0820177286660469,0.08985915358413132,-0.043977233272559105,0.020813078909663846,-0.02767225308410061,0.05357040545877803,0.007521214327787261,-0.0006526879443866796,0.019880102335200982,-0.001543719758067595,-0.028467322158070466,1
0.4000641259350622,-0.1641645342147744,0.12314646628564413,0.20291634634555777,0.036860012440914476,-0.21382105093393644,-0.06957116675465876,-0.2614825892129117,-0.04428458781284666,-0.1448025065897897,0.036448406567290106,-0.1654309416759601,0.03383319036580491,0.06949935794601245,0.050704449622466695,-0.07050034343410774,-0.04809233231732592,-0.05833082828807907,0.056141525330580914,-0.08330408107813722,0
-0.48206726707370556,-0.23276173094383487,0.18739743205700746,-0.3340319508859787,-0.031749283032239894,-0.012645538465711153,-0.1267421304212112,0.028537403887200472,0.04693553833043515,0.011122176329402392,0.022029265742696213,-0.026399825178812234,0.0006100762763960216,0.014032756499345043,-0.031045414287180415,-0.05128295544133433,-0.04987841107427855,-0.035659228322292714,-0.01185375286627861,0.008450506224579364,0
-0.49064633906228644,-0.10751101342726327,-0.23445383730780522,-0.05289949414207889,0.10207978576476322,-0.19149327719393847,0.08199249267696176,-0.0765173462986204,-0.14894485002426272,0.1718619121679746,-0.15283011518125433,0.06962449436896133,-0.005019288390234051,-0.016467347609417423,0.04584627966919665,0.050890273836121915,0.05830373849928475,0.0032010381191880737,0.05634395512994618,0.05186712604161383,1
0.5885162238198737,-0.1337097556581789,-0.11585794897322631,0.028188673911134412,-0.0020836996624935046,-0.11122115287069827,-0.10371087519305436,-0.026697283991820052,0.03975102854880603,-0.009968874477279717,-0.018754122864558104,-0.047344458118960105,-0.013300174512875301,0.04763956399335733,0.025049156469270802,-0.0448766205539504,0.041471332762732856,-0.04415127561194748,0.04612188760460904,-0.0008697665850448998,0
0.5983985346223761,0.014784587733487406,-0.24976900705940902,-0.06903966714685733,-0.1117728730946001,-0.11416644969383082,-0.1572487144981951,0.10718260146713983,0.003936383565206446,0.0034794943011785427,0.014800642005271203,-0.032859807942759556,-0.022828440580029367,0.023934948792626854,0.033994216669146836,-0.028214713309757538,0.07244942813638963,-0.050808918725399804,0.0474911232166347,0.024667098086498473,1
-0.5003025451340447,-0.195991447928373,0.06294789445992656,-0.28202578291693164,-0.09621135290064636,-0.07024381366982846,-0.12474582144428703,-0.16264614953889908,-0.06714232137999863,-0.016087025969928705,0.031995418262262675,-0.007169204355566282,0.010758362814218967,-0.013805638973287097,-0.055136213476804814,-0.004322689602966777,-0.010475969517860197,-0.0009701633507701872,-0.01835362003381919,0.07767735467824564,0
-0.4422848260514639,-0.06195464430173331,-0.3157571136700305,0.27729383157731646,-0.12775427873610992,-0.12195876053492957,0.1275519872915429,-0.1535756360728245,-0.17549526320505496,0.0185246819466286,-0.03817377431146927,0.04478061010390348,-0.0032333090898943356,-0.029462896996261628,0.020498618572028327,0.09252267031683975,0.07722572339208024,0.02417965417894791,0.038836378763494765,0.1343930524393211,1
0.5793370786321373,-0.04471400608226026,-0.2121576305280766,-0.09888012184877679,-0.059536995458158444,0.09750127675820966,-0.10579082161936203,0.11939233650053216,-0.052967845093910615,0.024668017293192995,0.004274819625402248,0.016473499888077864,-0.02130706642834317,0.016759153355717885,0.02063230011366096,0.00409857456642976,0.07256395292813772,-0.023792726583513394,0.03811872476347575,0.027536003443219763,0
0.48501969601501466,0.2071699426916945,-0.3200989616811549,-0.23041940519056084,-0.20027766609482686,0.0703191956939365,-0.05877806108096262,0.23373840123140716,-0.08277012940200817,0.00145637920191995,0.06472592837736117,-0.020067790483147437,-0.0019977618224850903,-0.024274542601807603,0.03001226907831417,0.011833565256182793,0.12934762334024452,-0.035633607369795296,0.04953886473799384,0.03698031948920967,1
-0.4819413259902261,-0.2188166556515303,0.08954496829397277,-0.22901738220955814,-0.13896872740705773,-0.09481381054001671,-0.09669905021823808,-0.13557211686582785,-0.08818108970403325,-0.043464894556322735,0.03469116296748798,-0.04528551528178842,0.019402896669504555,-0.010337773175471347,-0.06907461542562293,0.001098001021579328,0.005635467722270892,0.022220280630408627,-0.008543893989679103,0.10011513199581779,0
-0.4945345720412373,-0.10399913781797412,-0.2628605399299756,0.14290061086791603,-0.0726438394046744,-0.16889803655446692,0.10172995830974971,-0.13501432355680348,-0.19297570726383434,0.07786291847462837,-0.08140127719497371,0.05946810080093114,-0.002207419038750908,-0.03490047925803463,0.05290883718882283,0.09620226697207353,0.07699726891601581,0.02078725938599586,0.04869335110756827,0.11811777820614618,1
0.5291392331469537,-0.15010821522218812,-0.06877305884707745,0.167735074529703,-0.014133357684802166,-0.09683185258433681,-0.2279444564469673,-0.08629699324610454,-0.08430868283921439,-0.08683717599549423,0.040048929159621244,-0.09123383446114346,-0.006140062470247195,0.07156195876290211,0.0276740099297396,-0.09069048320799376,-0.027616863848701656,-0.0488848738610558,0.05081847191127867,-0.056608403396342856,0
0.5920067669297855,-0.05933593451515292,-0.20499882752540424,-0.01877915477407737,-0.09313287107738785,-0.19259338698563178,-0.11978260021115866,-0.047344799038211795,0.01389369734987147,-0.054020000866000575,-8.118834148981244e-05,-0.09866833748470591,-0.01015162373351437,0.06927968195856704,0.050414021639968824,-0.05469093224556422,0.002895742052957536,-0.05342116089441568,0.05398025132414981,-0.03557084237349286,1
-0.4729109264169355,-0.2612244486418486,-0.0018132984228713754,-0.21345206423883295,0.009584886790948386,0.09061728544448847,-0.09987666718119331,0.021987741358702347,0.061583148089554805,0.0419820306806499,0.00849835130630051,-0.021187731011117632,0.010997302443971343,0.005323255485029184,-0.031972188915846335,-0.05745998004929845,-0.04199935487950925,0.0014544884121014804,-0.024633947697729926,-0.07174365426306772,0
-0.520980506856258,-0.11028128813210022,-0.31635486425634674,-0.009033857161344694,0.12596835979573115,-0.0309431123186695,0.03423488719284812,-0.035942640225611305,-0.020806235237279015,0.1405567222826274,-0.08967628763509422,0.03462139136673497,0.002136655822217819,-0.010929942441376175,0.03807720663994209,0.00747661170875118,0.02480842260241304,0.003922858751764671,0.02846044754959735,-0.012196076628752143,1
0.5586294760117393,-0.0947789018138397,-0.12318808212066261,0.08726782739086254,-0.028305448045434882,-0.1205264202342127,-0.1830705757229996,-0.014106404889240346,-0.0038876713237006,-0.03286363709965029,0.007460430329767213,-0.06533578684430968,-0.013842906789635115,0.054127932602375035,0.01814100041513549,-0.0818268860395362,0.03105525308792443,-0.04604789372537624,0.04541658937488001,-0.01698908287232128,0
0.6053982516196068,-0.055740870860613495,-0.18057391412982793,0.05471989887869591,-0.06918021301140402,-0.15359378120958656,-0.23654161164223925,0.03936972633342102,-0.01098952957143656,-0.02420731158093722,0.009241695391870837,-0.06263823762563892,-0.022089965088316375,0.049516082853169024,0.03207289010717548,-0.06386964346798746,0.030026624815422058,-0.051357081248167485,0.042767881002280995,-0.0007124380990798518,1
-0.5034166046065616,-0.19173057453298104,-0.04278690512747388,-0.27164851228418546,0.03053727570495977,0.045610212483747,-0.13617513020647434,-0.0566220675431194,0.04433425828303649,0.0657412319860979,0.005981260603817162,-0.03243861406695505,0.02495527922560402,-0.01109174533176326,-0.06520887419666452,-0.07659327416179054,-0.019162094529867443,-0.00436558951228792,-0.028758650299665643,-0.044733148853767474,0
-0.5058924199609075,-0.06543838450966821,-0.36167188457660476,0.05006347178925491,0.16450785949433247,0.00569350516237426,0.034848877783477304,0.0007365059909012426,0.02071133367106546,0.1377677271723585,-0.08995673799193737,0.029262447894983314,-0.003309421600031345,-0.0026924435881603708,0.06793683893101558,0.015379498620468196,0.023009545486755552,0.00034991822308793675,0.038415272448170834,-0.020067480851087022,1
0.42881598503911517,-0.31052219815935594,0.1713650628706359,0.19659754561321632,0.1434316356433645,0.053764786180106654,-0.07102851660283097,-0.07858570177194346,-0.042563776863212804,-0.0354097737495353,0.03157737135738447,0.023836811430662165,0.0021598816852104806,-0.0027202501658031755,-0.0037866814733966466,0.003647684854609881,-0.059444765134771795,0.015544182166879712,-0.02189428260165724,-0.021372846723534848,0
0.529493417233037,-0.18851378623212722,-0.08558166947744883,0.1385075196453668,0.07340142883828496,-0.22925199718312228,-0.11483160096390044,0.056133072047550275,0.1333161986516929,0.06970564666880051,-0.05489293254755064,0.04079280315541994,-0.01758935837165341,-0.02059334571702835,-0.014337858757062137,0.042938195744748636,0.010049112141122377,0.05061482592691079,-0.04186023315917995,0.045380991970189695,1
-0.5415317422871793,-0.2584116843520842,0.03994518413262017,-0.11335033569979773,-0.04783881394405712,-0.032557201657359106,-0.022366854937428942,0.1383770501678146,0.020026738229350444,0.03243890170288061,0.0005352355391510303,-0.02799717088057936,0.006897204412480733,0.00181575377761524,0.025315132253332588,-0.05089739763114914,-0.029530724288732105,-0.0116866970953775,-0.024196854297080312,-0.07067905486076545,0
-0.32540396111868036,0.14545059103142716,-0.2863929130971927,0.462733572945344,-0.05013295719970747,0.16035190692339743,0.12876352976890287,0.19122430814331173,0.22500026260326517,-0.04224229339141459,-0.02440841491463442,-0.005464094249002909,-0.05564308355468081,0.08832391995184971,0.0071764976152111125,-0.04644706449368605,-0.03817530928313312,-0.06611910490406629,0.021184809432495094,0.04447877878983196,1
0.40463845644722446,-0.2057437551731016,0.1965451052315739,0.08490089078383356,0.12041090836980474,0.0736173936495402,0.0658497000171692,-0.19700185531178666,-0.01218540430241131,-0.06343771322642965,0.00855762050863871,0.0058567416534570085,-0.009872144150341072,0.03645989935279,0.08641694331726538,-0.06421328952142792,0.00848758664969779,-0.052712065725323616,0.030588175062728543,-0.0168093510586629,0
0.5781620794989029,-0.10627546216156701,-0.17427520786867504,0.05429163777375803,-0.004831560023242847,-0.21249033016996874,-0.13316441061723272,0.06689120576418985,0.10380718623965206,0.0410413096077054,-0.021520983467136393,0.013390810193574685,-0.02225520986391971,-0.004940933154546466,-0.005401115801267875,0.006344663135934824,0.02785889699083137,0.01584459551815412,-0.013750399993070258,0.039683854739751605,1
-0.5209975281073133,-0.2912919360510137,0.13428331103066252,-0.17449111217418647,-0.09980536053604584,-0.0989446730115225,-0.03124494448571719,0.07588872596209795,-0.05093763991341513,-0.016625961684606894,0.03477450150736423,-0.0029280613161796103,-0.002907528761271819,-0.012865741371723015,0.0363847343659704,-0.009850495015379155,-0.014992389961999336,-0.00015056328078491988,-0.012832694414037263,0.017651105238960497,0
0.46960536169370487,-0.16568917858349688,0.014176347107743176,0.10829794178588041,0.0781621772839921,0.23450443593469866,-0.15790501722463587,0.13748145336537118,-0.05789423784023309,0.05839146771820807,-0.013933998607082722,0.07313583396050419,-0.013984136281439153,-0.022238306849982674,-0.0870869282309322,-0.020971791546741062,0.056830673872057584,0.06561135718496745,-0.07084990177070005,0.027201233237343844,0
-0.413219018499922,-0.1498196792897205,-0.13909237525169565,0.38676644427168455,-0.18653764740772796,-0.13967459395641946,0.20569618835746,0.121342150685612,-0.13775187427287444,-0.04753549800267056,-0.021927072804005084,0.023258350663795682,-0.025812994437071548,0.0093890993271321,0.0578383672823657,0.07788709839445482,0.031442039185788334,0.018098792038653024,0.02079517606539268,0.06837232608357938,1
0.07195279215666718,0.19064009749645258,0.296571288131664,0.0479320532442204,8.18973988454714e-05,0.04405690590454439,0.12050754616309654,-0.11270056454079384,0.027829802773257424,-0.023390371511695277,-0.2558793452162431,-0.1956137365516558,0.029848529593373436,0.13202004716897142,-0.0029704542409499917,-0.12824970668659966,0.5707743140543141,0.04832101776900622,-0.1919824476942612,-0.10639423335366612,0
0.30028921584340956,0.15474643850108563,0.1409872330228378,0.21689230968346784,0.025727910151838285,0.11305164040124821,-0.3089142630024773,0.1326008650584404,-0.15122820315228427,0.04389506983021885,0.052342930754446085,0.09050436293041077,0.0022583452737503277,-0.0936840821291393,-0.13296544983165293,-0.12524695661504662,0.0071585834062275425,0.021755556723021985,-0.12140266881200251,0.05569778550711333,1
-0.4283758816174656,-0.249367182936531,0.2518495237251878,-0.036602491072088274,-0.20396766270982064,-0.2117060582739373,0.065321111425934,0.09071124547852549,-0.18643204407092617,-0.13612898205394408,0.10602041606075627,-0.05665659562452152,0.021785678468165773,-0.03916043853880196,0.06373096287034186,0.057401412954131155,0.01761137705917008,0.02610787405935082,-0.0017763657179799349,0.09549547419037215,0
-0.345682833783509,-0.055656879426295894,-0.11805581966267076,0.4436848018721232,-0.2181714753091487,-0.16866104326655615,0.21381741489093778,0.07733443976832875,-0.18020742145189744,-0.08975855270375784,-0.005310641822267462,0.052372984561930944,-0.03660549274072871,0.001288156694681569,0.06515085880329684,0.12929982569371043,0.023489930549502755,0.023579572538408217,0.022058687531462208,0.10311918239003039,1
0.34986298611143213,-0.2666574284836965,0.23649058864482989,0.3128032832989189,0.14412501555507987,-0.07333603201372342,-0.08693531643338419,-0.07298514624299292,-0.02143459567187425,-0.06425201924988137,0.058597732330631244,-0.014866938870004079,0.017585655640564298,-0.021815108490473908,-0.013174414355245767,-0.05634462616054582,-0.024944666915911413,0.01757175951505859,-0.03401938000481381,-0.020217948830228465,0
0.48087762253552574,-0.2497512561187883,-0.010727929657244496,0.2370190794707302,0.06094851089963998,-0.15477223902968096,-0.1780984803572921,-0.029608876555691194,0.004199199479744353,-0.026054181943376553,0.0009394185119283991,-0.03344249854325019,-0.0024911061482360696,0.019137398803714505,-0.02156380068050417,-0.020976939970038307,-0.025057864639309303,0.037000600936687354,-0.027279639069911626,-0.018285661915911904,1
-0.4424328158081614,-0.3432078831491419,0.14161479485514872,-0.06346816222202199,-0.15370538013418916,-0.07755766476137363,0.03021128194919586,0.0233228106578979,-0.11963777528540932,-0.10244357347528296,0.10655391716149262,-0.038696220252038345,0.019932402961515036,-0.026425644222443614,0.0106444452417606,-0.0008807893674332447,-0.00961320921625792,0.04040890151583605,-0.03281887514815411,-0.013320377616811036,0
-0.42937598113602765,-0.11428966297991477,-0.25065476963285677,0.3928620565188521,-0.14372313676085946,-0.10093831563577045,0.196057602743138,0.06958337710802022,-0.09689590576015426,-0.009620728340449023,-0.05634101644377671,0.0444936887351768,-0.03599748523269503,0.02213591924482672,0.05404555394750212,0.08654189190649868,0.025585076561368325,0.01578095474807185,0.03387061603050388,0.07531599219110652,1
0.1550558163759749,0.04926072935644842,0.35058632408245594,-0.035047608620824275,0.03016648787753868,0.3025086802950084,0.15530509819011495,-0.21434681493809454,-0.06884709046178808,-0.06569653698533935,-0.17990316482427773,-0.08449337513423015,-0.0641536172422209,0.16223828650129427,0.08782743332925541,0.07629598599025667,0.003811631483612172,-0.005516330318724736,0.09973547518734305,0.029170755078909073,0
0.4353513303625509,-0.2587696159508692,-0.0141322597716839,0.04652533309877114,0.05720697201319174,0.24331680522294882,-0.10487471876992772,0.04326853060590668,-0.08938996450394641,0.01241298253614462,0.012853428695929203,0.03126515103428283,-0.006093287990902227,0.0065171613625861526,-0.05543952813841225,-0.01503748245471485,0.002992142935788348,0.0474014747433415,-0.0293001639601729,-0.01750138606212688,1
-0.41964151751986173,-0.14470557764942188,-0.025625152563364065,-0.3215200267484943,-0.02925581967360435,0.09828119672094303,-0.18101434628328011,-0.21303798487817305,0.0104189423939436,0.0031413738374810127,0.03574911474223105,-0.0249593776473921,0.022068787880471154,-0.006587246274779567,-0.113240836054337,-0.030530838558613767,-0.043234872246055725,0.015449767793192641,-0.02288159788601333,0.021313490960506474,0
-0.40089966910786096,-0.0041536932095980516,-0.3354306385598288,-0.09575799551379473,0.023535544973853215,0.1944159223481581,-0.12512494056227844,-0.2652317127562266,0.011399414116045226,0.016282541770159503,0.06548688628642628,-0.007493808215374464,0.043087108751087906,-0.05263889119533445,-0.06962984120351687,-0.003010038490129834,-0.004537852900109523,0.042371109006774724,-0.027281403124996745,-0.03610254248599799,1
0.40091512888408243,0.003001808118028653,-0.09296408952518692,-0.3457255097684766,-0.06564660656128493,0.1856407224516289,0.2806580640121979,-0.15194809402377166,-0.010460627642159754,-0.033232090761496864,0.013741164241885479,-0.022087247010049358,0.01555865486760645,0.024226450887488614,-0.04576730303490484,-0.0135206598627642,-0.011535431517747172,-0.009979830651887582,0.01501187244266396,-0.03879301013566129,0
0.47238387490451117,0.05819037955093903,-0.27781782055687454,-0.2447361904586519,-0.12160771394034599,0.27368435629819543,-0.022945884919839343,0.130828300136847,-0.14057806924658303,0.0028185291692683005,0.06370634587768367,0.026162245677413924,0.00036055151552143465,-0.01493135371561539,0.00012130493120301128,0.016458898608004296,0.04639909354040584,0.017855035640290146,0.01627870927437416,-0.0035725586344516973,1
-0.2692755931366932,0.09677744799579349,0.2701639593195272,-0.26703210787125553,-0.09210436072757108,-0.019466004065225362,-0.14634289243005943,-0.08202817515814657,0.05900180769405659,-0.02164647899892554,-0.10525989662901292,-0.1454661554345941,0.019773652294309354,0.07980408079993018,-0.23202539023532787,0.13187208667250422,-0.10477950403737932,-0.013434761040284706,0.09908310160151357,0.3329806432204248,0
-0.5675580815356032,-0.06242898101073202,-0.2865511112314378,-0.07641185761453291,0.06335325130784356,0.0824382869920107,-0.11516447192762583,-0.14447273356600787,0.06256127939819041,0.0786117954978339,-0.028087387912299443,0.005702530163863561,0.010323053517233099,-0.012148360323108107,-0.009059497946372994,-0.01928660403251488,0.002110569078485253,-0.005473990927954101,0.0035646586898457765,0.0016422357623224605,1
0.4231538581485911,-0.05617382387433934,-0.20488688011081693,-0.18157306869646686,-0.10297047036537052,0.28043688378778986,-0.01912584639311291,-0.049221633584325436,-0.17289835080334512,-0.05316478809472346,0.05483400959148916,-0.034203563994579876,0.012931525055350704,0.03558204206275308,-0.017484733350663792,-0.015570114428533732,-0.010710829813095055,0.016197427675545946,0.02302096962861776,-0.07689796486315659,0
0.45130298006558556,0.018946785732148846,-0.20298698637443077,-0.050070956310901096,-0.10976495109574755,0.3012461489228169,-0.2233737036886298,0.14470115698840988,-0.23071428761035268,-0.011463324861414376,0.07161188815974287,0.020396694548780424,-0.005974207577352156,-0.0016009984790177779,-0.021948071795162137,-0.02798685831263122,0.0198669484584206,0.022077247378987086,-0.00843670034512199,-0.02266661395180275,1
-0.4605513826404006,-0.12782830493625133,0.0502884372813254,-0.2910695088401516,-0.059650693500356955,0.10477242867688964,-0.22964112793646863,-0.11436694040374419,0.10107177774703026,-0.02649358731002974,-0.016134738767358187,-0.028758425199223336,-0.014646408039458431,0.047903627301118135,-0.09432402668730895,-0.013296464981293244,-0.036747275833766996,0.018659013137870814,-0.005407550437187444,0.05153386298800758,0
-0.5313714873514669,-0.056313373396547864,-0.349956421162041,0.16614522005101404,-0.06782971212130602,0.13806784765466373,-0.029955445961560488,-0.12265769391472985,0.07120274331688313,-0.004594616775538195,0.007356743536155749,0.023785948701845666,-0.015342586304560897,0.013092314326216874,-0.018516757378907758,-0.015050431855654576,0.0024399562196514677,-0.005085353188148932,-6.692015344970988e-05,0.003329504349358449,1
0.4119293840703402,-0.2323523529055086,0.08494963693889702,-0.05312572579896286,0.07794628168817126,0.344787126523624,0.031088267761877085,-0.07447591495074225,-0.09784539966447083,-0.014684764009779933,0.01877445370795789,0.031958673090793366,-0.011261704030936624,0.02855298889670264,-0.006236196043890882,-0.02945386079008317,-0.007957482978570204,-0.003796178130334797,0.023474696738411887,-0.02309845571344043,0
0.4506356103855212,-0.19611901826829434,-0.08244730777696752,0.14254635625643292,0.032681433472805915,0.1909548600934505,-0.23757396834661382,0.1403721842175595,-0.10558525773321888,0.028609305204354746,0.023109515724750583,0.048443647748966784,-0.016394463895581617,-0.004420389248770452,-0.06245632658320454,-0.011318792039607135,0.017445037597748177,0.04523700601481703,-0.03541008906673226,0.002537310466519768,1
-0.05479472473663162,0.3475759976328619,0.23584300965637184,0.07613796452848588,-0.0913018061410878,0.08961596436583291,-0.06625804215009025,-0.016474881168062835,-0.012386070965235852,-0.048593741394514736,-0.01803833016093696,0.10168347074577584,-0.007396302823401078,-0.06967154932796304,0.062199953320690365,-0.0479540924854086,-0.07890270020037737,-0.025538831287651293,-0.07444536756904045,-0.129662836178364,0
-0.26920470816178543,0.14881970903049685,-0.19343322891085765,0.30644474853980885,-0.10604095295383806,0.15360004191941026,0.021449785298224184,-0.0055346495281916016,0.07954087281620388,-0.05204114700315961,0.06692443818815956,-0.03343775177819414,0.018737726190773456,-0.01195337186403602,-0.09800902851998772,-0.04919337627717317,-0.007826634035302957,-0.03549388012134539,-0.02170055031381625,0.006995414059014277,1
0.05811771700292031,0.2336521552116087,0.33884975489148567,-0.01378993041589674,-0.034201149151648125,0.16273039992903515,0.1359507183559655,-0.18745008508169,-0.015404101614387227,-0.044851961838168,-0.3141052369631169,-0.22917718392185382,-0.03814089307840781,0.21419961628137651,0.021587435680369218,-0.04916617542275409,0.4248509094546898,0.08288117506554774,-0.06582033576596237,-0.03489757896077369,0
0.4581812838502139,-0.11550955462951654,-0.1688187311523135,0.04052801779100192,-0.01767512439640499,0.24337864542410464,-0.2187278173747444,0.17728936666608947,-0.12727057529701222,0.039050368560375366,0.025312600348200622,0.05190326353663995,-0.014601154885015037,-0.01023307698099789,-0.05305502171796067,0.0019221570373152803,0.030555357976526216,0.0556082401017182,-0.036096104690978285,0.006853739953358086,1
-0.15104635664480925,0.37350153397693037,0.2944299428113552,-0.05333294731253634,-0.1567731529241461,-0.04571463362321382,-0.16225603159680957,-0.0845659489349449,0.1287406246071273,-0.10401583142456695,0.03768319052713754,0.16882681184070653,-0.06330726357098639,-0.026379782654203994,-0.02412193806253444,0.1215478126482253,0.08292233394744115,0.0498213888548784,0.07410154857835877,0.09814852200240394,0
-0.4837584519170198,-0.05905660561669384,-0.38784427873015564,0.2669836861586748,-0.048621076523951166,0.11654456039410521,0.030856930519960742,-0.043370945090055436,0.0557170252438195,0.008227085548201181,-0.01020557541016321,0.028992115069045452,-0.02394896588979756,0.02111884692219388,0.011811942268565225,0.006761795712199559,0.00970525184855451,-0.0058860286335694215,0.011471955893942409,0.00965864350786521,1
0.28589840762931057,-0.387413721098604,0.2871560602109489,0.12844012372986208,0.21106988604953583,0.10773787653105876,0.08213272506424561,0.005834231328394352,0.04039435058855878,0.03210157892449946,0.056562201956785,0.06408139389598534,0.023497197590234106,-0.07222310576943279,-0.0524539066207344,0.020720198406762202,-0.02305784486123357,0.01328184236557586,-0.023053340573641924,0.011318983013064667,0
0.3759440647235119,-0.3125979613701193,0.035308317263729114,0.14357544719968346,0.15659779223160317,-0.19077497403237992,0.026314502577974342,0.04057640026642349,0.13277357637784643,0.09926765911137964,-0.07407849697647895,0.06617591299313907,0.002882248499140653,-0.047285529831433276,-0.01309524421148026,0.09807741093481141,-0.0107903203422008,0.06980212781429757,-0.04225881257291436,0.033572098850967375,1
-0.5169085656078998,-0.16766567793071604,-0.19929623763505142,-0.12316322252169326,0.07518758848605618,0.06196878459276028,-0.08579493448666581,-0.04700371838968133,0.03279553218292776,0.08585412520075396,0.0017652411839587847,0.011379867631676492,0.01712767008516651,-0.028190038479876642,0.013080470859612614,-0.029290969739692602,-0.025977835379500776,0.007867139379749765,-0.022268628177884487,-0.07286155371152153,0
-0.49750171430848783,-0.021508351392438726,-0.2935448418771886,-0.055242715387664384,0.24479708789902482,-0.12252615560561098,0.041411299153466204,-0.006039444218172327,-0.06263474818786334,0.18281455384488335,-0.15840397030898773,0.07202044499092787,-0.01846208742568799,0.002362423781975022,0.07479970156130122,0.049385371322148,0.02655358647090844,0.0003873022774636253,0.05714540088059805,0.011579622104187746,1
0.32032347314127213,-0.3683004509164995,0.08872253762488157,0.07491380056091029,0.15695809860317303,-0.09218409233306156,0.12129769723301599,-0.03343437508033356,0.08394238262909615,0.05577471680027838,-0.04146986609015137,0.03244137705974878,0.01788055740923717,-0.029854009450891263,-0.005760473020716321,0.0768806760166039,0.002547185369718792,0.04160929325126706,-0.008372631814958946,-0.0020121905472015754,0
0.477396649011425,-0.19550862478377695,-0.06349729519252448,0.11667891220000699,0.10145971920816638,-0.25727545195327134,-0.039675669880252125,0.0629996267252668,0.17402293465227148,0.1046012936136628,-0.09288542497530014,0.04917773827018128,-0.00763334696686436,-0.03509829147297922,-0.022512818524310127,0.08905896548659788,0.012055481124816272,0.06147276923028642,-0.04460046503243453,0.050915852604891725,1
-0.4872532317313752,-0.2836999776482095,0.010528811251234869,-0.1784825493861545,0.03911656591855555,0.030968316351656398,-0.05325819442777534,0.0945656209634863,0.04861324548477102,0.07324997222268148,-0.018749613456076432,-0.00150585969696215,0.0034019226424810266,0.0014779305242255626,0.019728660025971796,-0.035487771255638755,-0.04317609190212926,-0.007368019351306532,-0.010402407034836584,-0.0728273579070298,0
-0.48281082036864353,-0.13838742731225193,-0.16432903344668112,-0.0955735881434731,0.16306388158856044,-0.1976009810474649,0.07966709128625495,0.03967935494752514,-0.107434549253739,0.19687874900218152,-0.17561068896754398,0.07778418799883637,-0.016277478852349293,-0.0031340591619075323,0.07840420937413926,0.0468139878371878,0.029288592192295324,-0.011091176070093606,0.057959210247439316,0.013460517698337292,1
0.3583382537890993,-0.3688586097970867,0.19743226321276053,0.048512469091938626,0.17100770322628192,0.14221209092435858,0.09492435660152333,-0.07050012374742252,0.02036900499541644,0.010036097317021151,0.04068093209788669,0.03809058620096366,0.014394613859916621,-0.029636496735687804,-0.039826385258485975,-0.005024075919643678,-0.009327862171310751,0.00437438976111334,-0.002145493292255391,-0.0016134218642047385,0
0.4384340116282263,-0.23504103133467014,0.062228961476689305,0.2352270600770599,0.1603846997626854,-0.0629454749237321,-0.14634759996775182,0.13454568840450942,0.09071007609156868,0.10680894504372514,-0.03154381381243059,0.13095058439636711,-0.021745760847142175,-0.06748550720502156,-0.030539010288118187,0.054133782274554725,-0.028530471952266358,0.06229958823496413,-0.06617508740681108,0.07262902984147819,1
-0.28034924748082657,0.15047196467254162,0.38836607774196397,-0.17821808098150163,-0.19290594714725298,-0.047992954538880965,-0.18807115712985667,0.007634413693335385,0.16820427144830558,-0.23552675554064775,-0.037855087914852224,0.1287668183432187,-0.15489098589935651,0.10903148350447409,0.07052961990121896,0.16178908276992074,0.1234298702019106,0.09183318352699144,0.041966755881109645,0.21090890226114944,0
-0.42678141876424963,-0.3523782192817702,0.21903243512945456,-0.12920048003029644,-0.015280618052650538,-0.04624087155924222,0.05146003645144431,0.22226807844500515,0.009689460085921838,0.018389108390566216,0.017935643592550593,-0.03551493371739269,0.014334692886673817,-0.006956907633929104,0.04217972128565704,-0.03730550134327221,-0.03300795155852178,-0.013641627628128476,-0.01131058513485934,-0.06900221279343279,1
0.4197236458407923,-0.34085867077481885,0.12330452407283739,0.19046448972285704,0.15729137782954794,0.02732809770457951,-0.05548621652350155,0.006920446922759457,0.020019438282081966,0.02287412385314973,0.030274475272266635,0.04769995562721772,0.01041777922098155,-0.04151637189298068,-0.06354119565954873,-0.0006814627598078226,-0.01723547176870777,0.04939086051622867,-0.0494469962361448,-0.0010562142341793833,0
0.44241542525452676,-0.20238613376310213,-0.06831904729297957,0.22570715593895713,0.0913343423046721,-0.23601036054985952,-0.1485173909551279,0.11291237531913326,0.11900102787695123,0.0935821085827272,-0.0678762189824641,0.05227725704922029,-0.012857379825512464,-0.03728562532530995,-0.03864781886794244,0.07493216642888136,-0.002870155277945319,0.08560038319722234,-0.0684607318469455,0.04312483710656327,1
-0.3076518340916297,0.0730025947251028,0.4030847186943044,-0.21193713147659782,-0.18765755759497674,-0.06209234483172236,-0.16434299467516025,0.031194899434265396,0.1351871882930418,-0.2143023498413391,-0.06575427366617886,0.007848392371403676,-0.11558731061799377,0.14640978323030654,-0.009110989218239761,0.14167638103401958,0.093463377818382,0.06539588408188059,0.06533677931409655,0.30452790564009496,0
-0.40189815357686326,-0.3668161368082855,0.2757608063737338,-0.1427047483256098,-0.05759615723658417,-0.04949426052739432,0.049552095326261925,0.16649356170611893,-0.02428569913906062,-0.04186015402454009,0.07285756233536907,-0.05030158080927957,0.020820776108769305,-0.014984202769215926,0.02744305032238955,-0.03382665621091782,-0.029995745229909093,-0.005061864460699059,-0.016529799382729436,-0.043716477900217446,1
0.3990831531238204,-0.3328036968807153,0.20475841358994226,0.09439131932282294,0.20145619481072993,0.10094192038211391,0.08445912756188183,-0.050980556516056694,0.06339346460030515,0.03688195386489793,-0.008811952496483656,0.06765243796285059,0.0016932905987398197,-0.024074703897289818,-0.003527521655328315,0.0337376501506811,-0.012601136355493538,-0.013464977191083628,0.01597395598426743,0.0283387755496644,0
0.35995813546582167,-0.3088758759294193,0.129166221000565,0.21254834181138949,0.1914753888889107,-0.1560696450701707,0.010747206067373177,0.0763614611584031,0.14629059472573844,0.10538036482225613,-0.06171339660299095,0.07633145580301037,0.008817136086219386,-0.06927328919276432,-0.03592872140842361,0.08123476169665177,0.010160064580333604,0.06330796974469545,-0.05525601755597714,0.04595706775780796,1
-0.43361879418842325,-0.35431817945370064,0.06707395468623685,-0.09295793431053849,-0.0036329817776270482,0.012489625542276981,0.01614242926545914,0.14108914394263633,0.012932570922856644,0.040255750039592156,0.0039029763158470333,-0.023395770496535684,0.013678089079759308,-0.005084116745167367,0.013362230363346049,-0.031411544085841785,-0.02987461122816947,0.008591052619586913,-0.01189448853048649,-0.07769352589997355,0
-0.4922646381206656,-0.17634385991098184,-0.11929334655414696,-0.11571622162057375,0.06060218917865681,-0.2078022213079193,0.06155414456956691,-0.05879565005504256,-0.16065048522328707,0.1397240211591805,-0.11778994475916196,0.09031020429447244,-0.013823043550980811,-0.023287242059296973,0.08113572966591344,0.06320248537292505,0.03237731971750806,0.0009735174610756278,0.04083855126106408,0.03938405432478337,1
