0,active_hand
-5.192308811211295,1
3.822875365150154,0
-5.393328719590659,1
3.848509361645063,0
-5.224425361000714,1
3.97326230686149,0
-5.133435390965336,1
3.9767778347469944,0
-5.132780741617783,1
3.9830798453397094,0
-5.4702012146131755,1
4.008670934138679,0
-5.662045010797789,1
4.123897417064609,0
-5.520522895155419,1
4.0313687570416,0
-5.435197672446182,1
4.159052507736596,0
-5.641247504467461,1
4.258595563661712,0
-5.5818153468834435,1
4.254879845907076,0
4.075587386679664,0
-5.647167763660146,1
4.563398658331319,0
-7.201269312997902,1
4.571554445030479,0
-7.177229454927953,1
4.498790286514799,0
-7.025988662108593,1
4.454721928153039,0
-6.686216303392968,1
4.078376344339014,0
-6.666603587250803,1
4.377991049377292,0
-6.320864440048982,1
4.2995577079999645,0
-6.194014951262069,1
4.249952198055492,0
-6.48868697785617,1
4.240133464022826,0
-6.486861319601063,1
4.170487808932331,0
-6.2591588100007325,1
3.984178154900173,0
-6.1043251153156195,1
4.080287822500901,0
-5.949405733652715,1
-1.1412071135309607,0
1.7185897743699665,1
0.6488470023277988,1
2.279390241893179,0
0.28991342290414795,1
2.4681758392697977,0
-0.19781468564983795,1
2.59987717196854,0
-1.8087749269575584,1
2.912210770212481,0
-2.499549403326051,1
2.6336357584886496,0
-3.157587067466714,1
2.802736585868248,0
-3.376250878556147,1
3.1436008717576156,0
-3.751263039769369,1
2.9073814366804673,0
-3.9884681771702892,1
2.8905225426501224,0
-3.947656494353022,1
2.7240560058903407,0
-4.048066684222457,1
2.6504723095908793,0
-4.6113917574408285,1
2.8026543469818854,0
-5.178435194572488,1
2.9110872752993897,0
-5.164673765404669,1
2.8054422076041177,0
-6.462355481544976,1
2.482417700306681,0
-6.7923347592700996,1
2.49987797892311,0
-7.25202314898165,1
2.5946356314922,0
-7.192398610823618,1
2.469996582523589,0
-7.5189753740089005,1
2.3803278572792035,0
-8.23377569304078,1
2.2868684325624637,0
-7.708648964556025,1
2.4777601148198363,0
-8.281229385377852,1
2.418140075631236,0
-7.825353123798033,1
2.666863626748412,0
5.730987014170116,0
-5.603273543755995,1
-5.5271864230456975,1
5.841894994004564,0
-5.6159054681953915,1
5.937528943656041,0
-5.498204000320302,1
5.941389727603855,0
-5.279293628522132,1
5.6231890709538535,0
-5.426334108733538,1
5.616288960555233,0
-5.194276270426395,1
5.368252382526402,0
-5.489318750586309,1
6.03601624768134,0
-5.134368034811247,1
5.949905601804638,0
-4.916783337462378,1
5.897422450835491,0
-5.066781002591179,1
5.467968660111419,0
-4.990002750766199,1
5.485322898196685,0
-7.955839564924122,1
4.869482244850426,0
-7.841397421336288,1
4.641751572971596,0
-7.114492913284529,1
4.530477191535746,0
-6.791287010252268,1
4.864616161711582,0
-6.6350472499170134,1
4.737638590381403,0
-6.059583501011444,1
5.06976234847061,0
5.124072546428048,0
-5.376899243423191,1
4.806004042408486,0
-5.668052075183741,1
4.348388674434731,0
-5.440177950749761,1
4.883480510882323,0
-5.69005508356044,1
-5.968200549611592,1
5.029382455421823,0
-6.094443354129077,1
5.170528832032798,0
0.8133708085830784,1
2.1094417837638577,0
-0.2687532261537509,1
2.636910597079775,0
-1.2171457025371644,1
2.509582418021382,0
-2.726311140681255,1
2.8502125046705444,0
-3.032587639895584,1
1.8933924304154157,0
-4.168541104767329,1
2.451885896317872,0
-4.599100053085914,1
2.6798786092318694,0
-4.961185891521595,1
2.4641250878275183,0
-4.742064328440593,1
2.2325522890869407,0
-4.474256996644636,1
2.684322941136808,0
-4.6126633927679235,1
2.828246834233275,0
-4.452461852172447,1
2.566802767428034,0
-6.7741835827240875,1
2.14817327549086,0
-6.790331931857749,1
2.085234862993145,0
-6.173557023016119,1
2.3769203826057406,0
-6.184055859640335,1
2.105070905940493,0
-6.972139221056397,1
1.924308937241638,0
-6.523180106744793,1
1.952177794887402,0
-6.625534110580963,1
1.9775272960572647,0
-6.3892700227232915,1
2.1525587624291216,0
-6.646254898904261,1
2.0842940901383726,0
-6.507751542765465,1
1.9082700073646186,0
-6.4412073615913625,1
2.0338775302188994,0
-7.042809234547174,1
2.2672323103004066,0
-5.571197564479243,1
6.149512427383907,0
6.176516432487436,0
-5.667575407557319,1
6.160154568862968,0
-5.531334065555607,1
6.141406638425685,0
-5.3288445627833605,1
6.146466653667608,0
-5.198341346928327,1
5.943280812252561,0
-5.272065459081246,1
5.981126650394523,0
-4.800823342640797,1
5.886859085684545,0
-4.684525599063371,1
6.189610071109572,0
-4.831784977153059,1
6.484517062013694,0
-5.003950414113909,1
6.205773608460001,0
-5.300690049265161,1
6.207312466393273,0
-4.90200743198869,1
-6.4716991496901395,1
6.615845350775476,0
-6.734245514313479,1
6.5213506555180105,0
-7.192835582196766,1
6.777222832484306,0
-7.352960626758779,1
6.568471711249141,0
-7.472497258662444,1
6.535772477622247,0
-7.155468309941262,1
6.349220830411008,0
-7.279811057085476,1
6.36796605622888,0
-6.880502288184879,1
6.274353653748213,0
-6.736183264916072,1
6.480212419538448,0
-6.738534524305814,1
6.437500978726208,0
-6.493609715455038,1
6.405395435526673,0
-6.318545087675498,1
6.3011219168259665,0
-3.6049258356338814,1
-3.700812142301968,1
-3.894103938625993,1
-3.945104527335797,1
-3.792649459243302,1
-3.849949204351982,1
-4.077042541428123,1
-3.6428820771338923,1
-3.5853485551082986,1
-3.1925522836315605,1
-2.95843914325247,1
-2.8495639513857354,1
-5.6364710103156455,1
-4.951440314588723,1
-5.183375775051304,1
-5.696023485601206,1
-6.793766622668054,1
-7.1710513902869835,1
-8.96953701348718,1
-9.205297559229308,1
-9.313491493820166,1
-9.469827669528247,1
-8.723451326569293,1
-8.34861767916017,1
5.71610921705913,0
-5.5611435610346,1
5.845292277738614,0
-5.54517466926137,1
5.861701472114859,0
-5.5962560538539545,1
5.8128237917944094,0
-5.668933698026658,1
5.880397597125949,0
-5.732175099134033,1
5.894050650611464,0
-5.504314195771408,1
5.9302652167247505,0
-5.66368444710328,1
5.785162913282975,0
-5.601847431813543,1
-5.656339218331387,1
5.79639614096564,0
-5.477128058139864,1
5.7789627154977685,0
-5.655641671748795,1
5.804517379265512,0
-5.653407778768714,1
5.755151404908963,0
-6.984005113699496,1
5.876723624945589,0
-7.039827238764694,1
5.876046804448783,0
-7.319111003665068,1
5.736449419917424,0
-7.72436257051728,1
5.746054612276093,0
5.673613901512791,0
-7.897577280571144,1
5.777324018109503,0
-7.8329760626455895,1
-7.8017270891612505,1
5.772894270227292,0
-7.5659713275115585,1
5.864888557195935,0
-7.316470804229958,1
5.800839998852492,0
-6.810934939005843,1
5.734565700584277,0
-6.766243536392998,1
5.792619638418662,0
-6.635021775746724,1
5.791178270949463,0
-3.7121182787197853,1
2.8137671655603933,0
-3.6178610386719434,1
3.061676978692312,0
-3.766859818487483,1
3.066596068646054,0
-3.6377881216794004,1
2.8237565822265016,0
-3.5763699455209434,1
2.3824610332805487,0
-3.4139866799886547,1
2.8087628833638587,0
-3.0702251715518276,1
2.496617607316801,0
-3.0695689700217264,1
2.3232880186981313,0
-2.8487794401768287,1
2.4188316604477618,0
-2.910155768525495,1
2.2269392581882705,0
-2.833554016571276,1
2.6671736442566636,0
-3.096633399517535,1
2.3643589443488677,0
-3.462571266688557,1
2.422178293780568,0
-5.363531193780329,1
2.6699329007094175,0
-6.043358009841974,1
2.586408134263542,0
-6.724022481136485,1
2.5289944919456593,0
-6.528829977233879,1
2.3730180587636913,0
-6.821561494915964,1
2.722246160193582,0
-7.425844843186608,1
2.626086057497137,0
-6.306067365879441,1
2.686886470074289,0
-6.722610649369746,1
2.148933686935371,0
-6.08683527497286,1
2.1007287615306423,0
-6.204425899305395,1
2.2145861522231587,0
-6.598764986278577,1
2.6155753090985234,0
-4.368851972652988,1
2.0919679484899936,0
-5.157272007732885,1
2.4215684497682894,0
-5.67493764997526,1
2.5416689550403198,0
-5.796521826124904,1
3.0787952308993813,0
-6.2441048797122995,1
3.06705934237193,0
-6.379581303200213,1
2.959004271352983,0
-6.300990247195203,1
2.894230155647713,0
-6.273822849557789,1
3.0275362525114042,0
-6.454073142890536,1
3.039826283238087,0
-6.443902813935017,1
2.591210984565744,0
-6.16697949879624,1
2.6945189077047207,0
-6.123859128661637,1
2.567644603250893,0
-7.435521322663896,1
3.2175337852264625,0
-7.6497573710315265,1
3.164197595485071,0
-8.056500452136877,1
2.506054096935146,0
-7.854057340107696,1
2.680679433074829,0
-8.084269417807015,1
2.1715770176322793,0
-8.006115442515334,1
2.3180425203259145,0
-7.641380265850975,1
2.202953105290203,0
-7.315964454447747,1
3.3385378158254713,0
-7.425487328405729,1
3.026513139892404,0
-7.133913700993499,1
3.136908889799435,0
-6.924848467182857,1
2.601146068027535,0
-6.8609298054000725,1
2.9617461413472084,0
3.545549541963243,0
3.638573326735613,1
3.1755305709419455,0
1.0228666122480625,1
3.5254693507664028,0
-1.3712614838234833,1
-2.17147001922256,1
3.2868066393036828,0
3.721281890767082,0
-2.4523104343059745,1
3.4797310175287803,0
-3.425382176619704,1
-3.3840720198814025,1
3.6464681713605755,0
-3.577966466620295,1
4.0690727258334345,0
-3.1408698305400353,1
3.8496950598030657,0
-3.057416503269622,1
3.449339611054953,0
-2.8166019311844,1
3.2527882749380583,0
-2.611683099949218,1
3.3223494831508202,0
-4.906588681068655,1
3.696869169467148,0
-4.207326976956006,1
3.6554074873762508,0
-4.6294899440686095,1
3.613415395389622,0
-4.269798751756878,1
3.6899078512888477,0
3.555183973073956,0
-4.733914296580272,1
3.805552565084389,0
-4.705659271208214,1
3.282028714123952,0
-5.429931849633423,1
3.3755001735843613,0
-5.970654595305157,1
3.6147185314186303,0
-6.0404980743038355,1
3.593197715268478,0
-5.588848356097816,1
-5.985831975164045,1
3.806433343598636,0
3.675272267729352,0
-5.603596488938186,1
6.707509333449423,0
-4.04040488074013,1
6.532893724986757,0
-4.910766775853719,1
6.402660660711013,0
-5.072522722553272,1
6.477986857657644,0
-4.971757543044142,1
6.746220506255077,0
-4.964100641520444,1
6.747296948366416,0
-5.098127397582224,1
6.595859249000338,0
-4.790719546911605,1
6.729988282007453,0
-5.148959865215845,1
6.482778242172993,0
-4.608364385894503,1
6.830810705632072,0
-4.390301714415337,1
6.340691662471023,0
-4.77017008155726,1
7.138526092077122,0
-4.8382694138996,1
6.969299018066124,0
-4.066704344484205,1
6.668367414599748,0
-3.0647514852729008,1
6.284568417103455,0
-3.8896787964400366,1
6.6955018600738665,0
-4.283918297315715,1
6.656963564806025,0
-4.339721183757334,1
6.720173385231096,0
-4.879013090362636,1
6.899584615799548,0
-5.086484100141635,1
6.669942659932374,0
-5.0390774501599065,1
6.678099238895603,0
-4.550308778402074,1
6.759852381409343,0
-4.435851152076509,1
6.8089204212102885,0
-4.770665429007395,1
6.686554074877922,0
-4.672855385981803,1
7.8726718943138225,0
1.7816138960146046,1
7.321213599498184,0
0.5898045034236397,1
7.905508984892351,0
-0.5092714873906173,1
7.785680826439698,0
-1.5485403687189754,1
7.948281452810965,0
-2.4098060052063777,1
7.688603300739511,0
-3.6597482152878364,1
7.93297344753252,0
-4.621702720799876,1
7.6696147978,0
-5.095217496960904,1
7.94280137993394,0
-5.126721824297029,1
7.499835481516159,0
-4.6037732034303955,1
7.28621171268317,0
-4.612275483522077,1
7.720231645516808,0
-5.530869047440131,1
7.160992052966757,0
-4.247779551349342,1
7.587557536626615,0
-3.2344416289580566,1
7.783039537609673,0
-3.2631125262584124,1
8.029797610623529,0
-3.2400185186723056,1
8.483983129167626,0
-4.026759821414703,1
8.100622362312919,0
-4.220666298530036,1
7.771095728238528,0
-4.110455128744116,1
7.632172988587218,0
-3.591026990470893,1
7.725145887477452,0
-3.591761341696366,1
7.831431473355421,0
-3.910149933148035,1
7.661312328188858,0
-3.927637318822341,1
7.82976281487821,0
-4.084614456847504,1
4.595163243024398,1
-0.9129631975643158,0
4.622755311273242,1
0.06567347612720141,0
4.317701970622526,0
-2.7813826095677223,1
3.839789136821843,0
-4.213076366777353,1
4.253583960822329,0
-5.207742323614868,1
4.33715947788995,0
-4.72400736096844,1
4.560577640520211,0
-4.022751506094742,1
4.796552305722939,0
-4.361280149451576,1
4.5161301338924,0
-4.232294349090009,1
4.8349636443399255,0
-4.0694453064133285,1
4.078252879870109,0
-3.9801732567128933,1
4.6739449100188155,0
-4.01824480774777,1
4.479214099370588,0
-3.5216904584220066,1
4.542511260948834,0
-5.309395516506358,1
4.002815925730891,0
-4.295018193546831,1
3.875137523384558,0
-3.5394204203542876,1
4.076132779545768,0
-3.171192575260547,1
4.400448349802175,0
-3.1667017028152418,1
4.635851882220404,0
-3.517360025392746,1
4.469653097214517,0
-3.7213746181294485,1
4.433056512730592,0
-4.137004129220845,1
4.312916686708001,0
-4.053428584198473,1
-4.340528586396171,1
4.2847090217843995,0
-4.423738333975007,1
4.3468993823130395,0
8.055730101067443,0
5.305861504919974,1
7.981105629337168,0
5.062512758451667,1
7.636575480722117,0
4.8675724171034105,1
7.870892072328709,0
6.595812239566567,1
7.661068815034204,0
7.234696750112893,1
7.676827318214671,0
7.273051048352824,1
7.569345046653777,0
7.4930871346500965,1
7.180464456951209,0
4.9217810717000505,1
7.941187336704251,0
6.683875867120647,1
7.9445244980858725,0
2.6521460175684717,1
8.026537765289667,0
2.6119644687918346,1
7.226744060459584,0
2.530405898195883,1
7.298165927299995,0
-3.441140353063903,1
7.314155703558002,0
-3.621959251941783,1
7.3213127553983925,0
-4.117926951688201,1
7.329650082474259,0
-4.194855655286941,1
7.43143150909669,0
-2.6485466162717994,1
8.032763232615022,0
-3.9793143059878853,1
7.5929206388453085,0
-3.200827684353852,1
7.060609503893596,0
-2.7665375973074657,1
7.291570465965857,0
-2.9134893250665193,1
7.2251860144029845,0
-3.478819718851594,1
7.313738064152205,0
-3.7140501472311214,1
7.1705085172718075,0
-4.539804989060546,1
5.250397054872673,0
4.7631387473882825,1
5.553077050192803,0
2.8855847524583034,1
5.298865098935908,0
2.7493854483773603,1
5.1766309698118675,1
1.7939231334179782,0
5.289267088023621,1
0.11609925223862129,0
5.440539795516521,0
0.6353406944207441,1
5.195948246748473,0
-2.4732586641804097,1
5.237234586122748,0
-4.136581846942391,1
5.421407813850157,0
-6.01724979339109,1
5.618883352831408,0
-4.7912909666835946,1
5.807650712919194,0
-4.487996030626589,1
5.608100829797079,0
-4.435931969856964,1
5.711391176247894,0
-2.521421060940627,1
5.852123399853899,0
-3.534371984772453,1
5.543102034865979,0
-3.936460510912555,1
5.305559067567974,0
-2.7935823481911277,1
5.512413986286617,0
-2.554355343898897,1
5.404884065992809,0
-2.954652343172941,1
5.290072323721874,0
-3.5318655890082633,1
5.427154557466594,0
-4.043588832843927,1
5.375889586296819,0
-4.167681413662793,1
5.468671310537575,0
-4.0512836353393515,1
5.404153585091301,0
-4.231112673393334,1
5.780376133150594,0
-4.374864061110674,1
6.103473473080526,0
-1.9437771536861954,1
6.193923595393987,0
-2.8838187626766416,1
6.237274012718894,0
-4.582819134625306,1
6.524104327178649,0
-4.84235674525265,1
6.505900268659737,0
-5.6612340092406965,1
6.304676070057952,0
-5.783191509656229,1
6.335718267193755,0
-5.673311490281551,1
-5.635794796977971,1
6.2794086314095425,0
-5.549518499184511,1
6.14613901947677,0
-5.541161093281063,1
6.153773866428333,0
-5.38699009382874,1
6.143460848094908,0
-5.903932582664379,1
6.3810328070307545,0
6.39651193529505,0
-5.193032717368852,1
-4.443577973340586,1
6.432527501871983,0
-5.381420991951023,1
6.235462825417918,0
-4.440907573169047,1
6.409817240292259,0
-4.688651646628695,1
6.43838779666288,0
6.595768823539917,0
-5.414321994528839,1
6.5291753969419775,0
-5.665392398900397,1
6.557450180121799,0
-5.431084257363265,1
6.429394113834675,0
-5.7223852825958685,1
6.448364033234784,0
-6.633141695097766,1
6.306620143313148,0
-6.8122630103857755,1
6.219356337011639,0
-6.541607952191207,1
5.383163865949914,0
3.6921843451244705,1
5.256932998549289,0
1.7349795565785116,1
5.112651188789602,1
0.8927949609293468,0
4.806231335333018,1
0.3592953365485573,0
4.867184601238551,1
0.025532679511888215,0
4.7000584872010185,1
-0.5908454204221322,0
4.957535742868382,1
-0.19060046362990443,0
5.306227327806406,1
-3.408703646582633,0
5.5578745138771195,0
-5.607726289441682,1
5.763864684389826,0
-5.116384254835348,1
5.642992567267624,0
-4.616911211113588,1
5.370319026604523,0
-4.390913741421813,1
5.524638790652578,0
-2.3410274094510566,1
5.531559594293786,0
-4.342504750072387,1
5.686305528805357,0
-3.0311709337992156,1
5.723501933089113,0
-2.6439068555475567,1
5.15857241100236,0
-2.963743888297728,1
5.246389363568813,0
-3.4380057219532123,1
5.327594471197084,0
-3.657417828301992,1
5.716024083226989,0
-4.187800534247838,1
5.668371006836649,0
-3.7053119780053967,1
5.633671611855605,0
-3.913663139994389,1
5.673397304557974,0
-4.262017738225436,1
5.784645378674702,0
-4.345389785734322,1
7.152586711012008,0
-2.4233705292974688,1
6.90605666039347,0
-3.915958295573762,1
6.908664277913534,0
-5.097284187692907,1
6.9020701945917935,0
-5.597842247880601,1
6.9975961595316365,0
-6.054602513876316,1
6.851336215799009,0
-5.815086217714104,1
-6.416342107482871,1
6.862466695091739,0
6.7385182926771705,0
-6.101656323107111,1
6.801555100336095,0
-6.478007033274825,1
6.901820522555675,0
-6.581575655483918,1
6.8171120684974005,0
-5.505459027985522,1
6.86236223382028,0
-6.294754405012514,1
6.73795890806482,0
-5.504074073708991,1
-4.610368383057013,1
6.764217467241706,0
6.57597908499946,0
-4.682800545979576,1
6.734082185875516,0
-4.635499171293768,1
6.885772676293944,0
-4.681846670292898,1
6.926450636080668,0
-4.737162763823401,1
6.9245169483080025,0
-4.950974348850256,1
6.826789894841651,0
-5.197256620599121,1
6.877901244529933,0
-5.4077521235907415,1
6.7947192597853805,0
-5.439145368433956,1
7.017627562109234,0
-5.261537980956677,1
7.102397970049505,0
-5.795923942585002,1
5.297722798949372,0
5.88286264539023,1
5.4718353633164805,0
3.700313738223393,1
5.317555995037924,0
3.0691433943796573,1
5.18494760931916,1
5.631805388797709,0
5.126038120118905,1
1.2865644685585298,0
5.526374111345887,0
-1.1217585600600675,1
5.365190597297131,0
-1.6614027281204071,1
5.696609936780114,0
-4.190417343710841,1
5.602734677641454,0
-6.919986089402543,1
5.677327417070508,0
-4.432136190368766,1
5.728875037773624,0
-4.774118264049999,1
5.377465386561757,0
-4.88644040063679,1
5.809897726967538,0
-3.2457022721725757,1
6.004806424029629,0
-3.303868542192124,1
5.724574528905963,0
-3.6378136714860005,1
5.7997976626157595,0
-3.819247548569524,1
5.581913577255178,0
-4.1317957669732435,1
5.990311064902438,0
-4.249425543740595,1
5.871911756753981,0
-4.3042949612484,1
5.610691916491587,0
-3.9672869991167046,1
5.770075944338496,0
-4.10506742982952,1
5.939327448073259,0
-3.852525252016714,1
5.9678846225803595,0
-3.700487185014551,1
5.977477583088491,0
-3.772472609746498,1
9.239879502147595,1
3.0890202398861635,0
9.251525432960083,1
3.0183078778867203,0
2.9237695743039827,0
8.58176528136407,1
2.789861982743213,0
7.159744880458319,1
3.9621099004631253,1
2.9668579169096256,0
1.3275435434239091,0
2.9949865120399535,1
3.034295209835989,1
0.7669205051019359,0
3.0009928281961127,1
-2.052111833721558,0
3.0668852585503052,0
-2.4357107417478536,1
3.519497831900348,0
-2.4397483275831857,1
-3.944012754214101,1
3.4630324552979386,0
-4.299065950079929,1
3.4189967808801325,0
-5.993912551752407,1
2.680415908672141,0
-4.59948860405685,1
2.624721634779791,0
-4.747488750566896,1
2.706867524835118,0
-5.067430052065778,1
2.9951468508405803,0
-5.362269489884935,1
2.951897620694954,0
-5.596839403048231,1
2.9590767221346312,0
-5.410059421264161,1
3.1337557831193164,0
-5.45719882316046,1
2.995039363789996,0
-5.015535896466644,1
2.9664018836966353,0
-5.101444430661716,1
3.128335374828035,0
-4.8750540207085065,1
3.02022981962045,0
-4.834880427248744,1
2.989974874823737,0
4.555374573722661,1
7.832885139590074,0
4.748939698021821,1
8.049595759315313,0
6.124110139736735,1
7.909743865723475,0
7.537416768722463,1
7.682556784114717,0
1.502132202862447,1
7.883968707280016,0
-0.04909074109300285,1
7.703533996466859,0
-1.2044394672578804,1
7.66622773793294,0
-2.925806500335507,1
7.745501523404171,0
-2.8550199472739326,1
7.8533019691872585,0
-3.632922591655615,1
7.79406071296882,0
-3.8972983770852037,1
7.972558652839798,0
-4.362965289653814,1
7.903342847060271,0
7.7066639288220244,0
-5.562903030706235,1
7.821933646508686,0
-5.264978396852732,1
7.72497414242005,0
-4.705790570064726,1
-4.124435779575284,1
7.694085396107954,0
-3.8977557325116625,1
7.680485206101582,0
-3.508879368766215,1
7.7305772893519835,0
-3.340426501217574,1
7.598776552032659,0
-3.592396448734853,1
7.519054570059743,0
-3.435268771447443,1
7.456329498401276,0
-3.5329962829389103,1
7.35706533772702,0
-3.4289640134455164,1
7.503935971012155,0
-3.4472528442175925,1
7.442619604726326,0
7.076134373461103,0
8.14602928776511,1
7.048783027673766,0
8.085649444627958,1
8.622479137599456,1
7.072227719707511,0
7.108812501454759,0
8.508448130587656,1
7.046355757171834,0
8.961277319777142,1
6.958745585459928,0
7.41827932882016,1
6.8985714394133275,0
3.6467974694365477,1
6.868907382787328,0
1.5185914124182567,1
6.896055947642543,0
-1.5249746385781482,1
6.767147282206251,0
-2.1928076975260122,1
6.971933527331644,0
-3.4047495155638594,1
7.1095382079331,0
-4.263337140609333,1
7.111793536445499,0
-3.722166371512714,1
6.935960398593703,0
-3.9963064042766234,1
6.782050186208458,0
-4.010286435452549,1
6.80647815666294,0
-3.5673492075756745,1
6.84754931802616,0
-3.1798061835531466,1
6.958953164247666,0
-3.195664934276413,1
6.695644921180778,0
-3.452594620314474,1
6.77974335388218,0
-3.2181299376670256,1
6.758053646346526,0
-3.2234383739395325,1
7.004404819602148,0
-3.181844893185196,1
6.898775336443865,0
-3.114936666027245,1
6.999855220078918,0
-3.013370566492785,1
3.533571864233021,1
7.332810132806298,0
2.2237775050816455,1
7.594948131753625,0
0.5253588654376584,1
7.722785747369926,0
7.594635029005676,0
-0.5636380951223644,1
-2.0665676055342246,1
7.1914492626160555,0
-2.6426764978362067,1
7.227503870323439,0
-4.025530382482113,1
6.985331409664259,0
-4.350481123257533,1
7.080289156059692,0
-4.475642875944043,1
7.130758348647713,0
-4.853043644873816,1
7.073427068367677,0
-4.554846458901352,1
6.9547563263553664,0
-4.931369720505187,1
7.096571953616348,0
-5.559643582519362,1
6.833529965956176,0
-5.591967039604956,1
6.790094213440975,0
6.730520586195391,0
-5.481033862802734,1
6.883464642473854,0
-5.358332341087891,1
6.821892931782625,0
-5.027436268318307,1
6.806510306658564,0
-5.138607587023356,1
6.9264073692284525,0
-4.617778277910656,1
-3.945978732785294,1
6.68387943783771,0
-3.6941541696107505,1
6.883353157696797,0
-3.6416568753730285,1
6.864934541895049,0
-3.673696885109116,1
6.881859897334044,0
-3.829072589066341,1
7.069723601956262,0
8.25012877211202,0
7.064088490146092,1
8.161497662941553,0
7.388258389250267,1
8.314613052295865,0
3.7589327280608025,1
8.173958046682898,0
1.50280184470638,1
8.215698277952846,0
0.2500769421751012,1
8.163575399990414,0
-2.1611886259389705,1
7.9432255524875925,0
-3.4738786382777307,1
-5.162747143620406,1
8.078105328410626,0
-5.6883782876059925,1
7.893082163812065,0
-5.967809125168016,1
7.8378801271529595,0
-5.82302344283204,1
7.780341905492012,0
-5.582009287213516,1
7.621916614496592,0
7.679802421445661,0
-5.223006062904393,1
7.80312783883705,0
-4.953697326465633,1
7.8471448953439005,0
-5.133813332387559,1
7.879170079680217,0
-4.952685347601049,1
7.614564041616204,0
-4.625428299037057,1
7.80312427594532,0
-4.590438592615414,1
7.61614178187014,0
-4.58557403592555,1
7.6555247600314535,0
-4.495999175151634,1
7.718807264115673,0
-4.180945497394459,1
7.781739379892448,0
-4.187505017010113,1
7.610766253962122,0
-4.336598816009127,1
7.547061168428909,0
-4.287016533643865,1
6.180270374974975,0
6.85789147400051,1
6.237707069026126,0
6.427920512514107,1
5.149133609559876,1
6.1682984240793415,0
6.250837746184717,0
5.505015853332955,1
6.019577160195414,0
6.080780798283353,1
6.303201185749365,0
7.498043440422967,1
6.174491866239042,0
2.644007074724817,1
5.989465326518619,0
-1.3881537044100398,1
6.497632024170379,0
-1.403698303163896,1
-3.3850034760430456,1
6.414064164353981,0
-3.6151896223476476,1
6.283229785588993,0
-4.22912534343849,1
6.400470049626736,0
-5.720726148716569,1
6.476704434854278,0
-5.834780921562586,1
6.418418276172919,0
-6.028947734537824,1
6.726298257490053,0
-5.977205622793284,1
6.653646481625047,0
6.272670209551772,0
-5.984538872719946,1
6.247872527209793,0
-5.737436448534937,1
-5.424087011800122,1
6.185604268205622,0
-5.385335049818862,1
6.33950476922305,0
-5.292635999847742,1
6.026160883498312,0
-5.1964930646913725,1
5.922583128516473,0
-4.650342099171377,1
5.806603011281057,0
5.690393178235707,0
-4.799280889560715,1
7.279343652293141,0
-2.4606329724220157,1
7.131615614814542,0
-3.2756806304523898,1
6.985565063457686,0
-4.771510665401375,1
-5.023191832280475,1
6.979570884039254,0
-5.701953003909123,1
7.075999048224071,0
-6.008743355293721,1
6.996233956751068,0
-6.349006328060629,1
7.0405697098999465,0
6.938699845760037,0
-5.895539235293722,1
6.855054457342689,0
-5.889363558946154,1
6.987516482813163,0
-5.192366750997359,1
-5.049899334648816,1
7.01940737314352,0
7.02489607914016,0
-5.095816783708203,1
-5.710879973679162,1
7.035306551171465,0
7.014002449329362,0
-5.522153120072845,1
6.942730041218584,0
-5.072168596103785,1
7.0129518239209,0
-4.80835799641448,1
-4.712158090851105,1
6.9935206649930715,0
-4.929176365828289,1
7.046012972871993,0
7.02416463216654,0
-5.319338025307874,1
-5.014273562692924,1
7.02792532003606,0
-4.80058718864747,1
7.024969330534954,0
-4.344886461508249,1
6.913435907409565,0
-4.447260267207111,1
6.94293622561897,0
-4.6608689273183215,1
6.844215608711971,0
7.567639552436891,0
2.284281980908572,1
7.691710953825334,0
0.39310083158427533,1
0.026541648958592574,1
7.559007106802834,0
7.446323938528969,0
-0.9733919698251774,1
-2.010880956788499,1
7.488748467008055,0
-3.321940005933255,1
7.11743730462601,0
7.038942710658586,0
-3.494863969403871,1
6.930780866923553,0
-3.874361271749081,1
7.0621555661716675,0
-4.467422932749339,1
-4.777528734553137,1
7.056395909584301,0
-5.151538598293942,1
7.182040482934518,0
-5.323560829014117,1
7.37812635999265,0
-6.329296966101878,1
7.03205328192897,0
-6.2309195905497585,1
6.963598850260652,0
-6.014193040564531,1
6.967849630921902,0
-5.457854458192338,1
6.926854955494755,0
-4.981087396040603,1
7.011393344961278,0
-5.0014550132241204,1
6.97262968110018,0
-5.096908249638904,1
6.972677846829163,0
-5.021722804179747,1
7.1332283379372745,0
-4.955633465373175,1
7.026378891005058,0
-4.818562649120276,1
7.081158700090615,0
-4.798385742855612,1
7.1305716028286374,0
-4.928673843125761,1
6.992570114526781,0
-2.8053508584493456,1
6.265333885084455,0
6.136706424692118,0
-4.1270562964669315,1
6.031194804230225,0
-4.556654557422793,1
-4.9100652271588885,1
6.217319055829162,0
-4.7768911185558975,1
6.366190409476634,0
-4.641305702319928,1
6.385285401856081,0
-4.4052546229756695,1
6.261418957073581,0
-4.4583354706280005,1
6.391345934025086,0
-4.601551902012309,1
6.407143031391075,0
-4.480620159364086,1
6.485211987656872,0
-4.689208906554885,1
6.131858488307525,0
-4.674823012744561,1
6.0933622290414196,0
5.99717800104542,0
-5.086708422157387,1
5.9755758849741465,0
-5.243032187523337,1
-5.112680240659558,1
5.921277988122286,0
-4.914784549912458,1
6.027647804625073,0
-4.884782275846631,1
5.949918299120051,0
-4.71021149774799,1
5.931279787906488,0
-4.547969319341153,1
5.852667503886433,0
-4.585239288938765,1
5.970912521214374,0
-4.709467171692236,1
5.983640548096366,0
-4.583437765025036,1
6.040826330110793,0
-4.473962800439293,1
6.013992403594603,0
-4.0075679126725845,1
6.149155759808498,0
3.6358598007331784,0
-2.6427282720406304,1
3.4913527101951867,0
-3.5966047268308015,1
3.4296253697920176,0
-3.8199553866902716,1
3.4542345142473176,0
-4.570609037761217,1
3.700472711730005,0
-4.801858920117373,1
3.7795324532438515,0
-5.030426474529549,1
3.7497065461490036,0
-4.570888381312117,1
3.8954400671183986,0
-4.290519518580504,1
3.8514353025789636,0
-4.356505257905758,1
3.757603155500731,0
-4.342277033198341,1
3.88800071047008,0
-4.524695854126207,1
3.8435681945199067,0
-4.691349619025032,1
3.8207318623160504,0
-4.494523176941035,1
3.811681853312503,0
-4.99612086946183,1
3.66336609151815,0
-5.940113038831262,1
3.960987179159516,0
-5.111363135069742,1
4.3443766682044265,0
-4.9128816279205685,1
4.0333393153101955,0
-4.998426141204524,1
3.689007111558906,0
-4.90704630095859,1
3.786630376146999,0
-4.271625715891031,1
4.26781363731277,0
-4.262374603299375,1
4.748689240790024,0
-3.774761923006611,1
4.612115077539982,0
-3.655853497479394,1
4.674443336312383,0
-3.8453813258691625,1
5.707099278165856,0
7.698200902280252,1
7.4508719334338975,1
5.473527323999603,0
6.620663927251615,1
5.324944239583274,0
5.420865823711891,0
7.769067958871809,1
5.683370267201926,0
8.83868736352646,1
5.786253231296721,0
3.033758953773588,1
5.454748527334641,0
-0.5912304326250114,1
5.376062884606992,0
0.024639098898012454,1
-2.415290909936643,1
5.39150238778509,0
5.505476900198126,0
-3.6427930496327754,1
-4.482603980904188,1
5.570620845080653,0
-5.03403312296146,1
5.3150207222541725,0
5.831715418283334,0
-4.354301494154121,1
5.54266725807299,0
-4.293142769938825,1
5.82298533753173,0
-4.838775059648662,1
5.535093505497281,0
-5.5092863652185695,1
5.55912343183322,0
-4.717473418406007,1
5.562888065466881,0
-4.537160017437837,1
5.6034604622152395,0
-4.710615781321665,1
5.657443957288883,0
-5.149388488050532,1
5.6869461921257125,0
-4.934413253476075,1
5.6992579626386775,0
-4.799245580569924,1
5.742893706715692,0
-4.43169291368712,1
5.705677993594658,0
-4.450108414453097,1
2.224127913555476,0
-5.637324238305838,1
2.023893410610472,0
-6.120675326423983,1
2.0876750324585704,0
-5.493212330825601,1
2.1025039942685755,0
-5.708866482873035,1
2.206836062018689,0
-5.614671607213044,1
2.1278322567273156,0
-5.4215964194251365,1
2.2369785599758463,0
-5.6574883191937415,1
2.376843294566559,0
-5.390911642372711,1
2.3334423803234063,0
-5.356241840427132,1
2.285689776605684,0
-5.259064860404459,1
2.25793552486771,0
-5.346948470699974,1
2.2085902035476237,0
-4.884664353822774,1
2.3351565941390753,0
-5.935508117361724,1
2.2915719385564413,0
-5.699381842095075,1
1.9812676651209662,0
-6.116231936842143,1
1.9857101899143115,0
-6.49838240479888,1
2.0275038725237255,0
-6.4265722398997935,1
2.1539215007481065,0
-6.43339454295962,1
2.157871574054048,0
-5.922116567302661,1
2.2162326410478723,0
-5.256791078488761,1
2.0499287067755625,0
-5.291765498828166,1
2.051135347006028,0
-4.8149928228278345,1
2.098654370142897,0
-4.712115292891882,1
1.9589962571969695,0
-4.816299318967543,1
1.580219932904384,1
1.2908841513464684,1
1.0643501765751677,1
-1.528397021760109,0
1.5910942444776122,1
-0.20874234033486644,0
1.0789597252139111,1
-0.4720680364833493,0
0.3801017945228866,1
-0.2529016643521302,0
0.22541001162234933,0
-0.7827929723410676,1
0.5191911182481526,0
-0.7393774359513493,1
-0.031089249510414224,1
-0.03736552931221154,1
-0.060998195006143244,1
-0.04791100285032408,0
-4.00972020662983,1
0.3049417660588944,0
-7.1612640140261945,1
0.5326147316353375,0
-7.560305633309845,1
0.333759488513347,0
-7.414953409889593,1
0.3597786785214216,0
-7.42030223825564,1
-8.012769455272174,1
0.44173841625796506,0
-8.3317524794689,1
0.3536911505925311,0
-7.174004094104399,1
0.22071781638210602,0
-7.2254538393262795,1
0.340039014971776,0
-7.5511118544482985,1
0.42308603593539323,0
-7.83501468760713,1
0.2681039945375096,0
-7.808862398318792,1
0.30246939791087407,0
-7.597562261608055,1
0.5341652958148586,0
1.095697523193085,0
-6.335239804778148,1
1.090127835085282,0
-6.100072228633629,1
1.0821877289000479,1
1.209952194110604,0
-6.286899237574549,1
1.1322887000362858,0
-6.223472520346785,1
1.0802745860934968,0
-6.094020313691904,1
1.0538172881329457,0
-6.102606192603725,1
1.168461812613269,0
-5.876903783378731,1
1.1910630141405334,0
-5.817495024905318,1
0.8889463394917115,0
-5.475772063836864,1
0.9093416560243763,0
-4.925322074347992,1
0.8884754057906685,0
-4.929152684580288,1
0.9435350059832682,0
-7.663224942233498,1
0.772959804267414,0
-6.742283266018704,1
0.6710391549353142,0
-6.425404820632238,1
0.5686384682237007,0
-5.943125372754594,1
0.7585771207191234,0
-6.219020549106138,1
0.6012745468154254,0
-7.114799823656086,1
1.1038712169748504,0
-7.0641978147213385,1
0.8002500147468349,0
-7.159328275339469,1
0.7663649087259908,0
-6.371730071655735,1
0.9257317789129843,0
-6.3202583020928165,1
0.8957282722689741,0
-5.909127405888966,1
0.8558238752493686,0
-5.383986645202606,1
2.271715387506233,1
1.3964609853487246,1
0.8608350099198068,1
0.8028871584092895,1
0.9842476038215249,1
0.08759156647351776,0
1.65447210635627,1
-0.4588577538418872,0
1.3120842325129178,1
-0.39002871790360416,1
-0.3352002860927572,1
-0.2975366058645798,1
-0.2627557053175749,1
0.19240270042463922,0
-5.018662620244686,1
-7.8377673630445885,1
0.2837167832592018,0
-7.832540459860398,1
0.25179541729215604,0
-8.229139696990018,1
0.4983308758068227,0
-8.306008601409694,1
0.39812498035014465,0
-7.09395401572972,1
0.4341503699501985,0
-7.362680440385146,1
0.5143583850701673,0
-7.48389909748021,1
0.2814759844163268,0
-7.619770831084054,1
0.5201481718127889,0
-7.8765665802157665,1
0.8661188770983094,0
-7.724535484938262,1
0.42523548258330524,0
-7.995029831660076,1
0.5263883420963487,0
-7.680168466597539,1
0.2721718395055275,0
-1.2751393074410529,1
-1.18127112702658,0
-6.6440388616556625,1
-1.2950718643260704,0
-5.291824908766723,1
-1.5545864307563826,1
-1.6052906935492717,0
-5.87079949716949,1
-1.5104403281878098,1
-2.0303017911987746,1
-1.8390382202588607,1
-1.7454528145247128,1
-2.8074375585609057,1
-1.7980634600400254,0
-7.449672970120042,1
-1.9942897679643816,1
-1.1548473405530855,0
-7.235416847537372,1
-2.0010900995221332,0
-8.01763010850258,1
-1.839806946870585,1
-1.4318035086243708,0
-6.6275556263726205,1
-1.2856922388570127,0
-6.38520429673075,1
-1.7204344383532464,0
-6.792620206360235,1
-1.3164704384571169,0
-6.651608811714726,1
-1.7278534715747684,0
-6.626402711326466,1
-1.731998582990466,1
-1.3260618520698715,0
-6.4270538894409555,1
-1.720938586557548,0
-5.863672518101809,1
-1.5880225708864997,0
-6.457619361846675,1
0.5229208037402479,0
-6.305676985228927,1
0.7077991161647932,0
-8.01304217654484,1
0.6903139247445167,0
-8.430176774791065,1
0.36046143736699715,0
-8.11864771137429,1
0.6733239648638268,0
-8.157300732490981,1
-8.280925973573734,1
0.5628390847530088,0
-8.433766674221612,1
0.43398286918642875,0
-8.464409035185376,1
0.3727481995326091,0
-8.366215920255332,1
0.4529061865911173,0
-7.909588014405438,1
0.39723871643615827,0
0.4950973581822733,0
-7.831692605198308,1
0.7493895204083602,0
-7.3350911384516415,1
-7.477576996428062,1
0.4455706017055486,0
0.1872324889946278,0
-7.614568428225084,1
0.21586685029372804,1
0.2334090382318307,1
0.6351425210084216,1
0.5971803632524335,0
-7.254008130646838,1
0.477921453236278,0
-7.166794819831422,1
0.3626919281572065,0
-7.64448468329465,1
0.5139191792676017,0
-7.529876808602602,1
-8.069821872983429,1
0.614131507669466,0
0.6478004318495469,0
-7.81924455641468,1
-7.700112786264583,1
0.43560860580127364,0
-1.6103218202502296,0
-7.297021853062813,1
-1.6209537100737172,0
-6.527609973269488,1
-1.667606737427798,1
-1.7299567761151027,1
-1.7025519745643896,1
-1.76331894051699,1
-7.033365583191454,1
-1.6325576663048134,0
-6.845804369596667,1
-1.3451019007811265,0
-1.4693435786464784,0
-7.217490739404398,1
-7.075167301471356,1
-1.349433737117713,0
-6.895871984333109,1
-1.6307581370512565,0
-6.4473977256467965,1
-1.5436811928782774,0
-8.027332816568627,1
-1.7239359095461924,0
-8.56808100008437,1
-1.4714985702005605,0
-7.912679169896499,1
-1.129924654517936,0
-7.656442182202178,1
-0.9085566087882534,0
-7.613848314439573,1
-1.4590107471006417,0
-7.724278554506425,1
-1.2895349479022147,0
-8.04922500036729,1
-1.2891494379763342,0
-8.026996966786655,1
-1.2212181741973471,0
-8.096018373655848,1
-1.5230470526556092,0
-1.3810332930973768,0
-8.041260879914855,1
-7.717195121888861,1
-1.6368456228194708,0
-1.6290730277648127,0
-7.157199398141984,1
-0.6024275400631297,0
-5.436848186077598,1
-0.07297381668805372,0
-6.505190060544828,1
-0.5424798032195153,0
-7.149230576568959,1
-0.7023139825225804,0
-7.81169276293085,1
-0.511871291551444,0
-8.169975946861367,1
-0.8646981521269554,0
-8.761528385117064,1
-0.22853103328143326,0
-8.677863314893823,1
-0.6003748613735852,0
-8.409238321242697,1
-0.7180533446105417,0
-8.112278454834044,1
-7.801735470692874,1
-0.6800693078202448,0
-7.473806778865752,1
-0.1990266931752717,0
-7.557155461917012,1
-0.30133930543041426,0
-7.541257504010116,1
0.09467202954036619,0
-7.703686999202524,1
0.1660662059377836,0
-8.22729264307328,1
0.10464094926156518,0
-7.444229352514587,1
0.18870828365956677,0
-7.2735083752108896,1
0.07675698195130193,0
-7.251388937604264,1
-0.07907639614886143,0
-7.232545580406886,1
-0.16841716506038684,0
-7.212079350180859,1
-0.23717110963242244,0
-7.314619964002313,1
-0.1345696106356399,0
-7.206335299379809,1
0.06884489060175711,0
-6.829676647964366,1
0.05489664584312218,0
-6.951665408331194,1
0.0926655244803764,0
0.5494828604705629,0
-7.114609584711449,1
0.7764452767009484,0
-5.992903543128863,1
0.7021566152797525,0
-6.643828769224597,1
0.6924854990147032,0
-7.306008286283341,1
-7.077116346705325,1
0.8448079755817004,0
-7.036435840853682,1
0.904535113114969,0
-7.062467847396595,1
0.7275255355841816,0
-7.321444198546259,1
0.6857069815990203,0
-7.2570348740754165,1
0.6501694898716838,0
-7.329909507890239,1
0.7074206332952909,0
-6.939444781338015,1
0.7593439653561774,0
-6.877249210731709,1
0.8470295769563624,0
-7.121317901121807,1
0.7657689369752299,0
0.6709028411772501,0
-8.607713740699669,1
0.6799910572756038,0
-7.617651478866807,1
-7.047783843573198,1
0.4507247183936028,0
-7.108491486921343,1
0.6051033098992334,0
0.4221350504299769,0
-7.522446426108489,1
0.3732456706048353,0
-8.251465260999634,1
0.5340046836925805,0
-8.083605187808274,1
0.4545625243589583,0
-7.903516237448455,1
0.453611788226012,0
-7.568065073074418,1
0.4567568169332567,0
-7.425936639719889,1
0.6515255773046308,0
-6.966074751043405,1
-1.0601518942190835,0
-6.399732755127496,1
-0.9108457315718318,0
-7.8086198331377314,1
-1.2089482137836811,1
-1.0291029804628726,0
-8.673067667973864,1
-8.391817576838072,1
-1.3342494506049605,0
-8.262300763443474,1
-1.0050653450796674,0
-8.183830971240159,1
-1.0852717047065978,0
-8.183462715229059,1
-1.046844102095852,0
-8.26208309317801,1
-0.7360097759434634,0
-8.431128042356114,1
-0.7254422050614913,0
-0.8180647482328344,0
-8.527433461619847,1
-0.6970812481220653,0
-8.168375920211183,1
-8.070304034442604,1
-0.9447838598159783,0
-8.037658041175359,1
-0.8768273147911395,0
-8.554140611718022,1
-0.712245714470968,0
-7.488284731363971,1
-0.6237489537639257,0
-7.34122104782156,1
-0.6664684861075524,0
-7.618823408146191,1
-0.7084922101427905,0
-8.323304982148734,1
-0.7623752621630469,0
-8.098437044548508,1
-0.7033756171021127,0
-8.065962398629317,1
-0.6055992846085271,0
-7.620565225151797,1
-0.5486860398795539,0
-7.169034058954116,1
-0.7377754939373001,0
-6.644407851487481,1
-0.4468551533600826,0
-1.0622047803461077,1
-0.7356937279289344,1
0.19637604911707288,1
-0.15898228130824119,1
-0.011825509343395567,1
4.674151838222865,0
-0.03343698399042212,1
4.019811321506543,0
-0.20961970454234596,1
4.432294056172018,0
-0.48618781359496366,1
-0.8810333014411537,1
3.96677190930129,0
-0.7647101378460895,1
3.4570790045597044,0
-0.6067224868425887,1
2.6757879625004906,0
-1.3033549164032907,1
3.0283122097095165,0
-6.06748572518928,1
1.978151138499321,0
-6.489395188094301,1
2.0490246424105383,0
-5.958165011439957,1
2.417767199309138,0
-5.817013476703212,1
2.244414740747804,0
-6.259534058501464,1
1.9615392632890147,0
-5.9885582525202405,1
2.271790790694156,0
-5.631271148093586,1
-5.306394213031548,1
3.322066018220429,0
-5.291024971649513,1
3.4082576445546766,0
-5.150173665978662,1
3.322778775290865,0
-4.755568788634378,1
2.9880298783116976,0
-4.622138789864345,1
2.4769561873566563,0
1.5188114084698934,1
1.7745501162984887,1
2.771858540702653,0
0.8743468334543472,1
0.6027693426771696,1
1.1035759955891609,1
0.7650374678068949,0
1.3106998009805997,1
3.3114589047167136,0
1.289195787147879,1
3.445087921402829,0
1.9879959549614101,1
3.9393800143357063,0
0.8867351101875682,1
3.434098333065008,0
-0.2630769335435363,1
2.705044342466131,0
-2.0040519976526223,1
2.7066117800336715,0
-2.9060250832296717,1
2.5842808542203355,0
-7.1859508231853795,1
1.9117729758665905,0
-6.913252305770809,1
2.04664778245319,0
-6.445327132450977,1
1.8406154401024646,0
-5.543161972749959,1
1.9518468162331628,0
-6.71023989141414,1
1.8622433181468283,0
-6.100267159092224,1
1.9644527821343343,0
-5.936979343967876,1
1.9877859598884378,0
-5.459189079103032,1
2.331543579699435,0
-4.980633395609669,1
2.4141712293894915,0
-4.934867218347121,1
2.518682847794292,0
-4.869846860794077,1
2.422583195629406,0
-5.0313999608775495,1
2.4388349994615917,0
1.8925312971932626,1
2.1255505662088616,1
1.7349631820487428,1
1.8279532254074322,1
3.089866645530747,0
3.82712748155241,0
1.4158669335099354,1
1.1841528788829472,1
3.9303934441532453,0
0.7284725108365202,1
3.111968224402154,0
1.372315993531298,1
3.809324138622125,0
1.3901463161235694,1
4.907960186727471,0
1.097949683008481,1
3.921564395003769,0
-0.07026852512498151,1
3.676934162522209,0
-1.5656354908081218,1
3.486465276198931,0
2.6224484837376014,0
1.713526719712124,1
2.166008108333155,0
2.135490563297702,1
2.5397394812556793,0
0.31668287317982907,1
2.038640927309448,0
1.8837984608840947,1
2.061581702331409,0
1.4892347469673184,1
1.7379126745793878,1
1.8508991513983997,0
1.492670959691976,1
2.5737599752680422,0
1.2316493420748218,1
2.1215573637571157,0
2.081509097673732,0
0.18145299307668603,1
-1.0308818095129475,1
2.250817623316711,0
2.4185920930694476,0
-1.9200797791169806,1
2.42805588232998,0
-3.3743559421831937,1
-5.87765189593543,1
2.107197707315434,0
-5.8496175517457685,1
2.1587108374886514,0
-6.237239278026613,1
2.2570714055010566,0
2.347948688835179,0
-6.00597444117318,1
-5.765617791567736,1
2.1132905210785924,0
-5.862004012490376,1
2.3100855096880437,0
-5.187924528552575,1
2.2226048811436256,0
-4.326935771918674,1
2.485897073840261,0
-4.275044357802672,1
2.3563730065282598,0
-4.08726559921365,1
2.561951586927983,0
2.122815465308184,0
-4.39585145484269,1
2.056400757565114,0
-4.1537713755186925,1
3.1056443159850224,1
3.118635124918294,1
3.15983892850979,1
2.726528161444991,1
2.261621625883712,1
2.2892518523451924,1
2.4491159115383287,1
2.652355555218964,1
2.489848964873973,1
2.5691986523562114,1
2.4010179153191284,1
2.3765838151419194,1
1.573723935465798,0
0.7158428479240555,1
1.5527422818595915,0
0.7474838665360327,1
1.7664448580186927,0
1.0439155699507872,1
2.524625589797001,1
2.4267825885668777,0
0.09998507194970212,1
1.275563776396386,1
2.1637122192931497,0
1.5153958933734581,1
2.1151067944796154,0
1.2600626871074723,1
2.318521647827801,0
1.5094452646835306,1
1.8490762816015307,0
1.721882092663567,1
1.9506418483000862,0
0.916216210292161,1
1.9179813062027344,0
0.30229406618038107,1
1.7818367842491936,0
-6.782773684940571,1
1.224233242229222,0
1.2643453315066437,0
-7.3831471820152945,1
-7.442601585021318,1
1.1317429266910708,0
-7.32471137994854,1
1.0594238181801001,0
-6.754551819429401,1
1.0010229777660131,0
-6.044965525932581,1
1.1416963435695024,0
-6.595070244598881,1
1.3201875785861448,0
-6.10790608040898,1
1.4096064656363485,0
-5.673041570374683,1
1.5298019358365709,0
-5.3880883836698645,1
1.4938123655894007,0
-4.847616746701467,1
1.5969261910848336,0
-4.948376262283788,1
1.6177248295229616,0
-0.6783377752867443,1
0.1988748556313982,1
0.39556966105706687,1
-0.3405362975440031,1
-1.5933438209651454,1
-2.8976831195929487,1
-3.7969439130223246,1
-4.2924866442786245,1
1.2005455006209762,0
-3.926605559664463,1
-3.7446509094837572,1
-4.266845961465433,1
-4.8124114965719205,1
1.141479991235263,0
1.1640263540409048,1
0.8309807576336128,0
0.7302285219733766,1
0.9690257207059089,0
2.219340868502894,1
0.9436836503499744,0
1.50425409965269,1
1.2249656451379864,1
0.7879407550592813,0
1.9200559002443407,1
0.7138054519054332,0
0.5582509158087746,1
0.9207871046261881,0
0.7331228332176117,0
-1.0569986936570175,1
0.7878743827722903,0
-2.6666598442290144,1
0.7638395956963762,0
-3.6795716448093727,1
0.6392023248399239,0
-4.873785186208261,1
0.558429784090444,0
-5.565681059949486,1
0.6001808125357513,0
-6.315414290927879,1
0.49261153590477824,0
-6.328237474530618,1
0.5124388722694182,0
-5.736457431636547,1
0.4808449731712246,0
-5.904117431931347,1
0.45102621349550376,0
-5.11725123307152,1
0.3741234877222574,0
-5.1607651387757425,1
0.37546254234529935,0
-4.999541715334671,1
0.437258897983644,0
-4.918085014727172,1
0.5342530457517216,0
-4.722296693607506,1
0.642875273059826,0
-3.8755900579566736,1
0.6967663946753702,0
-4.040700487194697,1
0.6326622285305337,0
-3.722105605718275,1
1.1421897510140833,1
4.2384200708790125,0
1.9275974455807625,1
3.9234210228793325,0
1.6186865702244444,1
3.1543158992296387,0
-2.6590689594429557,1
2.990411749063054,0
-3.275688305158861,1
3.0219049064249903,0
-4.081879823880868,1
3.302104922616741,0
-4.924475501520505,1
3.3860837796215355,0
-5.196208615678913,1
3.467507735360245,0
-5.633379683207552,1
3.5608189720219356,0
-5.882882986868559,1
3.092451485268477,0
-5.683107860058841,1
3.336113035868337,0
-5.648511317640644,1
3.2891978862392763,0
-5.2064889609264915,1
3.085787335509979,0
-5.489972029877799,1
3.1973607556393544,0
-5.90160053699337,1
3.141760930854132,0
-6.266223808529237,1
3.1376932302820237,0
-6.20949841109127,1
3.5306098298492814,0
-6.475834368704356,1
3.623137367901244,0
-5.436706905698056,1
3.380926202953498,0
-5.30009906517471,1
3.2757765173106494,0
-6.002932883157572,1
3.423776900311339,0
-4.589687109566264,1
3.564736514429049,0
-4.545834579667759,1
3.643924455635727,0
-5.186375382540779,1
3.589071293722399,0
0.2745824797490074,1
3.171528974718507,0
-0.48570563165726155,1
3.1504471213025,0
-0.7879761235887842,1
3.404180358407386,0
-1.4908533095870506,1
3.066140779586457,0
-2.591715035019792,1
2.622709746645445,0
-3.7127939372385064,1
3.387935442322961,0
2.835056501018656,0
-4.400991552520106,1
-5.738766159546184,1
2.8369565369272913,0
-6.089250916912801,1
2.981150123272321,0
-5.7381634775059585,1
3.35587738574035,0
-5.808717243526056,1
3.1098248691806867,0
-5.461677392648228,1
2.9828949267754648,0
-6.579217643284873,1
2.1113506323838815,0
-7.168650436281588,1
2.4225968150109236,0
-6.3041449050001965,1
2.523256802978325,0
-6.970742087902033,1
2.348263522689811,0
-6.662543179485342,1
2.125614288095125,0
-6.383241976582599,1
2.247005142696064,0
-6.196263813639964,1
2.2810463350026895,0
-6.006116066162547,1
2.2937847012101407,0
-5.509398862657733,1
2.410932812303314,0
2.569592528653309,0
-5.182155555402854,1
-4.9682465643652485,1
2.84248193463629,0
-5.362088213133535,1
3.1212036845037736,0
3.7592807330087976,1
4.428199800103983,0
3.6792532974759102,1
4.460270664414928,0
4.378650111975433,1
4.40583102185279,0
4.451199910964157,1
4.45676139664246,0
4.0791287319508935,0
1.9861591998698986,1
3.947084033760264,1
4.188506009687216,1
4.03544695530397,1
4.171924797671283,1
-1.186291362912255,0
4.390126716904449,0
-1.8876774024531888,1
4.203431401286531,0
-3.6356235609331025,1
4.325786329170536,0
-4.078190548444781,1
3.931550004395426,0
-4.697198258974389,1
4.132387715934301,0
-4.77890428053248,1
4.358942062572961,0
-4.647600345900568,1
4.268803578691191,0
-4.9614483413529245,1
4.3564500907185355,0
-5.508275368344758,1
-5.112880776426807,1
4.401834690579804,0
-4.644704356869988,1
4.288715664562459,0
-4.732808713101245,1
4.552198811452134,0
-4.158137616824532,1
4.559944756821117,0
-3.8757662420503167,1
4.6131151177111285,0
-3.755327427010985,1
4.439287277299318,0
-3.573502445196305,1
4.490629855679882,0
1.2487800906052675,0
-6.572812479604169,1
1.3100610327650912,0
-5.970358729806329,1
1.3939986017012622,0
-5.493896115957922,1
1.3446523807555264,0
-5.365127048554095,1
1.5430251041977618,0
-5.121040482920896,1
1.5215098203768311,0
-4.939966493464128,1
1.3072346632516185,0
-5.091889020718828,1
1.4566449396928454,0
-4.746486890181456,1
1.3919945810601193,0
-5.33604414955258,1
1.4813359552240626,0
-4.113741089622176,1
1.4295205298714118,0
-4.300464989001888,1
1.5482202148055728,0
-4.5165975199141855,1
1.3495797216692316,0
-6.4881020091392525,1
1.4732870304237704,0
-6.457858193640371,1
1.6109828319045099,0
-7.423493830588018,1
1.589083563418984,0
-7.252970766681081,1
1.5282490485575826,0
-7.2821466287614225,1
1.5327782509367789,0
-7.654700325768789,1
1.3936832185219308,0
-6.951066154295504,1
1.548510666772867,0
-6.514053666458827,1
1.4378598224396488,0
-6.560758267887905,1
1.3904511933243437,0
-6.773721299263384,1
1.4554016395379894,0
-6.874816365512666,1
1.6572209888825316,0
-6.586883665029569,1
2.3046697124235873,1
2.2952096490234064,1
2.6201668713924815,0
-2.3285107199761246,1
2.476441524319637,0
-2.1120475962162546,1
2.3461226164406517,0
-3.0030745068305964,1
2.3479362729466366,0
-3.926332167933715,1
-3.1451769236314426,1
2.4891927527089748,0
-3.179888876391601,1
2.495370017990123,0
-3.5348128841190896,1
2.3983521230229568,0
2.4875042992849816,0
-3.6520785898053436,1
2.423119805616037,0
-3.5650493355858988,1
2.4978493862614077,0
-3.087965891993427,1
2.5195630954050854,0
-4.2544748626967355,1
-4.559743648071827,1
2.441387972368181,0
-5.828469510840479,1
2.391039539093362,0
2.290889960434418,0
-4.8659657972713495,1
-4.642932412747325,1
2.398906290874219,0
-4.699018553942821,1
2.343280506262712,0
2.33148586155971,0
-4.766425825497429,1
2.1666637215145257,0
-4.583693968013275,1
2.274723517801701,0
-4.5894883812696605,1
2.2717820800920143,0
-3.587456641683822,1
2.231248347186498,0
-3.7363887201879242,1
2.2588608342385337,0
-3.87488525588758,1
1.1110026273110831,0
-0.9884464584589612,1
1.0749430261627742,0
-3.4899848247592864,1
1.0460996002720246,0
-4.160465881881264,1
1.1054808926366175,0
-4.933074608592764,1
0.8839401639685573,0
-5.037724229479856,1
0.9930454741197307,0
-5.186591175149703,1
0.9912712085528866,0
-5.406360830057217,1
1.1841556892017904,0
-5.572468623350553,1
1.1622258360150581,0
-5.288240660553971,1
0.9222040996383976,0
-5.294083646714729,1
0.8541258040568893,0
-5.191295723628539,1
0.8202542227972597,0
-5.267694824593152,1
0.8850099821665135,0
-5.366798393609371,1
0.8537636300003535,0
-5.644937960198757,1
0.9503607446088449,0
-6.297555663828457,1
0.6934643988171661,0
-6.961088156030076,1
0.9822733258302881,0
-6.695266698261755,1
1.0264202102188122,0
-6.294285942079263,1
0.959172489508134,0
-6.253463430352386,1
0.9927364315370997,0
-6.062409605377444,1
0.912891512167893,0
-6.227600071240682,1
0.9522619948853678,0
-5.872633032130129,1
0.9468038874905,0
-5.628454702047969,1
0.8669208798795914,0
-5.988363310086592,1
1.3589241002032124,0
0.9092419606852593,1
0.5520371057673205,0
1.3724999433262353,1
1.143878051959868,1
0.8325162158544056,0
-1.976620385854162,1
1.0321531465878269,0
-2.7706494491913474,1
1.1323230002629106,1
-4.290118793614346,0
1.19778940594311,0
-2.47577037717948,1
-0.06699031735683036,1
1.1398581853165812,0
0.4080660406302435,1
1.1638769885599738,0
1.6674769285107707,1
1.2392730419615514,0
1.861337677882739,1
1.1806248206298589,0
1.1891272188383841,0
-2.509902539483138,1
-4.276277131046342,1
0.9589279807751926,0
-5.3410755150022675,1
0.8874043452879152,0
-4.960498512308408,1
0.8881917752743275,0
-4.820463152285041,1
0.9506952964299287,0
-5.006812421839107,1
0.9953050683554966,0
-4.822328430620305,1
1.2681917324599776,0
-5.011526949767795,1
1.3167796212985765,0
-4.966294749451159,1
1.157064885448544,0
-4.697577394890609,1
1.4322197025519325,0
-4.484255137773692,1
1.340708328275238,0
-4.101291517922067,1
1.0774263998071336,0
-4.22838876217079,1
1.2506511298776746,0
1.0460996002720246,0
-4.160465881881264,1
1.1054808926366175,0
-4.933074608592764,1
0.8839401639685573,0
-5.037724229479856,1
0.9930454741197307,0
-5.186591175149703,1
0.9912712085528866,0
-5.406360830057217,1
1.1841556892017904,0
-5.572468623350553,1
1.1622258360150581,0
-5.288240660553971,1
0.9222040996383976,0
-5.294083646714729,1
0.8541258040568893,0
-5.191295723628539,1
0.8202542227972597,0
-5.267694824593152,1
0.6603915089575001,0
-5.4829069600378055,1
0.742716106931547,0
-5.027024366504694,1
0.9967202372067725,0
-5.792614295774387,1
1.0928148887509719,0
-6.858171285797038,1
0.9477591305175107,0
-7.033175689880369,1
1.0419405270162876,0
-6.656711976389124,1
1.0954620104251136,0
-6.203484516878044,1
1.0746688237181277,0
-6.223603518916174,1
1.1279518403934408,0
-6.148441872526238,1
0.8382302615859356,0
-6.2893692786827655,1
0.978400662769632,0
-5.822812586994349,1
0.9358895694947824,0
-5.602739185876547,1
0.7084102778909949,0
-6.0790729198491835,1
0.9269911401024687,0
-5.927593669012892,1
3.9191220028554064,1
-1.9165736994077613,0
4.0292843365839515,0
-2.9380040033219075,1
3.939314881153084,0
-3.7715583065781324,1
4.0176667287241905,0
-3.7567875558654573,1
4.035348530671851,0
-3.7110948071346126,1
3.9719972427561974,0
-3.982764470703888,1
3.8980903027780798,0
-3.6540385361132817,1
3.950585451466841,0
-3.7128621445749657,1
3.9724655485142626,0
-3.320042393913831,1
4.172532385494561,0
-3.16022535205321,1
4.0357757758335815,0
-3.373285913800994,1
4.029862303224533,0
-3.218653788813198,1
-5.440312752291377,1
3.8282180847775984,0
-5.073519426080637,1
3.8577465437905523,0
-4.673312529300218,1
3.8436111719362622,0
-4.92931893368051,1
3.914344509888896,0
-4.553056162941374,1
3.891293200600016,0
-5.0309786498436155,1
4.019483172211101,0
-4.401830346951515,1
4.226997528399058,0
4.139104791340184,0
-4.230082988155507,1
4.331199373080617,0
-3.79037339707292,1
4.0405979552287645,0
-3.9909658829689088,1
3.9839080198879193,0
-3.571505370618672,1
4.002524265258529,0
-3.6848542207325563,1
1.461591272470754,0
-2.385579784165868,1
1.3889011237723454,0
-3.122642449863776,1
1.3887652990665136,0
-3.345567194236672,1
1.3038105723373432,0
-3.813103005926621,1
1.1441789898347539,0
-4.1977489700989405,1
1.1308075148672116,0
-4.33281865638762,1
1.4161143429606484,0
-4.482536007217402,1
1.3402520665167676,0
-4.509381935797068,1
1.5534938327558578,0
-4.508412838593011,1
1.4806949371988132,0
-4.034311547308057,1
1.6168859811495608,0
-4.023155028744778,1
1.4576915539729782,0
-3.851221064830895,1
1.3573811004612468,0
-4.887285943828077,1
1.3331529888844666,0
-5.623431995481322,1
1.3573898475499442,0
-5.599565888050054,1
1.2480234959725771,0
-6.330535546173541,1
1.2788089563192073,0
-5.578556529163828,1
1.4252402491158658,0
-4.472348876580537,1
1.4860703141564016,0
-5.39140026895779,1
1.2207531739987698,0
-5.079263638676975,1
1.350549161850354,0
-5.238087180958617,1
1.467010023102837,0
-4.855451686455735,1
1.4382821447415122,0
-4.48286306050134,1
1.2595471259682636,0
-5.225069352671049,1
4.650893584731067,1
4.118653075004158,0
3.957795043997212,0
4.721637887828477,1
4.0566165380206884,0
5.172347204223888,1
4.134467834064058,0
3.063283777212303,1
3.750251224474473,1
1.0078959010710378,0
3.951031843878749,1
3.719527660765943,1
4.094514758689363,0
-2.9395626998237243,1
4.246891991243709,1
-1.6700382554025286,0
3.872689206694658,1
-2.5054193439873,0
4.186076626466797,0
-3.0365467120685987,1
4.250085712800499,0
-2.575423698134974,1
4.269693362331564,0
-1.8411768506838926,1
4.27533796232856,0
0.5360948798552727,1
4.415722970491706,0
1.2830749245704602,1
4.439524834524138,0
1.2215619751995028,1
4.276605517735558,0
-3.91189302359033,1
-3.4639558798889243,1
4.1308456360631025,0
-4.586431234680584,1
4.062606922843433,0
4.068454630363362,0
-3.935931282925306,1
-3.8908816459929207,1
3.961887935331399,0
-3.7581956237118552,1
4.358262283919726,0
3.8898354762821055,0
-3.9474819171943856,1
-3.7031276785361165,1
4.022551250052638,0
1.0212641443707184,1
0.9236773907634476,1
1.0334776053998738,0
-1.0394039994038744,1
1.2406237546199081,0
-3.274012173922512,1
1.1961258265393309,0
-4.0196767905940405,1
1.0796867287117846,0
-4.518946830914185,1
-4.680293599189185,1
1.1883839738575004,0
1.1189673443183337,0
-4.73641636814455,1
-4.651761823385485,1
1.5028534772079465,0
1.4604712852211794,0
-4.67700026155305,1
-4.722030433100612,1
1.2932682925441994,0
1.2587227114601576,0
-4.9434899941330235,1
1.2600683113620574,0
-5.5435509933146685,1
1.2971781069809691,0
-5.323871917671818,1
1.215261516989617,0
-6.03094856321854,1
1.2738728273632616,0
-6.426480595519469,1
1.308399300278878,0
-5.957301159624002,1
1.290358424932534,0
-5.820400590661595,1
1.39331656974594,0
-6.11725160235401,1
1.4918046622506491,0
-6.4336615726999025,1
1.1630903466595117,0
-5.904328531201789,1
1.2406379685087434,0
-5.994202192801456,1
1.4348042649515826,0
-6.0183016979491475,1
1.4344493174689374,0
-5.790903948716755,1
4.719323617975474,0
-4.051512019211253,1
4.939670075977719,0
-4.1049257430635,1
4.791616707517685,0
-4.997727784050184,1
4.812507483717574,0
-5.085784118042371,1
4.603722051334283,0
-5.247259771460203,1
4.670272749832578,0
-5.127791960735896,1
-5.1310118768920505,1
4.671793045948808,0
4.66584051837977,0
-5.075451874994008,1
4.394605111253027,0
-5.013311261985645,1
4.480259734257545,0
-4.7411817376342285,1
4.329682001894449,0
-4.991562188432402,1
4.504175774472891,0
-4.678436293680171,1
4.679266080921398,0
-5.102161744406876,1
4.681274725555667,0
-4.756281025343963,1
4.653725444830781,0
-5.2099245615877186,1
4.668543252836826,0
-5.323548040615335,1
4.648621266045613,0
-5.343554034973363,1
4.513043416086605,0
-5.182626088639871,1
4.722439511823829,0
-5.311949011343836,1
4.68510475631178,0
-5.496181175705475,1
4.7556054123645675,0
-4.804065198054891,1
4.990641549444668,0
-4.930564770566239,1
4.78456539082226,0
-4.740443354566135,1
4.7635117027567855,0
-4.771569350755659,1
3.688359493954497,0
-5.756428605560867,1
3.8672832679525047,0
-6.293929769347357,1
3.6947243803317242,0
-6.357943017592142,1
3.842842889852227,0
-6.57616953203109,1
3.5708803689684303,0
-6.6351592599325695,1
3.8394869909420914,0
-6.615853848281253,1
3.8023850748129915,0
-6.567382024439921,1
3.8426351101756793,0
-6.574010811451225,1
3.8022617338714766,0
-6.32039712857055,1
3.9612433190838705,0
-6.252890376800202,1
3.7140753909196085,0
-6.040448701055011,1
3.71869890003139,0
-5.906735452847001,1
4.06633316788115,0
-5.9885370215669065,1
4.264966908096519,0
-5.80194092680592,1
4.308842287436063,0
-5.464170199357552,1
4.260192242352136,0
-5.633261208020422,1
4.052276398414304,0
-5.707197590115023,1
4.159160150620739,0
-5.6834480477235045,1
4.049720406648768,0
-5.723100967811657,1
4.10928635560403,0
-5.824996447767517,1
4.152816517356867,0
-5.888988731409997,1
4.163191652314052,0
-5.722984737610859,1
4.294847833867768,0
-5.766570607794239,1
4.174748553334261,0
-5.728013709336433,1
3.360253644730559,0
-7.2014726227178585,1
3.3091814338073706,0
-7.411305575771679,1
3.295102476693441,0
-7.384932756164205,1
3.389136390878923,0
-7.458523689061746,1
3.2567300914870323,0
-7.170209194397583,1
3.405701074773373,0
-7.246737706627968,1
3.5249922073202122,0
-7.0365818127414945,1
3.600002014955865,0
-6.824817657206397,1
3.3261890306119968,0
-6.961122102285006,1
3.3631657778153388,0
-7.232735485843317,1
3.4503392354007767,0
-7.131627501644497,1
3.5985947985944544,0
-6.976779368229613,1
3.287495908040591,0
-6.232058119552914,1
3.3170081361868826,0
-6.286576050201796,1
3.292060235997877,0
-6.40429770924228,1
3.294916162425233,0
-6.369784353431112,1
3.283898823776918,0
-6.712331603802916,1
3.5497263456405164,0
-6.7495984532502,1
4.214152963690146,0
-6.384675891200894,1
3.9825613903015955,0
-6.350389523412813,1
4.080176857456745,0
-6.35259513997114,1
4.162205704512801,0
-6.296158894821011,1
4.132687750728652,0
-6.249850073339575,1
3.917045429155541,0
-6.419950687185525,1
4.1281512541578795,0
-5.161071439655972,1
4.197394290912205,0
-5.416402076881222,1
4.133504388204527,0
-5.481995777430534,1
4.237579307323842,0
-5.464597825099063,1
4.2934871742815846,0
-5.670914688144318,1
4.118169611422213,0
-5.809111073824561,1
4.1927890489871595,0
-5.886106600743016,1
4.153214856577976,0
-6.060891994451565,1
4.287755377976227,0
-6.198442796308137,1
3.926089647694085,0
-6.091006380717861,1
3.9920972061012976,0
-6.419830909648668,1
4.098877184900065,0
-6.151806114980628,1
4.258041869102514,0
-5.527611204440874,1
4.423442325987852,0
-5.516755272517644,1
4.391814902019639,0
-5.732629272433312,1
4.3113366379740485,0
-5.734121821052261,1
4.327907974564027,0
-5.5950959451456725,1
4.152634363322751,0
-5.486245056415539,1
4.2453077197992855,0
-5.747386489991,1
4.440998782675144,0
-5.597868311855577,1
4.445688282435388,0
-5.615146790283945,1
4.461683155373186,0
-5.708384923767429,1
4.215119699410356,0
-5.7029236183567384,1
4.1495751517019865,0
-5.658372165622194,1
-6.177813831277114,1
3.511066755247076,0
3.20056436987153,0
-6.705748053058515,1
-6.702584926886271,1
3.1298307096155664,0
3.1075406244098924,0
-6.5102216042972705,1
3.2063219366214026,0
-7.048577485713255,1
3.2015159878757835,0
-6.4407182475115485,1
3.0996985607275116,0
-6.805694160709486,1
3.212097104306767,0
-6.823484370596904,1
3.320413910339604,0
-6.689086044642541,1
3.1909378983798664,0
-6.645995766635766,1
2.956037316126397,0
-6.512728729589348,1
3.1616808883889376,0
-6.647267931548397,1
3.537307580460166,0
-6.4808903130301605,1
3.641882271177415,0
-6.569494564518785,1
3.636079371265042,0
-6.803478497336411,1
3.578446699037923,0
-6.604665367666337,1
-6.4262567794025856,1
3.8570446029677035,0
3.844994055696031,0
-6.44536714508911,1
3.5995758110536684,0
-6.483953450021172,1
3.495143195750913,0
-6.475495486938077,1
3.5622227732912943,0
-6.530436338209129,1
-6.426516938350865,1
3.7403159213070563,0
-6.558993044541614,1
3.3431577774952093,0
-6.523518492193052,1
3.5591525403634168,0
2.891640498518983,0
-7.528963312260517,1
2.877930282084505,0
-7.620488681917982,1
2.857062292571519,0
-7.461396013783795,1
2.8642434311414333,0
-7.697368323470945,1
2.900276212861279,0
-7.605612088386881,1
2.9217579181231406,0
-7.478430593093136,1
2.9637504653181477,0
-7.614011986049435,1
2.935222265585832,0
-7.627373604078741,1
2.9241665780484736,0
-7.352397150920743,1
2.8110416934852798,0
-7.516818614379077,1
2.830765240504006,0
-7.604388147363429,1
2.909164853384418,0
-7.697025307283981,1
2.9731654326345986,0
-7.508316365397568,1
2.826398427368151,0
-7.565808834980552,1
2.906585138022302,0
-7.200817390664342,1
2.8705399625934804,0
-7.213190804510144,1
2.9164121586851985,0
-7.279294632036205,1
-7.398852023181104,1
2.828716023206698,0
-7.463557799411374,1
2.8547591814433257,0
-7.233278329402915,1
2.741348555513089,0
-7.151916790402211,1
2.831798347680066,0
-7.161579780372953,1
2.7158409155677954,0
-7.129669496359428,1
2.836323727036778,0
-7.176467145371506,1
2.785259479535296,0
3.3021745836526524,0
-5.6049994057243016,1
-6.4474554643772155,1
3.243895403007184,0
3.141414955007518,0
-6.4233042323255845,1
3.09442879110044,0
-6.54508872805373,1
2.948060719244782,0
-6.560076871166421,1
3.158446140956274,0
-6.914862136716922,1
3.062190222323719,0
-6.5393741784730075,1
3.0975404343578745,0
-6.712799847691579,1
3.157143729964473,0
-6.896685165843897,1
3.224867510258035,0
-6.649419318400788,1
3.0387231966787396,0
-6.636721326673308,1
2.9757578403427485,0
-6.590732625236287,1
3.5101599510663126,0
-6.711006467010645,1
3.61438396803475,0
-6.635238146175956,1
3.672863927539041,0
-6.445090901064544,1
3.728370448520749,0
-6.527296721024703,1
3.6489987460243603,0
-6.453062983721168,1
3.5273604965824625,0
-6.555960766558093,1
3.5113418042794677,0
-6.490202982582961,1
-6.429660456380045,1
3.6271310614095986,0
-6.537275636718711,1
3.535204120630388,0
-6.513467635578097,1
3.648641333214261,0
-6.475452136032035,1
3.63236258257764,0
-6.506511735231512,1
3.665465105548303,0
2.923071147401301,0
-6.537696439875083,1
2.819805334083141,0
-6.746073959309747,1
2.9298918949585833,0
-7.107129768755092,1
3.07932692312467,0
-7.352631212568756,1
3.05528548589122,0
-7.294471982315375,1
2.996076406310775,0
-7.401909160824924,1
2.925393655594706,0
-7.434245156313174,1
2.8501347976483573,0
-7.581525132046658,1
2.8655430665033914,0
-7.4365656228156,1
2.895265805572705,0
-7.616245100333118,1
2.81845386228321,0
-7.567396472090807,1
2.902551857366193,0
-7.560491279147318,1
2.921340306590781,0
-7.458181417484136,1
3.0206776320842748,0
-7.290383816563543,1
2.8753154238133147,0
-7.235680954479228,1
2.973557691507326,0
-7.372032289859245,1
2.971449317210188,0
-7.654898188512122,1
2.9649549727894082,0
-7.2314954786034145,1
2.8660724607024743,0
-7.171978916339851,1
2.968404828377901,0
-7.178846751350613,1
3.038244432007461,0
-7.01708469915034,1
3.0282005133282888,0
-7.236382397130673,1
2.9721211147437643,0
-6.855323838857441,1
2.9355575913266363,0
-7.10864889986082,1
3.0425120354766224,0
-6.921175231413673,1
3.4651690579652126,0
-6.993350363926612,1
3.1235403639751325,0
-7.459668240691373,1
-7.6496146554907405,1
3.0496901500128164,0
3.432601029721969,0
-7.227996703418837,1
3.268012420283207,0
-7.111713150975892,1
3.2403313622293313,0
-7.0370738650054045,1
3.564048742657625,0
-7.032355100587487,1
-7.029967925351635,1
3.356862677159695,0
3.6780420555692523,0
-7.35383035680202,1
3.475109585444277,0
-7.536548186353057,1
3.383010838289279,0
-7.532193858339465,1
2.8843997133975114,0
-6.970054840528728,1
2.8457138826194686,0
-6.725362228956285,1
2.8128422164176192,0
-6.648329331423112,1
3.587203685270405,0
-6.634179189140775,1
3.542876038976384,0
-6.5784512172998175,1
3.8069600555523824,0
-6.582283440853937,1
3.0700718079523406,0
-6.561453302856608,1
3.084871558263344,0
-6.597181238302096,1
3.059627566709921,0
-6.436952322711828,1
3.023655979358108,0
-6.432368472013101,1
3.0511173834932377,0
-6.440312117928413,1
3.1942716765633477,0
-6.491895513903306,1
-7.825287646140875,1
2.7889380436768008,0
-7.862433985349845,1
2.9128514300657136,0
-7.754057499780997,1
2.8529417871901996,0
-7.5904079298659095,1
2.7701498604574883,0
-7.566515271866129,1
2.979926337635924,0
-7.75048697566539,1
2.8323423775214236,0
2.7268263837148985,0
-7.775869186998551,1
3.035634071537753,0
-7.701326309430694,1
2.8511714446139407,0
-7.742854748541524,1
2.8349146813548924,0
-7.702430479811554,1
2.859419264771223,0
-7.632470848358714,1
2.7326277721279157,0
-7.663034023090273,1
-7.680630090634748,1
3.021695925862723,0
-7.574807136469947,1
3.0541977546795915,0
-7.372791412907785,1
3.33474070051843,0
-7.638514389859898,1
3.3331926353977677,0
-7.310438348189069,1
3.3292058779880973,0
-7.270814837472209,1
3.135735415554343,0
-7.26346176323644,1
2.9317706290474,0
-7.3241996153518825,1
3.118860443502659,0
-7.2111094431938545,1
3.046342289248414,0
-7.426645117961568,1
3.039926313184346,0
-7.367559670722185,1
3.0463380533449973,0
-7.396806972496339,1
3.082989220175343,0
5.913703101976145,0
-4.031580620666835,1
5.916670055001492,0
-4.7765427026902065,1
5.8113566082213195,0
-4.8620691874027315,1
6.015147955786735,0
-4.82057609646407,1
5.8170527078201655,0
-4.940121463229133,1
5.685932170255224,0
-4.717302134255432,1
5.649232038023936,0
-4.836893591097693,1
5.561394618970974,0
-4.569336520302175,1
5.7510613766708465,0
-4.381957244560879,1
5.616189354446968,0
-4.165004512242149,1
5.489256694843935,0
-4.319547108632188,1
5.6142862762198416,0
-3.9906477362601978,1
7.817614630187152,0
-5.6183366574185865,1
7.843004438724109,0
-5.643048873787751,1
7.693419869993514,0
-5.499138368665203,1
7.589388137527022,0
-5.321023318602735,1
7.590446036427625,0
-5.266172480813921,1
7.542291187799753,0
-5.0045338381578235,1
7.693769053053407,0
-4.829650827203643,1
8.180734945678633,0
-4.84347847181189,1
8.095169667237627,0
-4.91069625111699,1
7.890431634825281,0
-4.6769380625757435,1
8.976797497989946,0
-4.745915743467027,1
8.171110858553966,0
-4.939917646256943,1
7.929030287685153,0
-8.012613046017663,1
7.430082565293041,0
-8.505869871993848,1
7.265830859362756,0
-8.301796718260363,1
7.444848338133925,0
-7.277511655346392,1
7.296706577566094,0
-7.3710400543452845,1
7.895906722119257,0
-6.780617495300471,1
7.941316047453657,0
-6.385773016787764,1
7.849615814182004,0
-5.574740822267721,1
7.342858378792904,0
-5.620355931792545,1
7.8023684930354955,0
-5.334937005001354,1
7.419435510813341,0
-5.230771197820725,1
7.5965945844537766,0
-5.25726471506646,1
6.182194916985739,0
-2.4432055536658304,1
6.064582744195178,0
-3.108392866923141,1
6.065795685003,0
-3.143163592755774,1
6.125556544768429,0
-3.3412413661017646,1
5.94440649882414,0
-3.2271291395757804,1
6.0380122361688775,0
-3.336548718264041,1
6.207775826540063,0
-2.9860864439623445,1
6.466518744101764,0
-2.8488374824593303,1
6.264450493345661,0
-2.461792467345062,1
6.2744456890158995,0
-2.4398824732474793,1
5.805003896755055,0
-2.1561647667548165,1
5.767752108515674,0
-1.9483583901923325,1
5.614535335506642,0
-3.873676717858308,1
5.704878872845469,0
-4.04054656719585,1
5.901806077950808,0
-4.038983614439481,1
5.6842760465250155,0
-3.356698644436235,1
5.603308823671582,0
-3.08644395538831,1
5.482541741147727,0
-2.893640052296917,1
5.555461242422689,0
-2.7817857222999933,1
5.784464840325437,0
-3.1454767071840024,1
5.529457899105561,0
-2.982134051896245,1
5.319663499157142,0
-2.85209908650038,1
5.36131600679402,0
-3.104948567762282,1
5.482527601938038,0
-3.042317920324331,1
12.185599329716084,0
-4.669093527222934,1
14.223831001119404,0
-4.799232378299977,1
12.848019457760948,0
-4.601245593915852,1
14.866722121294831,0
-4.263253594101224,1
14.027492313909828,0
-4.2421027791156005,1
11.992567286512912,0
-4.354496087110442,1
12.654356510665874,0
-4.474630592998398,1
11.90702572744333,0
-4.344479040026765,1
11.43869184622919,0
-4.502397056262891,1
11.14820465671674,0
-4.507999579101867,1
11.950825562708253,0
-4.404271821826939,1
12.40691170108552,0
-4.521574257836201,1
13.458168040365809,0
-4.960403628498061,1
12.588209687208352,0
-5.15429845644564,1
13.71718858136251,0
-5.047514762252201,1
12.719268741342411,0
-4.8336779201680535,1
13.54771386518096,0
-4.904354252528719,1
12.56563345143823,0
-4.202516321337513,1
12.696555617020504,0
-4.334959957718977,1
12.617943970436226,0
-4.40628287679629,1
13.578035754498309,0
-4.394827112574031,1
13.214929490476525,0
-4.218460772830952,1
14.266460690773151,0
-4.304324799298278,1
12.469065486670043,0
-4.360714944888979,1
6.259668162477115,0
-2.251318086701022,1
6.285535516799679,0
-2.207647278394238,1
6.111316902129381,0
-1.9502538420070492,1
6.022337181630659,0
-1.8568103125461488,1
6.071166521076643,0
-1.7514846904276657,1
5.7488922888832406,0
-1.5383547541138236,1
5.91730136537415,0
-1.4744815808925746,1
5.559819758873157,0
-1.2337062579665814,1
5.469729135253214,0
-0.8200868196055772,1
5.229775143595401,0
-1.3531656203072477,1
5.3138911111938505,0
-1.1587779404011032,1
5.214581529317555,0
-1.0756606194805884,1
5.228413509913209,0
-2.6999840345396358,1
5.333697702640605,0
-2.5260010346487416,1
5.310723916148613,0
-2.7376655324470573,1
5.190513311959152,0
-2.993803319773441,1
5.267808943223953,0
-2.7550856376824147,1
5.2328403308909195,0
-2.6486964792171173,1
5.245259591106971,0
-2.2702809782166256,1
5.013126984449688,0
-2.785949707297678,1
5.233810943885511,0
-1.6430115759372117,1
5.145891677164848,0
-1.6737969079284942,1
5.540376521519355,0
-1.9233858710513645,1
5.459394181589478,0
-1.895472195502063,1
9.573895009670956,0
-4.145319884546387,1
10.201782313361292,0
-4.391171823376608,1
10.104138483278131,0
-4.627863042513626,1
10.052668963040357,0
-4.802023273117214,1
10.120800554981376,0
-4.825048918434509,1
10.686182434279853,0
-4.658141484096266,1
11.246015046210651,0
-4.325748776966071,1
10.933349552641452,0
-4.358232023084109,1
10.421255807690326,0
-3.951805624521906,1
10.110667165241598,0
-3.847299236050559,1
10.167246080704658,0
-3.8042105034154043,1
10.0439271618302,0
-3.555463636112265,1
10.94123596055616,0
-5.234120262084719,1
10.733484492053016,0
-5.5408151701060415,1
9.88396802634593,0
-5.469189227226016,1
11.536280554765082,0
-5.1790955879698535,1
11.423486897822908,0
-4.981167915638641,1
11.697060392494517,0
-5.130129576672868,1
11.125629087977067,0
-4.838828419810484,1
11.687022801351663,0
-4.617732127040282,1
11.925943516647653,0
-4.122799544028627,1
12.661312310398866,0
-4.3033690046536135,1
12.502421912790993,0
-4.22261644511827,1
13.396750173250979,0
-4.1167183834659795,1
4.5210747932870525,0
-1.8975794084536994,1
4.255192459364437,0
-2.586778257688279,1
4.4308189470724555,0
-2.626508096327566,1
4.587892069176281,0
-2.9063518454907826,1
4.433011376415826,0
-2.8158300689390012,1
-2.671280978268179,1
4.523363330480231,0
-2.4627188293161955,1
4.420394776460051,0
4.414417873590768,0
-2.2922294195576534,1
4.497829991599574,0
-2.2627958454844275,1
4.421410977625547,0
-2.1513513099883586,1
4.397245019370878,0
-2.2880914610110588,1
4.569929337800876,0
-2.1304029274228444,1
4.737866912427949,0
-3.632151618488085,1
4.751170475544046,0
-3.6581474820605395,1
4.828060899284767,0
-3.730074011681695,1
4.775392083180777,0
-3.612123747140631,1
4.8719070634440955,0
-3.747556750214459,1
4.74348703496072,0
-3.1746485519944088,1
4.592263789934163,0
-3.033149402816845,1
4.426532814928089,0
-3.1633589774466344,1
4.613277104252164,0
-3.0834517216672173,1
4.517070607036974,0
-3.045228117253138,1
4.703273860672765,0
-2.931188521881735,1
4.5917660964742355,0
-2.7732545247485167,1
9.698885657634499,0
-5.145711974344334,1
9.66542415852135,0
-5.062827537788484,1
9.604530607385843,0
-4.774325896426429,1
9.775507924955821,0
-4.978923711254374,1
9.599011174513798,0
-4.943886256000545,1
9.559770474474757,0
-5.003092829176909,1
9.375382290270064,0
-4.765248379353448,1
9.613096586509897,0
-4.761003947909386,1
9.332995375716575,0
-4.777539428311754,1
9.230744279398948,0
-4.898172379395695,1
9.236634000733147,0
-4.708219851288153,1
9.37217629866485,0
-4.7461624453803575,1
9.548772554256736,0
-5.945931750784133,1
9.599432551180492,0
-6.0174989885770644,1
9.865705530993985,0
-6.16615273038338,1
9.416670497731658,0
-6.04705680754844,1
9.215001841908201,0
-5.727417216168273,1
9.69528590492165,0
-5.758560504475284,1
9.893912318761753,0
-5.6528986396345635,1
9.799782965269195,0
-5.513108722860566,1
9.706959312137652,0
-5.580003630630546,1
9.80348332196041,0
-5.435285046735678,1
9.611431125973073,0
-5.185160406959524,1
9.328257290804533,0
-5.237614700460627,1
5.072047120028407,0
-1.2490638886617678,1
4.735968143622775,0
-2.707243512642297,1
4.742303555121103,0
-3.0759550428777778,1
4.5058171375089,0
-3.3472496702055112,1
4.655813791360362,0
-3.2108706956653106,1
4.5095564962870895,0
-3.015537481113747,1
4.688494602066215,0
-2.6539953798467972,1
4.681139951335109,0
-2.4097326306686804,1
4.600424772251368,0
-2.164229058258127,1
4.781952772185916,0
-1.5780220652762154,1
4.598486771039993,0
-1.702173324833042,1
4.702156415310979,0
-1.2954654570774427,1
4.479199362051448,0
-3.935479746510292,1
4.499109368298927,0
-3.6308034006982104,1
4.698157686124113,0
-3.7499380750588576,1
4.605041854100732,0
-3.5372435764146894,1
4.6946167894145905,0
-3.818385751095436,1
4.593705611663184,0
-3.571646048945504,1
4.619702586162634,0
-3.1799710241827213,1
4.5398476021436585,0
-3.1486547026279927,1
4.617457000082684,0
-2.9820264751845156,1
4.856056683400802,0
-2.884634841524732,1
4.8342326999926275,0
-2.86078706956666,1
4.646060560646814,0
-2.8232362832834594,1
-2.7691713565804235,1
7.104421502290568,0
7.299916168972059,0
-3.6242766438212937,1
-3.8687682432007797,1
7.484158810197164,0
-4.431607461438238,1
6.8593192525355935,0
-4.6545213997808235,1
7.003765523305621,0
-4.8256930681187535,1
7.033465816349918,0
7.158223081844724,0
-4.699034367520067,1
-4.535815594519362,1
7.316462844024605,0
7.174206319113748,0
-4.427777753789266,1
-4.351931155356004,1
7.197029994116622,0
-4.323239226205913,1
7.109437678044648,0
-4.0419037669666205,1
7.026159841858395,0
7.01126080970267,0
-4.5312471752972066,1
7.2120107076924755,0
-4.594783736384823,1
7.097472643171834,0
-4.738422265035173,1
6.732077607570159,0
-4.914966315314177,1
6.526326960266717,0
-4.783732096856022,1
6.957723261630366,0
-5.1554594144719115,1
6.938571973801463,0
-5.066245355300901,1
6.98926902246304,0
-5.267236151267738,1
7.04020516299256,0
-4.910444375586349,1
7.107665775235189,0
-4.516853252072448,1
6.833291194882464,0
-4.362621483965186,1
6.739583333111161,0
-4.080843583966979,1
-5.262670656905681,1
5.865389718419192,0
-5.062131532229482,1
5.991504231207665,0
-5.117128642016573,1
5.646552125461039,0
-5.529712451108206,1
5.804696123664157,0
-5.287149838349402,1
5.815605965646014,0
-4.66455939843362,1
5.917756558426454,0
-3.9807156538430695,1
5.7603871960506465,0
-3.6952262702041123,1
5.746482280865734,0
5.979799962663099,0
-3.4821783238377164,1
5.582246264238782,0
-3.4388275046894816,1
-3.4353675563926567,1
5.667175231201227,0
5.788841678413952,0
-3.2267152847129505,1
-4.786942350025039,1
5.763518833566768,0
-4.85093254805243,1
5.502713856761669,0
-5.312817689337764,1
5.878574887076983,0
-5.432949746664898,1
5.508959367539193,0
-5.526633218935871,1
5.6117354260253745,0
-5.62386659424666,1
5.725787673531966,0
5.668689494934537,0
-5.424311485512344,1
5.779705556037094,0
-5.423479762538041,1
5.575583992131963,0
-5.276115074419245,1
5.653456089142749,0
-5.596794890326015,1
-5.462601064472701,1
5.9722680344532195,0
-5.127542455944246,1
5.821253287982026,0
7.855633728776503,0
-2.506120483849133,1
7.641691333193021,0
-3.6961891364755095,1
-4.520156468821106,1
7.975156390018539,0
-5.052454946694994,1
7.891845003437947,0
-5.399758875156176,1
7.329209645785583,0
-5.155966165143896,1
7.484266878338898,0
-5.462835689225426,1
7.948990361790427,0
-5.090834567620448,1
7.777510030370153,0
-4.379572392499555,1
7.648970560089302,0
-4.272527255747436,1
7.630469388115727,0
-3.7395205270271403,1
7.8567990647228525,0
-3.5210074777754965,1
7.91530882208642,0
7.589270346749489,0
-3.258331174352109,1
7.776292022458777,0
-3.542292538898074,1
-4.413724245143157,1
7.781280400181156,0
-3.976472232251788,1
7.823189974431809,0
-3.7765864906732034,1
7.630868208124346,0
-3.3129262157913644,1
7.655462854840493,0
-3.1646939742615237,1
7.965185658326094,0
-2.7037996348644264,1
7.837324060590992,0
-2.8780743205447323,1
8.035506751678522,0
-2.5612760727214727,1
8.046595659960495,0
-3.090185898977628,1
8.117011048748964,0
-2.6045767726452214,1
7.908035961438806,0
3.115705880246192,1
5.760387700162627,0
5.7624115733956724,0
-1.521670697273466,1
5.444061340288933,0
-3.605964255221024,1
5.546993496969002,0
-4.61159815251608,1
5.720408917343358,0
-4.71242379174737,1
5.720235570642953,0
-4.884977053816895,1
5.546668538918803,0
-4.926880484341555,1
5.827199759916335,0
-4.292715034976895,1
5.820696160159053,0
-3.937093781181011,1
-3.4843605934812603,1
6.413136442193358,0
-3.002087113760228,1
6.036474419791969,0
-2.9991908190371825,1
6.149161223950593,0
-4.918002006099265,1
6.255271479478095,0
-5.076536635242742,1
6.267409447479386,0
-4.941413292593889,1
6.201352873937613,0
-5.044393583458794,1
6.180485479369488,0
-5.118232965149997,1
6.061773265597088,0
6.13265385397388,0
-5.312709606720716,1
6.122394524500247,0
-4.257572749452509,1
6.048924645066638,0
-4.286404730594542,1
6.080529256717676,0
-3.916584639790354,1
6.097734536849469,0
-3.89982810256553,1
6.263463131647116,0
-4.34245534365268,1
6.405024886838914,0
-3.9261300195079616,1
7.199007960944911,0
-5.728848748173552,1
7.420702988123605,0
-5.432600414260249,1
7.559117582153606,0
-4.910721446561427,1
-4.732552826296448,1
7.581343303370017,0
-3.953999696904486,1
7.615503493739131,0
-3.496100556175252,1
7.525275448757603,0
-3.6440830394459494,1
7.260087762492731,0
-3.8430638636105394,1
7.281477238578907,0
-3.7427489592072463,1
7.433248236179256,0
-3.8121746359883084,1
7.448116651348842,0
-3.8896145548539267,1
7.596307636834574,0
-4.196591955384842,1
7.68499504812447,0
-3.323948626856866,1
4.389657942771098,0
-3.5392010178335904,1
3.9932262902491242,0
-3.8289374687185855,1
4.1661013189480585,0
-4.019309865748551,1
4.1094777666143045,0
-3.625915689525308,1
3.9849936793451732,0
4.0481612544611005,0
-3.269413779941279,1
-2.6885919341850726,1
3.9401387269798116,0
-2.9258223452513037,1
4.035034063682378,0
4.338403628601474,0
-2.847024603282743,1
4.618254055143039,0
-2.620113921020141,1
-2.859163674134084,1
4.459688989344836,0
4.7138287821414435,0
-2.8510779791051615,1
-5.7384248707061865,1
5.631941034308772,0
-5.669934803021933,1
5.80483504196969,0
-6.453113610527555,1
5.976542158464484,0
-6.491779887906112,1
5.938543491650654,0
-6.568937908263995,1
5.799834829734629,0
-5.603382829622612,1
5.80134099271872,0
5.985243618973849,0
-5.46183824569376,1
5.803787235984481,0
-4.54440428826459,1
5.81956565638784,0
-5.387552246614916,1
5.683924872787649,0
-4.8545729637232915,1
5.924899708088762,0
-4.804707103036628,1
5.963767679525048,0
-5.569181924187312,1
3.7875174900778674,0
3.421360131287978,1
3.3035222128915245,1
3.4609836913405467,1
1.1625303886345448,0
3.5181779861908904,0
2.864707144270941,1
3.8303121972365113,0
-3.198175940803638,1
3.576147288558378,0
-3.692342596307968,1
3.7061770270769956,0
-4.702166805712042,1
3.764592058805469,0
-5.131136403036168,1
-5.177179368320588,1
3.5453852779151576,0
-5.190015483411857,1
3.5878098501285085,0
-4.982606048845233,1
3.7108773034400158,0
3.7415751623744367,0
-4.699304675512392,1
3.5988101275164603,0
-5.988414706196938,1
3.456072388871374,0
-6.3693091657542915,1
3.4638181566166213,0
-6.89971142225344,1
-7.140838993214331,1
3.617441652174307,0
3.2938773645957373,0
-7.052623382604404,1
3.4448914871809735,0
-7.137171477403854,1
3.4407347073825467,0
-6.82249084079795,1
3.524284641300882,0
-6.984616430855601,1
3.386561350574057,0
-6.30651683408674,1
-6.149795021493027,1
3.304497763023019,0
3.599405324429266,0
-6.413547861812121,1
3.3057101193908203,0
-6.297172331616872,1
7.688618979265994,0
-4.148622863680917,1
8.100030960979868,0
-5.150414136959186,1
-5.638496121571789,1
8.180888434168892,0
-5.388175825162004,1
8.028348463772833,0
-5.989509747998212,1
8.296143229259734,0
-5.284447071138182,1
8.179171054479838,0
-4.915407435305435,1
8.00340514898145,0
7.984566606238768,0
-4.152450198148846,1
8.195871692028653,0
-4.200636859806983,1
8.067849699236472,0
-4.613834797459506,1
-4.512030070467557,1
8.525217210205675,0
8.162486601979452,0
-4.473684576555594,1
7.749811383277594,0
-5.7122363679442385,1
-6.630861738546094,1
8.5607440413844,0
-4.981415162170262,1
8.201144991879133,0
-5.664735284781371,1
7.94280297501053,0
-6.204417186938179,1
8.026758084651648,0
-6.218901486918915,1
7.8904300322154555,0
7.855021356965063,0
-5.97303706003333,1
7.876722584021577,0
-5.180792036933228,1
8.344714075803761,0
-4.797859724435175,1
7.373564747237004,0
-4.523587142500775,1
7.008828695560746,0
-4.5469342597048055,1
7.318071964986635,0
-4.462139388424496,1
-2.4884135264594494,1
-7.643252500526688,0
-6.862057801596795,0
-3.997274296309423,1
-5.189585130555123,1
-7.289510316861231,0
-5.836293133816895,1
-7.71326919787812,0
-5.942695479515107,1
-6.010277160986328,1
-5.426236366826351,0
-5.907360087459198,1
-3.539424441795987,0
-5.9018650200677385,1
-5.546612411626183,1
-2.90814460764867,0
-0.8186517989587806,0
-5.460052091064395,1
-0.17549517032408732,0
-4.748754040021467,1
0.8425842762793171,0
-4.569409954721064,1
1.7221232840518552,0
-4.8190641435298955,1
1.9033932359308512,0
-4.830543859011734,1
1.9295873746411194,0
-5.748433428519616,1
2.1968932255332176,0
-6.101616878507475,1
2.1043407282486783,0
-6.141468142295312,1
2.08178395435317,0
-6.379933067822231,1
2.338604737677009,0
-6.2105324405943465,1
3.0333869019505997,0
-5.810519323148959,1
-6.2202562563705355,1
3.488242245067852,0
3.8199724984026893,0
-6.025145898500752,1
-5.4654934987064365,1
3.7086427764489507,0
3.847970194369607,0
-4.88798025159222,1
-5.095176468269826,1
6.959411732978203,0
-5.732180290958594,1
6.9152889570489275,0
6.823699137938948,0
-6.080644655746805,1
6.550794279743204,0
-6.650218974082058,1
6.729316158074821,0
-6.668201900270127,1
6.501386134082872,0
-6.524942650981118,1
6.91837443973109,0
-6.519295617837578,1
6.800724300459982,0
-6.309522018718004,1
6.823109780113868,0
-5.949548952029792,1
-5.552658002505013,1
6.93511513710492,0
-5.33285065153447,1
7.047145364242035,0
-5.124729552639081,1
7.029922351421958,0
6.979635975062418,0
-5.620980314584743,1
6.729754732615948,0
-5.830919002591134,1
6.963562172296016,0
-5.769957670521833,1
6.67090066390295,0
-5.8963431429944375,1
6.885891160118727,0
-5.718892983326359,1
6.948091934336284,0
-6.153070728942452,1
6.796995140123343,0
-5.853057864588474,1
6.854728826794674,0
-5.714220180923985,1
6.917107222161769,0
-5.370913916902833,1
7.0727580553664815,0
-5.300377664838057,1
7.039258862957336,0
-5.626279097428377,1
7.125415957214702,0
-5.813228471309271,1
4.30176823558824,0
5.0263923679846725,1
4.254879217786434,0
2.8753863414318412,1
4.416150545588402,0
-2.2710439357633434,1
4.587359530272846,0
-0.370777621979538,1
4.9283214775593285,0
-1.8554195546150456,1
5.342692681892179,0
-2.1908329372805477,1
-2.9408637883181603,1
4.9471668514045035,0
-3.2921193745412465,1
4.2841075468056635,0
-3.860768782323621,1
4.388371641029961,0
4.25595390086197,0
-4.220752687821325,1
4.258666408934293,0
-4.839830430951327,1
4.356420197327665,0
-4.827120303230857,1
4.615136119508851,0
-6.210992024925374,1
4.542907470950823,0
-6.841218883328984,1
5.028521308336479,0
-6.190352022781992,1
4.9849251676266215,0
-5.244973392726011,1
4.9434246437284495,0
-5.310479174604353,1
5.279713437385486,0
-5.544668640608066,1
4.603632014975143,0
-5.271495118214524,1
4.535911612310589,0
-5.320911965775054,1
5.135172858129825,0
-5.740906718943022,1
4.936676797451895,0
-5.192617917095127,1
4.952176218591879,0
-5.2058014586334425,1
5.07495504147179,0
-5.394470157721966,1
-3.5369634097205482,1
5.13411957644078,0
-3.9821778136496473,1
5.37955822198128,0
-3.36574909832201,1
5.381281925674829,0
-4.286034185782836,1
4.752362483946913,0
-4.840868431736503,1
5.516522552898275,0
-4.561338816367091,1
5.50901861742768,0
-4.727360328424061,1
5.366845881796518,0
-4.492040498818652,1
5.395476037002202,0
-4.731647569947849,1
6.066277558175865,0
-4.623698017777032,1
4.922944686677613,0
-4.525845021895804,1
4.862733650407668,0
-4.882826374144269,1
5.422988372517175,0
-5.650670523248785,1
4.792128694657252,0
-5.008181223510118,1
4.608305101714132,0
-4.581169383591394,1
5.082270654858473,0
-4.572317776890626,1
4.784792382335815,0
-4.7140872370245415,1
4.194127772197074,0
-4.663371814495136,1
4.251934098589632,0
-4.454874874068893,1
4.47976159667623,0
-4.400511783426471,1
4.317428379650389,0
-4.5095697067624725,1
4.0551747339943205,0
-4.238539945226658,1
3.9446269978814037,0
-4.174607369841397,1
4.0980437262623015,0
-4.220899326096999,1
4.176828338516061,0
-5.106196514113924,1
3.8953632853970954,0
-4.47961974691141,1
3.757428630201669,0
-4.824509285106275,1
4.201567098619256,0
-4.583258283491201,1
4.338023145589781,0
-4.463962909960453,1
4.448150239090403,0
-1.7891063574484278,1
4.269414545800173,0
-3.542554076779965,1
4.370014649913116,0
-3.7790519865539047,1
4.17820886868945,0
-2.3258884827046113,1
4.233236101447154,0
-2.702098136732345,1
4.279389699422186,0
-3.763032513290419,1
4.253558296515209,0
-3.9123925835687157,1
4.166545816453196,0
4.447616208260337,0
-3.818804236179767,1
4.42578086408548,0
-3.9158890518707863,1
4.537331548528063,0
-3.5995212430891304,1
4.345788625194724,0
-4.130365824624824,1
4.343739498439031,0
-4.186626873938198,1
4.643674140117845,0
-4.322345931431538,1
4.5009475789481,0
-4.404836083185175,1
4.537643046710231,0
-4.285745649127146,1
4.382136152241288,0
-3.966378986072537,1
4.336954867655562,0
-3.9743581922019473,1
4.506793855287714,0
-4.156312478233056,1
4.198963635336043,0
-3.8531547195539395,1
6.783228796687073,1
-2.9311907539350184,0
6.87083207251247,0
-2.669468459522523,1
-2.7870221115921647,1
6.436113893602109,0
-3.204074721596296,1
6.27247276632707,0
-3.62149119240182,1
6.320984990008958,0
-3.785369041977389,1
6.367769424013185,0
-3.443075569008156,1
6.69247740437372,0
-3.2936324386448024,1
6.8169512996464,0
-3.6060326392819264,1
5.661133788181857,0
-3.8587166122560514,1
6.134847013438753,0
-3.6553356527807384,1
6.127756341049196,0
-3.710089947082543,1
5.855717072210183,0
5.939841178886608,0
-4.13477318162214,1
6.551346672873709,0
-3.7872148549857947,1
-3.9595482958648507,1
6.731366638299238,0
6.353029487775594,0
-3.4944196857256005,1
6.47490297576495,0
-3.3600433706368014,1
6.679320518923139,0
-3.4215150598348694,1
6.905900092584839,0
-3.3621338852541762,1
6.830494296183518,0
-3.5138697093138354,1
6.848801986784748,0
-3.5375582662163327,1
6.6190124201186435,0
-3.2295490538797167,1
-3.0811003157414745,1
6.741223295323871,0
6.726623727843129,0
-3.419492588350992,1
-3.746993939126872,1
4.351498941249921,0
-3.7694792253816853,1
4.606574713774599,0
-4.22206865392331,1
4.595429183359121,0
4.575300292483028,0
-4.134773735749361,1
4.670933845483496,0
-4.263579813963592,1
4.482229276461784,0
-4.234633024526478,1
-4.203118223319342,1
4.497670113099114,0
-4.2298512663044265,1
4.543335151213185,0
-4.215891964087513,1
4.532259117330928,0
-4.3122233112630175,1
4.32889768971451,0
4.526282192016868,0
-4.313611705907464,1
4.0897021990330416,0
-4.138877667386796,1
-4.4852040295329045,1
4.22793815340542,0
-4.104318995489273,1
4.232275937495376,0
-4.2818603468289655,1
4.37585835003148,0
-4.339791308144225,1
4.377972349596954,0
-4.270698424855675,1
4.166055700027556,0
-4.96203446993312,1
4.199857376255547,0
-4.838014903151861,1
3.881547418258042,0
-4.871207039561042,1
4.316768004636959,0
-5.100937666755032,1
3.9578114679283454,0
-5.228707929961691,1
4.0032356540911085,0
-5.258075705881347,1
4.0140016390158255,0
-4.97715203939582,1
4.44879937974782,0
5.6229126160294625,0
-1.4144546771629585,1
6.334362677260966,0
-2.0638687743104454,1
6.127264382321399,0
-1.6620489949015504,1
6.121302091344741,0
-2.2159404227225674,1
6.352689900282751,0
-1.8425983722521864,1
5.672968438966677,0
-2.5640864027028103,1
5.876491714543743,0
-3.457339977419904,1
6.006071102002549,0
-3.537807285874711,1
5.65197544246153,0
-3.399925189676111,1
-3.903694787642742,1
5.618226695390212,0
-3.3498335378327924,1
6.0790095173912935,0
-3.7029616542221584,1
5.933025037287781,0
6.370626466456468,0
-4.769270006104613,1
6.038363911345263,0
-5.019599287054622,1
6.29521304450938,0
-5.133142983843548,1
6.553149020286069,0
-5.152229931574744,1
6.529595134812158,0
-4.74500003437949,1
6.062242627213554,0
-4.410925780158242,1
-4.293251179989796,1
5.37555074300337,0
5.230682902077406,0
-4.325400915622905,1
5.499630564141387,0
-4.078464292620732,1
-4.138575670106198,1
5.983329264882638,0
6.121884101414711,0
-4.161693179166237,1
6.198612648340118,0
-4.190856548351311,1
-3.1006081549272486,1
3.755695882829289,0
-3.5402402913145155,1
3.5565882757177167,0
3.6537183069770256,0
-3.522649842461273,1
3.677359576083327,0
-3.554981766625902,1
4.042077095963404,0
-3.7886069133778384,1
4.100192145972603,0
-3.6544494416284445,1
3.6171973902805314,0
-3.796241174694438,1
-4.048437285614462,1
3.8090751081194383,0
3.78627044418095,0
-4.05704053207553,1
-4.217724499172202,1
3.642702636520066,0
3.6203904434725236,0
-4.860882987365233,1
-4.749864947770813,1
3.7161544085347464,0
3.612738744260879,0
-4.527171072750112,1
3.628179365598084,0
-4.745274695951326,1
3.6475813484005184,0
-4.758901015333881,1
3.807755479092183,0
-4.603066248030297,1
3.7685621246951095,0
-4.825389313955033,1
3.6511866364017274,0
-4.962872709153087,1
3.595186332284787,0
-4.906442982586117,1
3.5390539681875155,0
-4.970627407360277,1
3.657691521149662,0
-4.922714141403245,1
3.457253164423305,0
-5.056664120163157,1
3.2859591021585395,0
-4.8379417946508285,1
3.38626685938582,0
-4.798860548491657,1
4.015235710866402,1
0.2830530625305361,0
4.470067657039457,1
0.5522156672730528,0
4.473328455964247,0
-0.9246969631443638,1
4.227424235339581,1
-1.878521687017338,0
4.491985003935561,1
-2.191783323931256,0
4.370255079992223,0
-3.1275602203252766,1
5.488651328099838,1
-2.948873160486009,0
4.7053859123408515,0
-4.08015809156464,1
6.2401236237280315,0
-3.5427265164038513,1
5.947427146380972,0
-3.95406594754326,1
4.966826392271795,1
-3.6469530338511422,0
4.833407417830271,0
-4.445303531245161,1
4.835345208875063,0
-4.1260267259300365,1
4.709815310517819,0
-4.026751299817741,1
5.1762712614561925,0
-4.1701455646227545,1
5.554696778071467,0
-4.250871543240818,1
5.804494381978893,0
-4.395088461759674,1
5.059463840348496,0
-4.297703018111699,1
5.329665576179681,0
-4.346495656359917,1
5.419900454439031,0
-4.283675110260196,1
5.753609106058524,1
-3.7303974320828703,0
5.443680070221764,0
-4.475927842217631,1
5.441430850294921,0
-4.465673820986261,1
4.982470562066541,0
-4.529450066239362,1
4.057642192640123,0
3.321342978289385,1
3.531929936933299,1
1.56073452003104,0
3.750091204695296,0
-0.17827966095768144,1
3.8718780718598125,0
-0.28156204390196937,1
3.968519432580929,0
1.1175646610901555,1
4.074623827496274,0
-1.177995035819933,1
3.92037351039903,0
-2.345282914252379,1
3.4877531830896196,0
-3.2935381716958636,1
3.2622630822108727,0
-2.4900665724143236,1
3.383986137030136,0
-3.2872017267016225,1
3.4387935719513045,0
-3.8498674223418448,1
3.271714273552949,0
-3.813437952454209,1
-5.782975334821378,1
4.558445842789877,0
-5.2259648669261605,1
4.317079114628716,0
4.434265450238817,0
-4.861860341192657,1
-4.961344949454689,1
4.2024021259837925,0
4.004807318286846,0
-4.848729533824073,1
4.081112163921103,0
-4.915172455734915,1
-4.764322334729319,1
4.069107491766469,0
-4.775179910311577,1
4.230942578262375,0
-4.989241986030846,1
4.410267000824476,0
-5.01657076130637,1
4.45420290850606,0
-4.999582522544775,1
4.0482078552511265,0
-4.997450492618232,1
4.203832413925199,0
2.9147977847743642,1
4.438743793443535,0
5.73000898532582,0
3.332369200581832,1
3.22445771726631,1
5.155633541596203,0
5.796505893733711,0
3.346895856133552,1
4.973432605707089,0
2.2771339989688397,1
5.208839602211554,0
2.5627813487198896,1
6.109441066717923,0
2.97195990144001,1
5.143987372111076,0
3.138641534367321,1
5.789040206977463,0
2.546358453773223,1
5.527653130960409,0
3.4665841105956923,1
5.146431332455764,0
1.4642513189456172,1
6.244810767793488,0
0.18126086583377002,1
5.633305436981716,0
-5.179025843526744,1
5.5106410144701785,0
-5.073658721588698,1
6.212852325780142,0
-4.549702664853977,1
5.8223988903039405,0
-4.168893516521788,1
6.189291295332308,0
-4.246726043617011,1
6.206520640639713,0
-4.420567875725667,1
6.033129676640604,0
-4.187802756159186,1
6.115833754689742,0
-4.275257067264154,1
6.044634910787715,0
-4.195244473374565,1
6.24466822596357,0
-4.332073224560041,1
5.93541466199237,0
-4.176402713723844,1
5.711414062081481,0
-4.078002498674975,1
-5.639522274290086,1
3.2914343659349594,0
-6.390474624278102,1
3.4765097826945115,0
-6.3441519765200445,1
3.654369232131572,0
-6.508300761158775,1
3.6071663286270845,0
-7.069594144348373,1
3.4668930638545867,0
-6.846067310053088,1
3.4359490388115432,0
-7.420545132359931,1
3.5603740760671316,0
-7.0321506358420365,1
3.8136158689758,0
-7.151273450461811,1
3.1102360333338783,0
-6.944480900119109,1
3.5567303571731035,0
-7.116376256301653,1
3.6293931315788037,0
-7.020575349203326,1
3.847744616627033,0
-7.920238566057828,1
4.074301078130747,0
4.117747614980738,0
-7.163978767481946,1
4.304211063687575,0
-6.946618235898011,1
4.636346230230217,0
-6.934700962719534,1
5.088759996041545,0
-6.875347816460562,1
4.997383519421626,0
-6.920584935651704,1
-7.165520612311173,1
4.376433979588231,0
4.603327311405802,0
-7.158717582023028,1
-7.146899479998754,1
4.227357460738102,0
-6.966965732003541,1
4.731942311037475,0
-6.412538855475265,1
4.446590372187816,0
-6.17117509575379,1
4.2229585062980535,0
9.400626980541862,0
-4.96499942744326,1
9.589726294608699,0
-4.867300797005513,1
9.603716520292863,0
-5.461002050257945,1
-5.452766404041929,1
9.691106717135892,0
-5.17864255262802,1
9.370918596957697,0
-5.3323514594736885,1
9.683539848544168,0
-5.137851632547802,1
10.016047051692798,0
-4.66077357745468,1
10.086946224131449,0
-4.753242729508998,1
10.0006804659557,0
-4.343437567502236,1
10.110318431381511,0
-4.62202287267374,1
10.040119035816726,0
-4.306575735137837,1
9.976098278593671,0
9.853797719350585,0
-6.4478684408672535,1
-5.701849595585397,1
9.724319998014128,0
-5.419814741199139,1
10.112219996923042,0
-5.1604249227925525,1
10.14051244481831,0
-4.666670076359038,1
9.599056780149262,0
-4.390521762038643,1
9.334443019069713,0
-5.229759832453544,1
9.912595774947995,0
-4.296507527751944,1
10.304333052310575,0
-4.811344090967606,1
9.912234084186935,0
-4.451395487799449,1
9.524474663764938,0
-4.666017650454428,1
9.444669317084124,0
-3.9149823769508454,1
9.691758513737025,0
5.273228889491522,0
-6.579265910921954,1
5.48848123805196,0
-6.707762957230167,1
5.34271687505514,0
-6.592662983638941,1
5.752413445548834,0
-6.303482775641231,1
5.838874182468056,0
-6.3239321675970634,1
5.733522781094748,0
-6.4104731219389155,1
5.615225228973417,0
-6.234591294505512,1
5.887792733735693,0
-6.223996279803263,1
5.955870651422814,0
-6.483208898371576,1
6.005639575291718,0
-6.293220578159762,1
6.090717659915524,0
-6.138946147023768,1
5.754843545162932,0
-6.178441943201887,1
5.626109916576676,0
-8.08075010584534,1
5.799077902218546,0
-7.027455061099452,1
5.893312358649175,0
-6.584992079916596,1
5.773136366868949,0
-6.043684460504722,1
5.503151281199657,0
-5.759593359461939,1
5.539885823457978,0
-5.8016272111168385,1
5.767802472810464,0
-5.927517138587814,1
5.848560505807816,0
-6.079114193128408,1
5.908048531559111,0
-6.120158976318664,1
6.036632201467232,0
-6.084090454771163,1
5.790713472401321,0
-6.024559104747591,1
5.627707962059152,0
-6.0795389290091775,1
8.137948454371504,0
-6.984020184667092,1
8.153726794683738,0
-6.347388104432566,1
7.378400372143952,0
-6.128429042464578,1
7.81749607949151,0
-5.745162778265055,1
7.639141752321442,0
-5.68361008341623,1
7.679224017769042,0
-5.5010619621496355,1
7.608913719008296,0
-5.453633794295032,1
7.8743763602227395,0
-5.3129030916421645,1
7.875934116156209,0
-5.247249110885386,1
8.115270056163425,0
-5.212001574144852,1
8.171251385717838,0
-5.045304830296364,1
8.10784089468083,0
-4.983235045978659,1
-6.903516004742836,1
8.723179815955486,0
-5.897875857214739,1
8.489021491005186,0
-6.169336680970544,1
8.110773173532664,0
-6.380655080071624,1
7.932336444769679,0
-6.879850208680761,1
8.658979003965214,0
-6.505874660204332,1
8.916623477233266,0
-6.010919832450649,1
8.770327898283426,0
-6.3045959808183945,1
7.523557358976015,0
-5.879620599636616,1
8.267377326817758,0
-5.682648202688179,1
8.763863474067172,0
-5.962677477871855,1
8.700171536220747,0
-5.767913009121798,1
8.668233387582983,0
3.6708339225701496,0
-4.2389217582468035,1
3.5787041953934544,0
-5.046264242923629,1
3.334152923750507,0
-5.595945473919805,1
3.741925467123287,0
-6.159285721282809,1
4.125689048349822,0
-6.3788202702795775,1
3.8431773367652347,0
-6.706014149607562,1
3.5296848036059476,0
-6.709863566812854,1
3.4900074688389076,0
-6.667832241855539,1
3.3280324559686347,0
-6.551400021442943,1
3.719818235716525,0
-6.4776158693555965,1
3.4684985152843293,0
-6.281739140742401,1
3.2546961536193004,0
-6.097643871243302,1
3.9194431476602767,0
-7.782670505245584,1
3.957941132381225,0
-8.469486797833667,1
4.310331855883773,0
-8.304949725123262,1
4.232110485253282,0
-7.700808501591153,1
4.598048827074408,0
-7.318938632152393,1
4.373401499056958,0
-7.268063919152913,1
4.036347354011351,0
-7.431151904066587,1
4.074602483232565,0
-6.924284632513345,1
4.3260396575321485,0
-7.002515045901939,1
4.657357783294934,0
-7.169052685257867,1
4.520957760969114,0
-6.884194176736793,1
4.4438848912269275,0
-6.942106170554688,1
8.217655378683272,0
6.051407269472717,1
8.18396480911088,0
5.117888930319579,1
5.195762023243487,1
8.06426148653263,0
8.321258010044623,0
4.5447269330002875,1
8.082017416054232,0
4.139024737375591,1
8.150590192673711,0
5.281995234647115,1
0.02322739140708833,1
8.921946165164371,0
9.396840827947784,0
-1.1772169344004786,1
-2.27621340948064,1
9.042283868504523,0
9.185869818246989,0
-3.531811904466352,1
-4.654099190470118,1
9.186652927219939,0
9.057492388737984,0
-5.202849471114676,1
8.090113930150782,0
-6.903567419558444,1
8.293339313700372,0
-6.962190185949938,1
7.6794250803114465,0
-6.925104353124677,1
7.837222775534046,0
-6.819176483979816,1
7.672622929657824,0
-6.840113634524344,1
8.220733145938333,0
-7.013006440231536,1
8.533965629243863,0
-6.952949913274474,1
8.904864552090505,0
-6.943170691947591,1
8.890093744668103,0
-7.130567994061886,1
9.293000843338213,0
-7.6523781247056615,1
8.95405334479484,0
-7.284638701638065,1
8.957592609761669,0
-7.792165841177132,1
-4.449864366698128,1
6.692100677777965,0
6.7522963301690275,0
-5.007887764461055,1
-5.369860212283441,1
6.8608099057088285,0
-5.562254857718569,1
6.772375947211015,0
-5.727168924922817,1
6.80834280691128,0
-6.072094966127009,1
6.776479835780107,0
-6.250295197803884,1
7.303679090007619,0
-5.99944227039162,1
7.330009354774796,0
-5.904861890855832,1
7.161160192248065,0
-5.913133740261875,1
7.139293492987675,0
-5.528151437929791,1
7.102581812892288,0
-5.733453925913011,1
7.152884947748665,0
-6.9957635320123766,1
6.716014462246911,0
-6.159672549732364,1
6.5391873275577606,0
-5.802909438946992,1
6.607354483143435,0
-6.077443118514005,1
6.704532667134854,0
-6.166931912317695,1
6.685924752863732,0
-6.052508600544928,1
6.73915956286957,0
-6.160584781086976,1
6.637826276432975,0
-6.258635134685352,1
6.744061910087902,0
-5.986145809430755,1
6.822863374979973,0
-5.954215009687304,1
6.767523167800369,0
-6.103777262391358,1
6.754389874530212,0
-6.570016821000206,1
6.547120952027446,0
7.888740849801731,0
5.161622224175335,1
7.87062096313156,0
5.393386840863606,1
7.527134744885782,0
5.1520611336889415,1
7.348441776165585,0
5.298912715561041,1
7.461090616691385,0
1.608781661597881,1
7.646092332371776,0
-0.2760954064367084,1
7.912182533984653,0
-1.7550587912074456,1
8.31925005671405,0
-3.1366140985628195,1
8.84515254931263,0
-4.540049217571303,1
-5.208421957435048,1
9.14662349464459,0
-6.06608232588119,1
7.7931430863311135,0
-6.50390707867255,1
7.474138365733428,0
-7.3162391389166865,1
7.407217643531996,0
-7.105885189037556,1
7.21768411318445,0
-7.231794420752725,1
7.514730396746171,0
-7.216240766053023,1
7.601109497275826,0
-7.102872680977853,1
7.862323378830082,0
-7.26261323579474,1
8.333749098408639,0
-7.480625477122543,1
8.20249486117146,0
-7.495964095393422,1
7.411271627928276,0
-7.282162458323968,1
8.571527446793368,0
-7.310417368615982,1
7.437705822081907,0
-7.847822431355227,1
6.8578168388324645,0
7.6555225219662155,0
-8.199648922064103,1
-0.624616350953017,1
5.479018258381451,0
5.650858146676731,0
-2.0076639494590607,1
-3.0675355051792974,1
5.517450782380882,0
-3.9896366458617027,1
5.541601910965424,0
5.462918153366666,0
-4.874596210405538,1
5.602413793212201,0
-5.2651260226767125,1
5.6393995421062,0
-5.620916181873968,1
-5.9560926949260224,1
5.644671395744753,0
-6.018253688051481,1
5.669328867856587,0
-6.183724590113664,1
5.768261110390298,0
5.782120509624285,0
-6.119969796763996,1
5.6812559006050085,0
-5.978658990372941,1
5.9704322650256865,0
-6.462441347198581,1
5.763781771411346,0
-5.979010992367507,1
5.652579520394144,0
-6.2254873128530726,1
5.602166277442862,0
-6.8723722108449445,1
5.583842386269424,0
-7.304932998272239,1
5.737578492771667,0
-7.967342732323508,1
5.692114204662716,0
-7.3426676230152665,1
5.767755354104424,0
-6.865537599417505,1
5.836527513203547,0
-6.486473986738329,1
6.095731434020021,0
-6.808393149769925,1
5.551305687391462,0
-6.695250257448407,1
5.4422603292343865,0
-6.978349256904975,1
-7.000191988942893,1
5.8030793090917765,0
-6.6852503772461365,1
6.502631121327527,0
-6.851061396333161,1
6.8670260453882,0
-6.889498128878319,1
6.448517839390062,0
-6.825909835884889,1
6.554987358274573,0
-6.4827688507439145,1
6.603396938763181,0
-6.490834064956054,1
6.579942551199236,0
-6.806357921994015,1
6.473852497192628,0
-6.753920970195545,1
6.748335325781041,0
-6.718491165064525,1
6.472191299913887,0
-6.621866798609595,1
6.379172443882907,0
-6.742522139411391,1
6.475313140829564,0
-6.921478804800003,1
6.354282999151755,0
-6.849008770449439,1
6.515592233430778,0
-7.744436142487212,1
6.6701814948233675,0
-7.166252360052071,1
7.098474786634237,0
-6.395763282266521,1
6.745999145661636,0
-6.165798220537158,1
6.6651367564420765,0
-7.327629140107237,1
7.0724026831736255,0
-6.901346796624709,1
7.13233709359843,0
-6.7135266231109565,1
6.888929420710113,0
-6.86362402634268,1
7.089594154573923,0
-6.673361334916644,1
6.600590150427093,0
-6.721481182076604,1
6.960060789599096,0
