0,1,2,3,4,5,6,7,8,9,10,11,12,13,14,15,16,17,18,19,20,21,22,23,24,25,26,27,class_numeric
-16.794447264971986,11.780641488796528,21.057030054236353,3.281041791549449,6.269204695083806,0.4677118821106237,2.1677239516676576,-5.501781591683021,2.4350578536264664,0.7716368666222004,1.9939760261239579,-3.086064225319394,3.3728348851485537,-0.2099507512622552,0.0956641988274456,-1.507188636858682,0.9929423834930253,0.13500800716901618,-0.03565310905912843,0.14667792159062612,0.7390011106148406,0.058940387472274765,0.11090804091622344,0.10089356051034586,-0.40435825765906563,0.869697574971197,0.7336231030446776,-0.4445799280447173,0
-21.546907156173276,6.6307494876609265,25.72875901245537,7.151401710137602,4.792560642993649,0.59279820702595,-1.8189745482661648,1.6328768477008528,-1.332995163369459,-1.4396676458361004,1.9617741821528725,-1.2042945741537725,0.6324479985140264,0.893113905442186,-0.10625265492930866,-1.252812249906181,1.4601816926695814,-0.5255138131388434,-0.20458920144946527,-1.253955622646667,-1.1753225556564926,-0.1329135022315966,-2.684580490827013,0.2299325146435322,0.6659573565282473,-0.3375163688224071,0.9395972565320536,0.2329451102979308,1
27.884132352261908,-1.3897509121327796,3.17256769289448,0.7420182642162663,5.048859259117697,-13.505149963648325,-0.9848077631103087,-6.247421938934239,-2.6891760779227023,0.03028985339962245,4.288515774238742,1.3622770705383673,-1.402587504536005,-3.14271244041401,-7.655927800611958,-5.008056446261802,-0.8650573526896007,-3.165287661307654,0.5535066541240473,-0.7628374587516205,-3.400131353163636,2.1599087086939486,-2.7153755875061827,1.815449258566119,-3.13055693449174,-4.593578461622461,-2.975786512257521,-0.7978161628757557,0
16.99703229185461,-21.653912638345187,27.15440959323514,-1.1189373873787143,11.401343251052866,-6.356914783302267,-4.3051607968563825,4.9856086865420925,2.629657017942497,3.3254678879793667,-1.8690898276565118,-0.4804982188474147,-1.073982225619977,1.3666993562469645,1.4248625146611809,0.23327330006759273,1.3520262588815806,-0.9443318891558193,-2.4664931765509395,-0.36568931661186055,2.7390608755971155,1.4593696428473604,2.089537741822202,-0.843140894344351,-0.9225531772467471,0.43363277222244323,-0.45447271954005936,0.31348176022488927,1
-16.094869163914293,10.134198554773834,16.21131283657283,5.569183150751201,3.63161778875838,-1.795671783939082,-0.9525483196374783,-7.629376457282541,3.1870349970398646,-1.5640698881975217,2.1951614900479357,-3.077830220845812,0.8028819564375895,-0.9110554004659274,-0.2124639732008793,-0.7887200257913428,0.0779570624961668,-1.2645246012090308,-1.051806419852554,0.010591204628597643,0.6255405003256905,-0.2579042183225145,-0.1232307994150213,-0.12311072382517492,-0.06660382337944522,0.4301632666941956,0.1682841588238176,0.41181299673861577,0
-21.792402036568415,5.919140263579773,19.41841973459853,8.694963536725927,2.2739853571936846,0.06454663405714407,-3.6560958568368775,0.5845407449049711,-1.7010966343595677,-1.7396113193625737,3.357977155243011,-1.493736047919608,2.3817672417529634,0.389036495471941,-0.7042156392403724,-1.4649179825282324,1.747752756687946,-0.4346578907382313,-0.44245730174458664,-2.1267867218273153,-0.07208378998302717,1.3759482255986075,-1.785093423776357,0.34633525795096765,-0.12286665279025785,0.2867497997538157,1.0982638590195057,0.54064457623453,1
32.88213061187039,-11.289788109054497,10.559981413425145,-0.5467498451909377,7.616617986541794,-6.883559793765035,-5.102411963282728,-5.311287849367268,2.1882581094023297,1.1539729600751385,-3.252031709902878,2.2673689398691397,-0.9897537996024732,1.296015595051888,1.8272529874109449,-2.7419721037208924,-0.3395675077191607,0.19899083600030976,-2.769018051085812,-1.0709050402397042,-0.046665526792789215,0.035380040984721195,-0.3478488849813551,-0.10740136077077012,0.04805041539733807,-0.5456684199172585,-0.48873810442417603,-1.1966975938796762,0
21.360280846052138,-22.61215371198904,28.27507900040822,2.6124625057001833,3.231191181675165,-4.39655439005642,-4.829242846771201,4.162965020348539,-2.0812728441549555,-2.1733325637429686,-0.05318417044605019,2.088963183125646,-0.5477552281873133,0.9786348011752063,0.21094706258262433,-2.2144372310115172,1.2565161324221055,-0.46015224396519294,-1.7502463139202085,-0.6953632054599883,1.3766540398774827,2.9537537263549525,2.54746211122126,-1.3755218952176982,1.3836827322860832,1.6144955445434224,-1.2553379241001583,-0.9000028897638311,1
-13.549555182100935,9.963760203660751,17.27681646496522,5.0790636528331214,3.512022744487279,-0.7199293318661455,1.0710932235135269,-5.757361738104643,2.823658213584411,-0.34165165222545196,2.4865353164142934,-3.5752723995801023,2.5922723924636766,0.03636712970164075,-0.051005128681506036,-1.3015893547824746,0.4325467054436432,-0.1327820952063387,-0.7023804288023962,-0.2750054561298903,1.186917922182418,1.1592605233730613,-0.3496515705260692,0.09459383209909016,-1.0560891564947963,0.7087182886312112,0.06206062664071834,-0.2791485078620106,0
-21.002959225220607,2.4654444193693994,22.76119970412167,6.520130023821024,6.200952938053321,0.48113044990939624,-1.044958508154217,1.661645506286433,-1.4763550024709553,0.9796624027264068,-0.4077431780166759,-0.651444070076512,0.4627927706115872,1.5635663183137005,0.26187964703375105,-0.3847842134030246,1.6368566875207466,-0.22699062883062227,0.16958299718063574,-1.2009619279500017,-0.14912984372704985,0.15919535967387466,-1.8490381543054664,0.6858611064421941,0.5776947112354898,-0.37092329633487425,-0.004025474809222788,0.6512014504568701,1
26.692809935948873,-10.171451026330693,6.795659999284175,7.880098796244181,-1.0753322930967955,-12.256157864687147,0.7395993188536527,-6.168338987815646,1.5612796707281642,-0.3193561831401563,-1.7629514642249207,-3.108031413960611,-0.5746706559667765,0.8224669740092002,-0.29511313941898476,-2.1871405436750373,-1.1246901923628392,-1.401494750566018,-2.6394415183103943,0.2672032853528669,-0.9142404226371081,-0.9023950005394615,-1.2494112590741233,-0.6232399819574477,0.2868491053636555,0.6498884328943385,-0.07446815816855891,1.2305302458788032,0
18.539826510188,-24.91093123868722,34.67959866722784,-3.5793147205177296,15.231756104432813,-4.750292887111363,-6.003282959847198,6.526546024262538,4.341107809920657,1.62041671820469,0.14674455514483856,1.4459938134090036,-3.005563650901677,-0.29485969344123325,0.6906972213282642,-0.700473589285201,-0.16018207040509214,-1.9587429852850402,-1.606968254546731,1.4307604529282127,2.3117461788874345,-0.6168708179190109,0.7495663830933395,-1.3996949074811884,1.778907324170925,0.4068448972630682,-1.7446320357262568,-0.1051028001090119,1
-15.774164713755674,8.938942889275054,18.94813946752636,3.870863687932045,5.384657747946607,0.04567011381718283,2.826147454430226,-5.6943436592923335,1.493610421395239,1.5764261498165908,1.2674791666118577,-3.799738836209658,3.504973980246752,0.1811472570414205,0.008522498469198805,-1.1640102789446503,0.6176111327770967,-0.18446373902305427,-0.22200843950848023,0.009240043041914897,0.7055904323165508,0.12971552670219433,0.454729488605247,0.34104309573978386,0.5179793755867412,0.4283597491837296,0.27254977115472084,-0.1401116888268807,0
-21.713181926628543,0.3979749031544201,24.100286673349917,6.583597549288175,6.589920274533508,-0.062143252383525055,0.19145054959077457,1.2122988739989908,-2.3682195046803316,0.8691930404098189,-0.8764542027888091,-0.033447449105698746,-0.320580645545034,0.7430089804832711,-0.28379586377958516,-0.2842274914976033,1.347974032680134,-0.7409226760877157,0.459179352636714,-0.9289264035802011,-0.3032047115743672,0.024043678012063377,-1.4864677267662019,0.7255281636759815,1.0060077649195789,-0.3874227327764387,0.15989262297249957,0.9427283024578635,1
30.272727776239936,-10.515653242165794,5.726430316963258,7.485180363491779,-1.499546596993825,-10.87921659828679,-2.1613260268900105,-5.756343152984002,3.792091138288171,-1.6109819393180551,0.22719660612302056,-2.8923563134554997,0.43544720959604793,-0.4082185405235383,0.6429421779834714,-2.6949542249507896,-0.13355022155617066,-0.5803804124794545,-2.9474201892575382,-0.4155111782571217,-0.02341596952905848,0.7459268346882324,-0.861211560224493,-1.1913554053081836,-0.6469308136694639,0.8109691494272606,0.07575835468246507,0.7682171834166706,0
22.04618726787207,-21.846073440348967,23.74576853927872,3.08136948445415,6.1895450215372625,-5.649372863120746,-5.043426030762305,2.0357701762885005,0.6886855482418865,-0.20869567490528687,-4.654530899994259,1.6834303786860612,-2.68939816562511,3.0935249329553347,2.3344658815045474,1.5566573807781983,2.182601969039465,0.35654595805774514,-2.235856965708847,-0.3084043088286476,1.7938985507220133,1.7334370559802474,2.3013736260832083,-0.5733520806761147,0.49183555190634487,2.1687495160217534,-0.45571868369575,0.9239116383207189,1
-16.61446375075238,6.768775148619759,19.326040302489016,1.9700102812111855,7.68416266594514,1.2574016153524898,3.242046013641755,-5.5109259945347056,0.35494703457644944,3.7342809460711184,-0.36558888901261316,-2.656883730503056,3.232536377603267,-0.5665236709916291,0.6602324012674591,-0.8809139965493773,1.2631074379475336,0.3677129911315842,-0.8121127483365841,-0.601955724537245,-0.5071898753126964,0.03343967028863793,0.11506876556692053,-0.3728872434525282,0.1888426739624485,0.3217881228271271,0.06987164874914761,-0.6234530667096433,0
-23.2385623540662,-0.5453749144266934,23.146686446797236,7.2584827253503805,6.152848773267979,-0.03869975978224036,-1.8261151288243525,0.42698195796281035,-2.3853990259946865,-0.34522515540533805,0.5468641916413208,-0.31871789240182785,0.10814393077451961,0.6528714987850349,0.03284822576401563,-0.10207260206726967,1.7398948587513978,-0.9606308868623523,-0.6527141745595846,-0.8011434813207613,-0.18295748124545663,0.34503986931858893,-1.7040368618426252,1.109098870229827,0.07794449100091673,0.13895083166913982,0.2940228367117729,0.639329023279605,1
31.00256456049528,-3.818897385682455,1.5858015227707312,1.648072533764461,3.684485778372812,-6.509049562415889,-5.654649836256706,-8.593360934921506,3.2251388215358907,4.2557676247441645,-5.294840138310795,0.4024488180174315,-2.3028090711355667,2.9255481760379487,2.9603723641958957,0.01631831185911549,0.9019279786286045,0.9317027367969836,-3.0279247209708213,-1.3866345646319067,0.016888331614660367,-1.5194168745985646,-3.2859549464656532,-0.7542144831295656,-0.7840775741099472,0.9262638145103407,-0.5885798024377126,1.2822770944224662,0
20.72170889010352,-16.295172824707965,13.200583078284424,2.3383761146221587,5.522288775764101,-3.1086711382532717,-4.79648738206285,2.972391064593245,-0.49352847604183653,3.647081458364343,1.0108203629721024,-0.35652592836917857,2.0922022944018814,0.8965567184073154,0.5059489016908688,-2.183124752375822,-0.6991602383382253,1.6454861302091712,-2.2304593580182193,-0.29548008713458956,0.1685596980572404,0.5092307864336771,1.419230189103992,-1.3232726557601966,0.7256826619968415,-0.2937855798119936,-1.160283085859086,-0.19016781940183541,1
-9.283581697095002,4.491070932411949,2.476654092665084,2.1299702029706684,1.7451824266317442,3.662556288731777,-1.4253731433562717,-6.94283363095285,3.563054274014894,-3.219881893692556,0.22826325673857065,-0.3424046407176456,0.8746348993191562,-1.0181261714907026,0.9415021865097004,-2.0595056101654112,0.7019690360347206,-0.6926717545497502,-2.5334520267019576,-1.3604953198334617,0.5493068690216443,0.8191481606314498,1.9352624703755452,-1.3915084427019888,-0.29835677957858053,1.1581947371130747,-0.39347311220731523,-0.3997271145147328,0
-10.060248458754623,2.500908283530846,-8.667208658719163,5.656237012782678,4.8719258533055845,5.236178066837667,-6.449758355953405,0.7091672889412991,1.0907993529669682,2.4393246092020706,-2.4106826869379563,0.9183740794973387,1.1753695180645374,-0.6018382591946047,-0.22457241692661697,-1.6330988807855435,0.5430925558002964,-0.4006282381257556,-0.37094149500122525,-1.1877501840137852,0.7721861938929034,-1.1935530895819404,-0.1367803586448023,0.1598316778045055,-0.3104777556253643,-1.4446471609688973,-0.1855812040056077,1.5382699945587435,1
10.940724628868633,3.9721325403202705,4.358247373979312,-8.236659132446803,5.31103771469467,-1.1183469132415647,-1.2745375761050224,-7.967417761815928,-0.26765180388564236,2.8975694749196275,-3.150170712318877,-1.3888569329936413,-0.6251538107322088,3.974083685008642,-0.8730077700849971,-0.5378229207331134,1.9517765388758197,-1.4046869505398147,5.275677529980503,-0.41460211467320696,-0.5372280549418503,-4.714697590619564,1.6161467813921493,-2.1970714066050796,1.5353238563059608,-1.427173585135445,1.4925329382817434,-1.1713368362532337,0
4.3646969001027855,-4.434277910276552,-14.75905088527872,3.752835979934659,-1.3223577417288488,-3.193288542109677,-10.125888641292251,-2.084258629191162,0.9638099216797061,3.4663525095134813,-0.8865677656397991,-1.2231086672108606,2.1890542558024473,0.8514215363404911,-1.4231737647147715,-3.257913353390648,0.6993273038843042,-1.0714691184886176,1.4612792908970504,-0.7221149151465254,1.6823126339909422,-1.5661904670588547,1.8670431254017166,-0.8322447834939738,-1.7130812152300021,-2.1721508690681537,0.22609089758187972,-1.3022444250883523,1
-0.5763195531634304,11.661136053237852,1.9754131749337538,-2.8099346313434914,0.47583010105392654,7.330928022669066,0.06090847125237232,-10.899877418782397,-5.155630940588186,2.608641969794949,5.015389629323957,9.108968574333248,-6.422679255712258,6.147002818154219,-5.597438425164808,0.6359509970468383,-0.28363945300857885,-2.6406414521378823,-2.7668347270990905,-7.015143491532049,1.0098491364840627,-0.976958692182216,1.661012993377145,0.19785135838155898,-0.19218446139113526,-2.1245842896934928,-2.739964296688704,-0.9855264169318894,0
-8.570382169746825,3.7900284996859246,-12.253092980422402,5.566961057509312,-0.13800040439493963,7.097336987415416,-9.210745470980147,-0.18435514877975223,-2.0805745525330273,1.205868724880921,2.8014887590426856,-1.0423554958971504,3.1278439003791503,0.9776334439490693,-0.5256296588774091,-0.869307916717408,0.30224453921325106,0.38435130717962646,-2.7973004222686204,-1.105763542939354,-1.9482295684627842,0.4777163068077582,0.493612860468542,-0.41401625252304824,-0.5474746659138593,2.149395908354386,1.252517834333721,-0.2117108631058033,1
40.07068152784853,43.726786460752855,-0.18404639586952315,-0.4402327557111189,-15.650806680907465,-3.686694876263753,0.6177754812340138,4.514423091797682,2.774506705179865,2.241340350533896,7.898001752708005,-6.707231724417758,2.439901337943066,7.208826398644288,-1.8745238782008962,-2.5288938532960192,-0.4808562888821866,-0.02515819746772744,-0.32620112544873753,-0.7906060875956291,1.7510934001335337,-2.0197168833084467,-0.8576956591674014,0.4741895490196406,-0.8743281969686731,3.202945457834535,-5.776688340547944,2.401494529337578,0
8.978944349128835,-4.672547033159164,-11.479065029985476,4.75934495549921,-3.632435529587246,-3.8962731792497487,-8.605853731168976,-4.307126754352904,-0.15890133797686007,-1.8157175927580234,1.6746221462126434,-3.5600494606999664,1.5951903311710753,4.109887696764612,-1.2013398733372924,0.35034226157876996,2.661762137067024,-0.046358792394891345,2.606299464505475,-2.010157816474161,2.1388246438355005,-1.6896520555768497,1.8271076731237712,-1.4657699702895244,-3.365334733593239,0.06114602736968152,2.3731906643972054,-0.8803227742058374,1
5.747458448972985,24.30849227630214,3.3693674502716555,-10.525010046922247,12.122196758508624,4.646550389105253,-5.58765161394811,0.1443728072473343,-6.399494894922717,-1.3021398814593281,-5.775315050750566,-8.08841613711839,-6.085173587575962,0.8965785379530401,-3.138317798818253,0.6898699496504804,-9.745422017124008,-1.180309905660976,-0.4756153742185362,-2.4662612109597504,-4.028022166001482,-0.8777996292199927,2.364680471986424,-0.5005175308000955,-1.5765570361063919,2.1502667779233717,1.4326632701394024,-0.8163141091728628,0
-6.219011519677338,4.216820623184582,-14.659350193602238,6.939495164448938,4.088612741485091,5.359070546623237,-7.608313563802219,0.40825706806036693,-0.7334910008795598,0.7927980059648888,2.0370609158290853,-0.9840130214643507,1.8670647556613502,0.6113847547390564,0.5141423287470115,-0.10149721774153136,0.33987617036384793,0.19918127001828972,-2.0960285077089362,-0.4537800576171467,-1.5765486051261088,-0.9996485462799367,0.09623996212832091,-0.46920411281845054,-0.6560653423420444,1.2674727642885235,0.9576009308458079,-0.3505898365277213,1
11.529880016003943,-10.24278615823283,2.288223371825126,1.0309113436761057,5.67493350253862,5.26354297122729,12.470741288560896,-5.786635509176617,-1.9037367125092348,-5.094254484975728,-0.48978186535455515,0.18710555017342398,-1.2000500967042145,1.7400897831365822,0.2093046339432355,1.5978949540968796,0.8187086965311681,-1.0689449647186113,3.671911312717359,-0.6041541716954278,0.4024904567955256,-0.5595716783787743,0.940457194016117,-0.9411432973693389,-0.3569766216625333,-0.8009250011626616,-0.32856078131210936,-0.4845039491793276,0
9.481533442732212,-17.032405695214706,-5.518404538222442,4.381151798678418,8.81201573456686,7.299604776187502,-0.802762831503626,3.9014568780509924,1.6009405176091511,-5.797652955738101,2.419549766125773,1.2444441660724457,0.18238596432653437,-1.3824903868802245,0.9678256434584604,1.6789485165110236,1.1170062170155564,-1.6421157275322296,0.8504672542626968,0.3124473716175937,2.6454782777390666,-0.3334126807207053,-1.1594964114146418,-0.11055535586959113,-1.595405894018102,0.22518329433726184,0.16429463763256633,0.056739703035991546,1
19.504010862891384,29.904631487383067,8.703957828531815,-13.795931267550497,2.503781181786665,11.354577754206346,-8.317993439065061,4.154714004506928,-9.655326797592407,-5.039218758138116,-11.696035410929776,-10.460594988757117,5.262015528062227,0.337557185230813,-6.659725639618136,6.412680555032414,6.583006911757241,-4.005760090686576,-3.902675350681401,8.039170993692212,-0.15049471788643648,-0.09281818058010315,-1.5698186529968932,-1.0361339271180157,-0.02378987043211851,-2.4585754785719907,-3.2674035508997568,-3.4506647744720125,0
-8.097384111615947,5.440193079969983,-13.824610283033943,5.569767864750977,2.019702364185713,7.328663476983035,-9.294180083633266,-0.19151709070482692,-0.6684082376166746,1.7222519644996885,2.3074799776836787,0.08522494487721989,1.1362725762882178,0.6361938954795753,-1.1393547840726623,-0.12774831323673738,0.099053618239895,-1.2153613057145212,-0.6955367441568865,-0.09557938750338436,-0.777907550392816,-0.5182053970317623,0.5911221049403591,-0.7229018108130375,-0.586810848247695,2.6332667207410445,0.7976298426694766,0.2578330487468788,1
11.62567913225085,-14.503771614747393,3.1226807478249876,0.8135353606836335,6.924396676725931,6.212864171735976,9.992326514517401,-5.763196524218003,-0.7930426106946307,-6.3960523250330015,-0.06115614958212985,0.3744148483523411,-2.054707530014303,0.6044048036239458,0.256771837581615,2.1039710563341676,0.5342064506570076,-1.8853356700931077,1.5892886008687137,0.033220637024696166,-1.2770695425193919,-1.2081309378791014,0.3079904593038043,-0.5835426652829705,0.04925209834292537,-0.6151378204042078,0.03850702799960867,-0.43981767431438196,0
10.512119614640394,-16.43843023370278,-12.363846302174357,7.8526864438122415,6.792076609350936,4.899989606208515,1.2417164365977689,1.8418952176352874,0.2480504048971284,-5.946915710190236,1.3819285550578195,0.6939002290942498,0.3335642073902968,-2.141101953921979,-0.017089441963868364,0.3204758109416277,-0.08041527762675088,-1.227104734682957,0.24221092202371053,-0.42420567621132055,0.47571371781103416,-1.3254820025189293,1.1144720135214055,-1.4018056044178617,-0.8096663936198847,-1.264218570202529,0.9845128733366525,-0.3166997327768334,1
5.467689954086849,25.079747805380865,5.917905845744582,-11.559908690713238,13.290617308845077,4.927300226235654,-5.571562368402628,0.25131853262802173,-6.172957521387052,0.03976146382523464,-6.119703638205639,-7.515679064282229,-8.027654647872705,1.6682800982921395,-3.0006451272257006,0.8263522140991589,-7.610684906013544,-2.086946847681517,0.2364078557391726,-1.9147493352327205,-3.251643280949705,0.32622688513096304,2.4341518136715217,0.3392966935001169,-3.5689780596745124,2.230902972989414,2.7888072764244547,-0.1568824567089107,0
-8.13659729543903,4.413420325359557,-12.169577333824964,7.28001343497183,2.2262024159029026,5.020840604845886,-6.962868441544835,-0.88967884237815,0.11958320737116994,2.6042981787814496,-2.1004739400715127,-0.21901057330336693,0.980822521612078,0.7456633221840708,-0.7311663215839116,-1.4799031269120817,0.5160211122040208,-0.6659313951754384,0.39944356081127674,-0.32669721675305047,-0.031790609201683556,-1.2032154212147266,0.2835096768980102,-0.01180558897184987,-0.7891081133583525,-0.7710441416680062,0.15787077810610303,0.4680051334354359,1
43.308814932448044,30.372142824753496,13.754116487932949,3.666918434631646,-12.218793126718253,21.195285557882077,7.593026564827157,8.152169013440833,4.5464143896342675,-2.1562565424434914,-2.6645312579214298,3.36840540159561,-3.2895288502386966,2.9187412180350316,2.439719138177798,-4.284469563627585,-2.0772618835176586,2.018447400255464,0.7482054232074122,0.9838467083380722,-0.6144480735490255,2.465089862576677,-0.4029532567285081,-1.5504680884004882,-1.4983398708704654,-0.34987835172581905,0.36974243106291516,-1.6383448712629698,0
41.91133364634758,30.097356378835432,13.945402631314332,1.4914048794573223,-12.777099343914399,27.992571033544177,5.139697322102197,6.722746158567039,4.188001757322777,-2.3786475874951134,-0.31395849443212465,5.252075528261894,-1.5443125491057168,0.9101398148481654,2.7682431821680202,-4.174487382877565,-0.9887048177199812,2.592429224739233,-0.011184036397300307,0.8291305745614855,0.27644222614937913,1.5536847469421227,-0.9913391667438469,-0.7714044643432405,-1.12541659304214,-0.09629209794143331,0.02118902928382992,-0.8740725393074973,1
3.7052314639428836,29.28498673185617,-7.435523873668532,-2.6434289390876664,18.16955860313584,-3.7584342880236443,5.437539019944504,4.046556082893256,-0.054176309044908215,0.9785349657916854,3.8618053039091365,4.80621825820691,1.1828745065247357,-2.233676441736315,-2.1478019729826703,-6.083522647128876,-0.7143988222558542,-2.570680008594717,3.755656696447489,3.850113915767871,0.6812645167977128,1.3363582723071608,-0.20032847644688728,-2.327734603269895,0.17464603243640844,2.30787183425543,0.9234016892322588,-1.6372027815529842,0
-8.550072778287895,9.559701167165212,1.851084871254371,12.163635975119895,2.4003143268783957,-2.01193342831908,8.10964522922727,6.67754612044445,0.7492639176786902,-3.2702932583631417,1.7039177739894336,-2.340100368901137,0.7627109430388206,2.572149885380815,-0.589063772583306,-2.0464647765785746,0.041897365371739465,-0.24050192783246624,1.2577114681731305,0.21209618042465161,-0.6445455053200265,-0.46781641757587855,0.12857791831510867,-0.24854269932048334,0.2411459454537207,-0.6436398136421714,-0.0425606874911676,-0.07187086548096937,1
44.357242619598566,21.798218581146795,-18.174143140770372,-11.211369648516108,13.787374544165333,0.1832531247719475,-2.4366871641623558,5.839877383025317,-1.6689028111268538,-4.474590506224266,4.482713187605055,-0.26733902775316964,6.697043750227304,1.0676135868061758,1.3968785710997085,-1.9257490418866694,-0.09199507760847875,2.039747069688548,-4.349519334004865,0.5641507259973645,0.5306258361938042,-0.506180309930769,2.582169134554147,3.5224947781870775,1.0625770448867964,-0.3295492341622954,2.1033879349538123,-0.43436722348270745,0
18.0855422332516,-10.25496855242781,-10.409794822017375,9.072827393724022,-0.7719464660430065,-1.1055398987888982,0.9028931870786754,8.008037332738322,-0.7371994314310762,-0.762268657448087,-1.6095672584653555,0.04721394156543424,-1.0219078365451904,2.1925769147490275,-0.3071211254489788,-0.7550258142153028,-0.4994729331940495,-0.8763227942807269,-1.5312806905373986,0.4398463599238551,-1.6534662366303243,1.053757463789564,-1.5129696697435342,0.6190495804887959,1.0730575371498667,0.934514528634351,-0.24023183175785584,1.0482621054568912,1
-3.974067069177815,18.465044304022957,0.7424936521472417,-3.1627090294049935,13.348120354842427,3.5291542685117316,3.499923959392667,0.694607655367503,4.387628370015084,4.001044961142325,-0.2952116503038163,0.7746338132437519,-1.9410726581574753,2.526308155901178,0.6844417495334133,0.997473619670398,0.5689223062305209,0.30884977914864564,1.512840090440179,0.7930995307719889,1.0530628091825596,1.9558254899250376,-0.19491579261912154,-0.13003280920952637,-0.861243219553804,0.8856250629782526,0.018963857697643416,3.489717458981978,0
-11.824119361410927,7.549227018930987,4.399727060855884,8.784434182586882,-1.834711870964384,4.157627165775028,3.7097428848247453,3.5421569301935274,-0.20175817034074803,-2.3511133922892573,0.7503661872031,-0.6435511220195799,-0.6903946887677943,3.1359691063863724,-1.2335404889707797,-0.9201502369432765,0.7834917052990469,-1.3908187697768606,2.3902032180766226,0.1584488499331957,0.5302746312025849,-0.7916131971133515,0.23124733853878596,0.49690641561961496,-0.826896366744652,-0.1045548663436804,0.050185987180603096,0.39411168075220765,1
26.723903246918265,2.5301935704692338,-6.185538178012891,-12.424542825945585,19.876011050604294,3.379237391314424,5.563064626720767,-0.5540748432772316,0.1623577636697331,4.683766677104038,-2.482153609256024,3.5744885300982436,0.4711615259260893,3.5012995230688135,2.2591840834453594,-1.0854431184805096,0.9467798771339201,3.181893149779463,0.770897507012725,-1.3008651588303364,-0.01820246702993935,-2.5084121127234424,0.026940620277071895,0.854320726798139,-0.44884500405495936,-4.867007891836438,-1.5961728244755549,2.197324151799035,0
11.726915595933395,-14.366418723123747,-8.723545294024788,8.675742095372668,0.3231612621372235,-0.9730696151795286,1.4157966321918998,6.9163833804778525,-1.6886089246177585,-1.0254071611517,-1.300432436849271,0.45260326528042505,-1.013858767363727,0.8135581178526794,-0.8324599389376308,0.10680386267008309,-0.1582493595665028,-1.7761408342395115,-1.4208635186074938,-0.05229544183612337,-0.8852375646901688,0.44368470503333285,-1.1127074600398787,0.3482187171557543,1.2214037849970878,0.8165619454551297,-0.8558437443232949,1.5796812280072097,1
6.327915785042512,38.60414045441333,-10.943118177598583,-7.395587782967256,12.970317333688183,-5.440431566296929,-3.3483903877082395,1.499217213150032,-2.0573764631209612,-10.527907457705465,6.188741656948614,-3.1030166267287296,2.360734485517189,2.472832854322306,2.255927171368191,0.519715469395265,-1.244086041009774,6.618634710099467,-0.22789821872512073,-4.656704546962789,-4.6247607560990405,2.9458670195697385,-1.9537829720866113,-4.2142179437618505,5.381169106722761,-2.65281840077716,-1.4142841463000462,-0.7683211936288389,0
-15.08019929463322,3.4893583015794207,5.809780158497183,5.8084826819440005,1.2593699878012299,2.5381541180829204,2.86702735761732,4.79691872262822,0.5263659422333967,-1.1779296267817176,-0.15856340078700587,-1.0047376976674323,-1.058366490695599,3.3631290596594052,-0.19137959722536763,-1.0674814235998995,0.8100425973106667,-1.1519070013130162,1.39201705254848,-0.10950361050667344,-0.2688130638289026,-0.27038154835016653,0.19720965698871748,0.432082051380436,-0.20453856645899887,-0.5512880856750395,-0.036451736477941685,0.12279220336518777,1
18.38194009533213,-13.815688418828165,6.870601259205485,-0.8603146947887252,5.806817308666529,5.747281349241868,14.59208639264884,-2.590233603950163,1.4029958322718044,3.1625846165903186,-3.2310403334052418,-1.6743915590769245,1.1835919996438475,2.293701082608589,0.9643378065480044,-0.9285924476609474,0.4397513796398949,-1.2066550229624946,2.0931571817152337,0.8379925398112196,-0.5556602416902535,-2.8198367239912305,1.7087261074194757,-0.5892258825710021,1.6495422096358336,-0.5500505911302058,-0.24914667362004164,-0.9175263480968638,0
14.676161236281153,-15.619170171036073,-0.9359354498859361,9.598532543687318,3.489424822563904,-2.7064022030681545,5.756275845857238,7.99376098577197,-0.6503648703498136,-3.093479808555272,-0.5303742735376962,0.5047672920251082,-1.4234628557319762,1.379936930136008,-0.8601425530819642,-0.7187891674186189,-0.451879114366179,-2.0185637474055795,0.29185092061600465,0.8806085605432643,-1.0966203921830053,-0.3894429648750193,-1.1649209268796121,-0.43721593970188277,1.8258473887068616,0.9006481755421202,0.9075052283858868,0.09484680317525547,1
-7.999542275033055,17.412141043889218,-2.2984299759179336,-2.561446355165674,11.639403455539098,-5.085649011847934,4.217338682362999,1.9289380747463387,3.639175340756434,3.8409516665167867,-0.1418739991885724,-0.9944126069686235,-0.43809773369652144,3.004724025362731,-0.5404843925633075,0.19390073462534757,1.0730576294784893,-0.014060614450209685,2.9997220188638023,1.5735132430620518,0.9720571301807386,2.869401343751467,1.8730722364339647,1.1538506697046407,-2.0330367462278365,0.9299083400969552,0.5585502755190265,0.7523061279886464,0
-15.216645308886973,4.914225073817756,4.562373419414613,5.995102588381656,0.9837717190034422,-2.957181533530551,3.7865886649804583,5.7569720218066465,0.6980233625103295,-1.738842449522087,2.0074366884206616,-2.104703272591432,0.5803937061084823,3.73834593440531,-0.7773231896564604,-1.8413931072665624,0.6854661794675874,0.2960566405923459,1.859688878174827,0.07839767246772367,-0.5044713262480962,-0.2747525673516083,0.751116857093091,0.167501624102639,-0.12900557896201661,-0.7375445302447771,0.6042573032433698,-0.4294303688061908,1
20.466464830688995,-12.786476816048783,0.779052733099071,1.4217278810556615,2.6286753373988803,0.49877632508797287,10.335724824427654,-3.5770533778538156,3.027095828778183,-1.5805739791860873,-0.5111699806842325,-3.139628645405594,1.3431385453218725,2.5148620625675138,0.3950438647308406,-0.1751777939902534,0.6056355689929057,-0.8081486758203471,0.2326074577221936,-0.5133909036943611,-0.46560800280037073,-0.4031776476026293,1.0129823278388213,-0.9750180789304266,-0.10009077668827639,-0.06571302186979222,0.36330059199092785,-0.03435091851463356,0
14.832933439650473,-15.906845099031244,-5.706994319811525,8.926268170287774,1.644423724278977,-1.9355679764904752,2.0482737673248654,6.503848255712642,-1.1352497321319357,-2.24498146865112,-2.2762079772746926,-0.5937960338958009,-1.4128897425370854,1.4448040633073411,-0.4683249793593125,-0.6103056532129023,-0.6512908193629363,-1.760075635350617,-0.6181785470944742,0.18185188255966056,-1.8811620300789016,0.9519863589314889,-1.3479437855290066,0.028800338957838973,0.8333769861102965,0.2962764497706114,-0.6394403094198852,0.18018013901299215,1
-13.179137536222683,12.720735800381219,7.928489642441642,0.034689879151587125,2.6741588897845743,-0.806471757426571,0.19193514117258587,-3.71275253316416,7.634178748479985,-2.29573911554917,-0.8389795312479157,-1.6569595131316095,-1.8994294144785109,2.400686728021406,0.05186638388547943,-0.5709856066039949,1.233111641015064,-1.7841851807800295,2.7779118145526,0.43708937084076077,1.6146643545647075,1.396650734060562,1.2715944774411523,-0.2693441128234591,-0.8152199761173675,0.006614476190621406,0.6367450228983079,0.25540638796504916,0
-14.325722827046825,8.473174672540233,2.864757090052558,6.1221901310966444,-1.7061283914001064,-0.6830991333020173,1.148234571854021,3.808254519716483,0.862915001148609,-0.5142575448378494,-0.9936985782398765,-1.358262797554677,-1.1173968691651124,5.090253614581035,0.013086407586826037,-1.236651462355487,1.2949643384576883,-0.4084086740486328,1.899678915108956,0.46748122672495257,-0.5034268853220135,-1.2489248582766272,0.4979717161981613,0.12880706047313867,-0.3170126646366974,-0.22109051845297395,0.5383965046615999,-0.6521197494795552,1
39.21421645476948,14.401482611700155,-15.357345717828592,-12.014552050711579,14.632586930401876,0.26828277004968754,-2.147581243603303,2.0071155584946148,-3.997807638438491,-5.008997439265264,4.918224185192403,4.217042784557495,5.471389682063699,3.7443541090231705,1.4020450477260982,-2.202722949717626,1.6264500067680985,0.7877615603336021,-3.6405891023113024,2.405250555377099,2.032338568611132,-5.962808906391473,0.8164520617565755,6.79627228529453,-1.033379296697667,0.9636439700036042,2.5755624464275395,-0.3632999234695427,0
10.770025330842381,-13.409819653254008,-6.2331486151599504,5.919292098357317,1.838571284549658,1.1186469292624779,3.1069596077346517,5.296322446113103,-1.4627742813167686,-0.008908983015501118,-1.3877509124734273,-0.5888034500332023,-1.5141685132504923,1.1191171623546454,-0.5397391935879691,0.9837310442193918,-0.8381119864567559,-0.683656601193693,-0.017204719559616957,-0.6262314485103591,-1.7468582178990997,-0.7594371221462883,-1.0675604135504053,-1.2843846310831117,1.7923436745206003,-0.5955834712314704,-0.2123867465383321,-0.21327658707810496,1
-19.478966709514808,6.989333991173844,7.563857175477941,-1.6923007624557032,-3.9856986529383125,-6.457080808425845,-3.0867547857750393,-2.5297261946208343,-0.05005855153007824,1.894886267094651,0.5622407750827415,-0.21457682555932742,0.854572779064796,-0.8220902432351209,0.28075348625866864,0.008643043428650054,-1.2951244407157687,2.582521131956918,-0.8625697749828317,1.4659435257546927,0.5309709423651906,1.0318371699690092,3.0247001106400355,0.9319224195729117,1.3366074164644333,0.034529696549093006,-1.163057913002861,-1.5311545955169106,0
-21.284019071955626,5.268137217588877,5.32849351006816,1.0836489783895933,-6.224539155263913,-5.8216240845763005,-5.911468395152375,-0.39487737482531754,-1.2524601541347276,2.545544967745364,-1.6797980337790974,0.7692010528111284,-1.6818022576397433,-0.17801550754641154,-0.6133806864877469,0.274377568010813,0.45092875634282364,0.3108903136243987,-0.8864478210263704,0.07611446569005631,0.8299519611488034,-0.5420684524784182,-1.2571490638585325,1.598732368048808,-0.5838292347465218,-0.863506226610057,0.025002765823675385,1.4074022548684242,1
11.937804771344236,26.539906928355958,6.269601690092663,-10.888511789836782,-9.185246614068813,-1.6464366246102784,-3.7621105662246754,7.944178286272054,8.549788051961793,4.765266023207624,6.149457781288931,-3.978105791705135,-6.749696821358624,-1.2670693456604634,6.780537247311267,2.686364305553595,-1.769372993683601,-7.868575936134199,0.5605552115433101,1.5958094483841512,3.9920193351254945,0.15728038371724115,0.3281711938681201,5.884753704544753,1.3088319621319533,-1.7920862530302435,1.2621256015414233,-2.665869112527888,0
-9.748236745541666,-18.124072535786386,0.5529861561196248,-7.796489399789374,-4.280070166075482,-0.9005239016115236,-2.5530198715824697,0.31053817251742766,-2.312509844756299,0.2645890967456529,0.2681571133884615,1.342564370854457,-0.5931249763815107,-1.9743417418304807,-0.09676721085671414,2.307489726668384,0.3946734892412722,0.28588667539312485,-0.726059516630093,-0.5851907601588177,2.284858044339559,0.3032760760202959,0.5813616441219774,-1.6106887846833182,-1.535178808330128,1.0749149771681514,0.2196961410531793,-1.6182112838648885,1
-19.59292538199001,7.815223933965544,5.768207076944028,-5.023326796255182,-5.608761790262975,-5.016007870442708,-1.9988450871343233,-4.099232839091139,-3.971205912959272,1.72305421860528,1.931981211766264,0.4212429459363974,0.7798786326505336,0.7426685679017675,3.7552979086892484,-0.25737798638934617,-2.0415325008446996,-0.24830184469949154,0.6359167730910146,7.445762765933411,0.31401526745716724,-0.38817739458673745,2.3342412362157954,-1.5036930687418073,0.4206454625975605,-2.08273968339842,-4.182112169460586,3.7653027720545618,0
-24.16680338753264,1.845939838906142,8.432528394684363,-1.8502096528412113,-3.5220588208765977,-4.823807342269808,-5.767376985087465,2.084727168635115,-0.42415242925237945,2.214691833480465,0.6973390046812135,1.8188340767429858,-1.0900103636723877,-1.721370408849965,-1.3921350325844166,-1.8553099176138277,-0.6410574533588781,0.3896309912136189,-0.597375445611404,1.2282212291193464,-0.4573064795752181,-2.1306770159410866,-1.485899368942321,1.055974405167383,1.3810532487138203,-0.309981367845408,-0.6472598623288249,-0.031072901351271266,1
11.593646532290196,29.06991975146219,10.626688795652395,-12.351335420687487,-7.874782484338579,-2.5270293772610826,-6.90276204815843,8.544153069538183,10.877185159857913,1.4003051649015001,6.512955348729757,-5.115488769686277,-7.140839617338016,-0.6150362751065815,6.16549889065625,5.09782561948466,0.4657354776351509,-3.6179523749340565,-0.557850074909709,-1.51192635599753,2.5972244751786326,3.59066996299065,0.5754703490486794,0.28256073305654816,2.950514985467756,-3.0827150901974547,1.9550885596608478,-1.1727714922477195,0
-11.39590373841255,-18.917236678221453,-1.8920303051609204,-7.371331622242064,-3.967878594429329,-1.2910205072443242,-3.9622940224011165,2.3020889426961118,-2.2672517029592414,0.36715630431159035,1.9104525001833659,0.8475495118596862,0.48538582274396835,-1.6047595377085857,0.5127168702606942,2.241948277097451,-0.29750218020333846,2.326809811140205,-2.4847952731810112,-1.2625741530967907,0.684840788310549,-0.2551293003123142,1.5297347845110614,-0.4002825531211159,-0.6814098115998427,-0.3540269081848965,0.6919934480835452,-1.2734157729504627,1
1.5505964280584799,18.83724419778613,37.01762423508407,-9.463648289467741,-7.593730974366137,-7.724094192037554,-10.68134372502874,3.2349643927396796,21.99513113024341,-13.287209449128982,-4.494376714913794,9.902994553017823,1.7179614653133615,0.5064381219506293,-9.72157794593728,4.214576009029505,1.0840859531942288,8.990290899407384,3.3577227550928574,3.599618441292541,-4.136407586095821,-2.480293575922998,2.0206668276527395,2.0098278721137515,-1.8121315697055584,1.7354639503578169,0.3025133841899751,2.0968542302489515,0
-19.946449690470406,4.818438491212179,12.572171217830153,-5.770002993313502,-6.941109630461206,-6.679163493230489,-4.993006892412253,3.2089517004702444,-1.660673890965995,-2.782171149254869,2.3415753898586193,3.843207029727082,2.9007263870217126,-0.9120675668404506,13.608589510248104,-0.3470784085848164,1.610763359571778,-7.48026844904789,1.2524745152659986,1.4335238206112968,-12.696950951097978,-2.544199421765622,3.3929954445181107,0.5137593155011114,-4.436758878385469,-2.1853457500554967,-0.05826909121496068,1.0711241591562521,1
-8.706170403056813,-18.46238816507149,7.5092110078903,-11.043626619629812,-5.27631320978041,-0.5684117949393255,2.8116302523779533,-4.101800424925876,-2.1250502032783944,0.7703779887689759,1.6217013702536618,0.31885739750342296,-1.0811158942796424,-0.6315063361691825,0.01765159579896326,2.0770634217312676,-0.42185662992458095,0.1841050342899219,-1.3918122210491195,0.07398272848250695,-1.137855460928724,-1.3001850833258517,-1.8303242015155983,0.4605304057380499,0.9639737272688657,1.5521910813678643,0.37066285832688334,-0.5240393914818378,0
-6.052231119167397,-7.057024046580826,1.554244357999219,-14.168062413187931,-0.3938957605144182,-3.280191868449527,-6.599524218120154,2.7095509144051264,-12.660541889992183,-7.744881121593658,-1.3739025650521428,-2.9431292631423367,-0.5538250856427598,-3.5879656045624784,6.848046129443836,-3.9209721749767303,-5.2671203184384465,4.638484830220501,4.291038913916958,-0.6981873620361745,3.6174593402310036,-2.515378598749194,-1.2650219655764683,-2.3722557585082056,-3.2984849298594767,3.087327713757112,-1.277404057725692,1.4844654250050051,1
-14.589726907311311,7.508626470227332,16.735585173934297,-12.642730414536548,-4.230200138109604,-7.691197619533225,-1.741874663600245,-2.8489354096873454,-15.966961430091285,-13.506806994452011,-10.368416039624302,-1.600827740944046,0.8990439742220244,-1.5901259008366262,3.8751385200296693,-6.248115487383118,-2.212374643369062,2.7853194310313953,4.769642080860229,-0.4837588817933801,3.5755835291113756,3.5122406356572275,-1.3880205558300678,6.226969537601678,1.619382459275608,-0.35678260030212267,-2.160351782346922,-2.2098459592413424,0
-28.3552363060396,-4.339373563864131,11.185105742152578,-6.006900076151688,-2.0833088494047263,-2.0517398671451024,-2.870431446394203,4.350074519637213,-1.3227639923000405,1.4721836149107528,1.1159601521619005,1.219239873122232,-0.3865019466893185,-0.8603144556121444,-0.6974529041595627,-0.0592686536800223,-0.10506268290948813,0.946468706419227,-2.3404820440425507,0.3569638307085662,-1.3112078560185851,-0.42841510693692947,-1.4906496009156147,0.7429328547841085,1.0662200180428014,0.9803213474030428,-0.5007050380042796,-0.1937283569345894,1
-7.179641333113351,-16.46663724302149,9.860550461310002,-12.122072842966777,-2.4570622803445064,0.7448529183548183,1.4511583782947155,-3.783864673996381,0.4752295125276119,0.9729980616643576,-1.141899289016686,2.1882659225138594,-2.0711636102890703,-0.7912710931387478,0.6346883718900441,1.5379900838899763,0.41135342437819356,0.30313343091509953,0.9699481870474116,0.4616211433335063,1.0379351032846038,-1.3993958174464847,-1.3981032264103228,0.4653489027717667,0.9293917618291421,0.3320076823346234,0.46347577064006873,-0.8699193261154573,0
-10.668839437168915,-15.255541732353715,2.1321264274135023,-6.5587410417845495,-5.483057092021811,0.8042972936241543,-2.4609953282202266,4.1747187402087444,-1.6153975947975583,1.0806147018864707,1.292303306652589,1.7510968915446983,-0.7546271457409467,-0.9479433559328992,0.8662721396564338,1.708012006200822,0.24611078884965504,2.092222510906211,-2.22927655597936,-0.24880248188487566,0.43213686794355244,-0.16828087529242375,0.40088706473642105,-1.047181667454196,-0.11286865730518299,0.5614869412128922,0.3510934978069879,-0.6005141654818273,1
-26.362176117101136,0.39009652724388605,6.976193543399473,-8.003613628135913,-2.8875418995187165,-6.430518588040082,2.2534877596912506,-1.4153692692389082,-1.245066370967265,0.9755294546014363,0.8355915513745723,-0.3906766603890569,0.37816398887169256,-0.7282715309010905,-1.0677382516100733,-0.9814264675421787,-0.6881154862056255,1.7058343508028306,-1.4451301461480468,-0.9674068866114737,-0.16813078895338268,0.5664856595899902,1.684765457261671,0.13982654917919474,0.3193970366044723,-1.7133145431379395,-1.4372661366904032,-0.578200349625327,0
-28.73334265603842,-3.4548363304228156,7.654098002271173,-6.263732041316802,-1.9595439484393609,-4.0154671433746065,-3.512051518183699,4.618377126867913,-0.13019839866992053,1.4178308383592886,1.2103700064303244,1.4838724412847055,-1.2595630331415204,-0.10480241086705004,-0.24495404464564074,-0.0585977979715115,-0.15399187593283473,0.5451396837134546,-1.6287175341518552,1.2149791618410855,-1.4066849307440346,-0.5730118331156706,-1.3240717035969831,0.46599843492124937,1.5099175586295517,1.9863073403441684,0.7636237052892775,-1.073495987189613,1
-8.698159642726415,-15.498929302624665,7.70749145048991,-14.780761792436133,-2.0346226435673507,1.7168745880161194,2.1056971610315474,-3.5902545233104166,-3.813243344515955,-1.6260350540934336,1.7658345882179487,1.8841621719370552,2.1298096455520943,0.06007755204466145,7.037485060367395,1.7919008731205601,-1.215917837172675,-0.41389810600616883,-0.14576602043231998,2.164605620865273,-0.31913719604395513,1.3667327008992063,-1.796550704111991,-2.0894425303977955,-1.4249557203094918,-1.7765162572157092,0.011124280911356562,4.082671235508205,0
-11.982584233810247,-17.9812558900219,-0.355584023472056,-6.317567428271355,-4.37307622815244,0.9241082895442525,-2.3127996639292356,2.639675640409939,-1.2678910000927714,0.1395077624676082,1.143653050039473,1.958463348190819,-1.4378663182958318,-1.6828532281176687,0.47516143898792845,1.5626015153671142,-1.2356978117337012,1.2705623510502544,-1.6186224765960842,1.206038227338562,-0.19421044794328665,-2.5386914721305436,0.23526890782107462,-0.9515546579873367,1.3426104192439658,0.0948379019143798,-0.1341001535115182,-1.2520590238568639,1
6.270662111899627,30.542432250066202,19.308994080211214,-3.9279235486730535,-12.20139246190153,0.38479568716378204,8.005335590862146,0.6214622477422606,-2.5740696441305353,0.612279455850452,-0.35588918796778546,0.7766797044663992,-0.21167325250479926,-0.9630392554852651,-1.152201890352067,-1.5105611335532951,-2.3343951594682237,-0.2734003209465982,-3.1244628720621823,-0.11074307162504668,-1.4391713167427287,-3.178699210147121,-1.0428840270651452,-0.2960582957111145,0.8716459485730355,-0.667988873858201,-0.2746626458655596,-1.0752565631038566,0
-14.315073807431178,2.35583182475318,6.718607982302434,3.2869100010601047,-2.7588775758652337,0.8108981294212692,2.9237773916349052,2.7082655616502533,-2.1425007496439155,4.219041499388229,1.4204385833000936,0.678155688460203,1.1696851610318186,-1.5949237049260196,0.08319497496239253,0.2878313215635394,-0.8328333725285597,2.2452480549025973,-1.6797484800644211,0.5937775713173685,-0.5626560344647278,0.7381777351478732,0.3235331250636516,-0.48485680409087867,-0.840644659493945,0.3128934572437484,0.775691677566023,-0.16451543464736346,1
15.457214510515502,27.591180668489706,7.3142789293547725,-4.635748310963299,-11.01619783977456,-0.6722666035794299,4.558672281091011,0.3814008049773347,-3.8967963667292183,1.3692796783242807,-0.8468274159447404,-2.2720398921422036,3.1441390883316203,0.5392218169465509,-1.5169642937670602,4.154250184438871,2.319782801740157,-0.7700960852186474,0.6283578316907107,-1.6935868223063546,2.8125599376130594,-0.9884997354131387,-0.28830765779642537,-0.4143948813731498,-1.7370493476638174,-0.059870328204853766,0.5268313951564139,2.9316981961328876,0
-3.7398801305228693,-6.420170203089701,6.214793138468864,2.106262557298782,-5.59369509122604,-0.5764932151913691,2.432121710809811,0.9622842583947531,-2.731568811444145,2.308295779836249,2.6068619055860016,0.7322172087802921,0.9757475060150266,-2.0238395845135178,-0.729451803655303,0.23063497744118197,-0.8156291600760726,1.0373124887376508,1.9039556146600123,0.8408177758978773,0.9663969961390892,0.088416146376503,0.9085908706125084,-1.7737902559110954,-0.5801236126171081,0.3274936044336721,1.1256024556010096,-1.7474121443800366,1
10.580515418336262,32.96123966868255,3.5200252979261433,-1.8722854351048697,-11.200768091859018,-1.8192465143757024,4.352323390984644,-0.060062975587963835,-4.7043853984897686,1.543381811707247,-3.8917505581453966,2.585912150480613,1.8758075115657011,-0.39388467362167456,0.1782040390876744,0.14446281589085663,0.7706859193140171,0.04959626669131145,-1.5114003837788894,-1.4588622260139,1.4092932653719892,-1.8379399486030157,0.3440000122212634,-1.1775771095226546,0.5719645239307192,-0.03019702813291147,1.2839387210620075,-0.5339389126166403,0
15.084791610175913,25.857104743171956,2.107088749564564,-4.72835219828319,-8.64072134100037,-0.5828978862091705,3.2282926823596174,-0.23298052836631417,-4.604624118267193,-0.18270613986526896,2.610850409953336,-2.203513933847428,2.315289995859175,-0.018993597271956097,-0.6275732922765325,3.2835399992902676,2.3232212699715378,-0.2620727151822895,0.10501174875310545,-1.5262189643081228,2.0168588575870405,-0.3486915460557291,-0.7570698207975919,-0.3979462498342929,-1.8335631129521224,0.711915589379369,0.4887902630012449,3.1170356491847246,0
-0.14370136043123155,-6.772915332147482,-1.2389999954764241,2.681160315221026,-9.398250955416819,0.9833974596062887,0.1750476398220747,-3.8331443545456327,-4.869596158376655,0.13476695954472484,1.1972327016687945,0.7606670096886412,0.15085244652727214,-1.5445223628138933,-0.5659940208946813,2.6407627022784546,-0.8244693902743534,0.7507181808794537,-0.03839443343677028,-0.031863786558944056,1.02563016550313,-0.8071010507004549,-0.6599055962841627,-0.7973852569520413,-1.2251990954812735,-0.043267986130068305,0.6298933753451126,-0.7089369141685921,1
20.589768291091033,38.90212880296005,3.707888356722121,0.25574728610120573,-11.248028688841114,-2.7252478121097314,-0.3959352269048451,-2.6528234597839377,7.8336152053082,-1.175668383521276,-4.9736100401683565,2.7635305075100725,-0.4845967156204079,-2.214828591762138,3.633854561695523,-4.253059916961521,-1.4580980244826272,3.0121398485994435,-3.373216882938509,-0.6740601634737604,0.866409092479456,0.15906611160132156,-3.4153997707415016,-2.166926292817744,-2.3843242015857444,-2.5315689225223705,2.6780977341542562,-2.355564942237785,0
16.458899045932107,32.03813738049166,8.699718245182579,-0.9910173874680451,-16.615620456542807,0.5816289656789521,6.790820764134202,2.218707164190205,-3.2651380412319235,5.405302861892751,-0.4791860599401313,0.3373303231374397,0.2608442915972615,-0.15944936431361484,-1.6002637655076013,-2.0460951969588552,-1.0459545221017055,-0.660823609445415,1.3805319328376053,1.1974511935088925,0.4172980836581516,-1.491357967726906,-0.8109828756120671,-1.8276497144541606,1.0760394933526196,1.1296753488753515,-0.8170987001808728,0.5562404255004364,0
-3.8322298467007245,-8.730336092310967,8.588301250837505,2.0059936564720093,-5.580107349733596,-1.3225092244490675,4.324129463427279,0.2655483643518628,-2.898133173097085,1.5032999379192014,2.279455010890815,-0.4406156484581301,0.14368030634798643,-0.29336988334087155,0.1795061249784146,2.2185138767535624,-1.1119523118641734,2.7844356855160632,0.5563006598867152,0.38540478428893993,-0.8635076213939575,-1.0272782121678001,0.36349629739421957,-1.3269672872623235,1.084451961674696,-0.2568432261644992,0.8609538821956941,-1.389848267176196,1
-2.5400303025248796,16.145432140403003,5.4535992562546545,-4.855554794653925,1.2350061762900673,-1.397471272970049,2.7385538108927228,-1.0316359339510748,-3.8288977770098382,0.6913688474964582,2.8203481854285815,4.590141019424192,-1.3300665269323582,-3.5713512863236634,-2.358030130351667,-0.32106628480817123,-1.6816268477790157,-1.162111623240871,-1.2810271537326718,0.14040669184997806,0.5016923851703026,-0.7171209406052723,-0.43720030623549894,-0.25659130507346284,0.37168910103339636,-0.5704243917835824,0.8895787141173975,1.8730309462136265,0
13.054190939707974,19.46548045255341,4.646653905869031,-9.289190201874026,-0.3389392688390029,-0.9789631832079727,2.1634949581655287,2.001063380113822,-4.23888257031017,-0.9611459608416718,7.797301235283789,-3.9762110273780853,2.184357897464129,-1.846673194135222,-2.781103536550291,4.470731460987743,0.045594102955787724,-0.006146325935854864,1.210166206607358,-0.6945102819033505,1.1346717442716199,2.1010885606185425,0.8382290886315626,-1.0517089478777228,-2.327652592783238,0.6570579455518969,1.3225922642182861,3.383828322447055,0
-0.8835270381727727,-5.999660143827261,-2.8044842210029697,3.4726322838410173,-8.63152923982646,0.7854701843111134,-1.5502432556283021,-1.7701809815396663,-3.1733753344802644,0.1938416364421904,2.963684347451151,0.8188382788619967,-0.8366339265086301,-2.6782988412395263,-1.03809734468855,1.5522841178688314,-2.5619888360809693,1.1590967058518704,-0.8469947211103592,0.7195794713450385,-0.6743320169818405,-1.4457287332237139,0.6190782974619194,-0.6808363325276914,-0.0019074390370811447,-0.11506084238143097,1.0199179324300238,-0.7123436471419214,1
-3.8463916449875026,12.221651780164505,7.8959290830536055,-9.020342609214346,7.627617114640545,2.7589878762092326,2.266756160819059,0.39168039580137126,-2.9063198715927925,6.440403852186965,-3.102797506352456,4.236515829042081,-1.9433576188470638,-4.066766095710226,-1.5787225193682162,2.2406493856166994,-1.8891549568982298,0.8821157061665729,-0.7154088574891626,-1.5655976551842898,0.9872824176802966,0.7170855912630584,-0.8739718830904449,0.29899926618941164,-1.0062067109531416,-3.718750948702402,-0.4310145007775856,2.5682251248397483,0
-13.333098206473112,1.7793667329354506,6.445720879816711,1.856614817251657,-3.343314187700968,4.9572702042950985,2.9147455205329256,-0.24737896686116104,-4.899318769554016,3.3149919500051066,-1.9809078585805493,1.4546215145514052,-0.18612817277617066,-2.293759976939553,0.31166428135206053,1.714258397902251,0.3569482084491616,1.2187967735706373,-1.1799620772017831,0.08751271981662434,-0.28047986845526124,-0.3631156690914104,1.006478047819423,-0.21742273055229355,-0.16734777284164837,-0.1030726535662013,1.8423468500337588,-0.12826529559585267,1
5.990066123216566,4.861579904749854,9.323459461394615,-9.343989398761405,4.225652480382842,-1.4869018040593471,2.7774401510969486,-1.2990642536395458,-2.4838924400613527,2.241762894014516,4.084205469326434,0.39359311741598335,-2.350103886142641,-0.7941001185130298,-1.5738964407201508,1.7901822798993157,-1.0468462668738712,1.0913221845488144,2.6947093978927104,1.2397353867079826,-0.6090539274647715,-1.306375219949257,-1.3430790208988561,-0.7335203416855097,-0.5468235264801289,-0.5654803668578771,0.1422117219021488,0.5109409774954549,0
-3.2451542103510804,-8.85341602152843,6.333849326622401,1.7038496295191226,-4.39678052832152,-1.3841959543609286,3.690322056473455,2.1406942229101067,-2.711627170781827,2.5824347651789332,1.6926354264873347,0.8517200175294353,0.497776354761982,-1.4248497424112936,0.08408597376159394,1.0312138085108933,-0.9351673404382587,2.657844937020344,0.1878838567750623,-0.37130035452250554,-0.046683534620646706,0.3810835179896777,1.1782835197189845,-1.1608102209808315,-0.3847651866607006,-0.07269314751544707,1.669901620041196,-1.5311033319939684,1
17.761590624993556,33.87639474895773,-1.4050516548325083,-3.1106604215700306,0.8558850647276091,-7.129250236675973,0.9416313633053438,4.449140738735131,-0.6990829622443475,-1.1473597288702184,-1.9015581115616578,2.8897175519746723,10.646100242846607,-6.630220213699575,-2.6311084682478976,3.9062030807165224,6.847155214941881,-4.636756996858788,-0.45196502814525846,-1.6169072243275862,-1.6947258287817066,0.645594575965383,-0.09304702322564118,-3.6625762672420836,-0.3284960410684446,-0.4722519452994642,-1.3285173730331648,-4.171616542642317,0
-8.97869896211922,4.314260705128464,-0.05370333266608751,8.863589628637346,-0.5737799230550267,-2.7535381001241026,2.445081616260485,0.3189758638061457,-1.5605231090060316,1.318790404790616,-1.1525308019360174,0.5094664890578229,-0.784431719967064,-1.7036677052983236,-0.08541097850125833,0.6633702973493314,-1.3977583853344873,0.7912693099536853,0.04636733749703712,0.8233202552480229,0.08716091458214129,-0.09397540083909349,0.29232351064389583,-0.46990875745023664,-0.016839077134604197,-0.1764375391903809,-0.47795676757585864,-0.09008100586002975,1
12.713202874662125,-14.583364599843636,-1.0120713955484024,6.276234198179296,-2.2856044089083123,-4.456833209652205,0.749984725367098,1.7790543887014796,-0.9738362346792446,-2.2064535996678285,1.6347159244271128,-0.22213559551552167,-0.7461634736196395,-1.0402748657566998,-0.5245754157015105,0.16817185758313533,-1.4261611646778487,0.36990654086787533,0.7241923529101518,1.5690776976637586,0.32472017887859295,-1.2119176999432546,1.6021101360039203,-0.10021620872136301,0.07889992651776104,-1.3061690755418112,1.001038345425518,-1.3843247841159103,0
5.818281922204217,-16.499739188016584,17.75923236740308,-0.5803950910836609,1.1496427886940568,4.410410100473695,11.558979370059644,8.833867126771064,-4.154620730178024,9.42415971244845,-0.3935733961647659,-1.8394356574650619,3.2159706383688045,1.5619589309982131,0.03799180980512909,2.0715877281478754,1.6757779959601988,1.9818757292390066,2.1209339295499112,0.18002765565987636,0.24111298272112916,0.12000181516393149,-0.9072879902979023,1.4126246670835294,-1.1347108148646816,0.02776555656182942,-0.21195022074474118,0.24889312691032128,1
0.4809810814660717,14.942831875625071,2.5151957081403364,2.6838325322684162,2.2474860340906564,-4.901663215251389,6.732370971306736,-2.5168294032525997,-4.687543523822531,3.2810001626295584,5.808235769602909,6.149207761332666,-3.408252297221855,2.535438977109767,-2.7534629845742105,0.6651539737151567,-1.9636130945990895,0.6049489683189108,-2.747255817146039,-1.4228002429442763,0.504914930879994,0.8308195724297609,0.5399207975106125,0.8595973227562235,-1.485742965647434,0.08314207550529973,-0.9373781386549366,-3.299063738494277,0
-8.484110788507655,5.814259230498959,4.1753730454801445,8.49162656730023,-0.10037474518471597,-3.7198061277673413,3.392001622327852,2.2896510064856406,-1.7081123190704544,1.7481391070063268,-0.03837701909840865,-0.47135438272342106,-0.44591304904151846,0.5928957179811113,1.0339622558594757,1.1233551220457618,-0.22081905652298706,1.5730582771405206,-1.2462636277385948,1.1896186627082552,-0.6361833537603222,-0.7133672387415941,0.39160681441837963,0.1702168939502842,-0.0049930982524237465,-0.06379369991580089,0.7076739980432825,-0.02210899249782599,1
11.665626020875449,-9.889616752813673,1.1808693527792824,-1.4382213757676494,2.1988728147070495,-3.197941714366882,4.452144210422172,-3.5288006217115013,-0.6685405632986956,2.0980094971442167,-1.5232616174632654,-0.47908283927700324,-0.9368819681419633,-0.08707604208669738,1.4521347170454793,3.4064824833329683,0.28801142691369247,1.5590521567578228,0.7455497385370348,0.07005494157167898,-1.007632648212357,0.6907214266008804,-0.7776156688969984,-0.040346555175711465,0.14940828038218623,0.875194023672584,0.8054445190892503,-0.18866732264868777,0
7.912687461033301,-16.711066098927045,5.636315078489902,1.95276399052125,0.5671417750729449,-2.1704008085936177,1.0666977999453886,1.95328895788404,-0.7000877589398431,0.5637633865697774,-0.827248745181602,-0.19099906695009328,-1.0057543617057183,0.11620527501818806,1.0570800332335453,2.6442597974742537,0.477537100727914,1.494764108179056,1.1317475278402127,-0.2601584103530091,1.0188919131539946,-0.16441265763355464,1.1983211275220775,-0.945471861967126,-0.9584816633050958,-0.9555582639394814,1.0514596884492429,-0.7086368852874917,1
7.816845535002728,21.177763126614412,-8.391895762138246,11.662417468912118,-11.92333481841493,-11.830157710525889,7.363478205955294,-9.330336154037678,-15.200143872829623,-3.961524718530013,-5.121412549874019,9.004358624283793,-0.10196347300003308,4.864875765776571,1.6304560988000163,-1.5739040923725232,7.061380104766416,-2.462650726949038,-1.610427284133425,0.4248610194509568,0.7616706247839725,3.648336503203452,4.0699684454975555,1.982441514628623,1.409726454461489,0.8917196381073597,4.952783404832526,1.7934919582342033,0
-7.284268892005492,4.405281853180565,7.65645496377199,8.071752734225841,1.9448756383432404,-3.988913431681572,4.046298925450002,4.031530941640139,-1.6570700561645282,3.0163342626191914,0.3246312701051335,-0.3523411858867972,-0.08039042118434918,0.04727452172709062,0.349113206801639,0.46444500132509103,-0.666019609447484,1.4504656108805694,-0.9848117550252955,1.1654875840702947,-0.635826929041449,0.35735762614742633,0.37010699273949493,0.5912033027465746,0.39371826140217914,0.9613678799791147,-0.26959587682448793,0.046466693760837716,1
10.79765527092122,-12.078483536525303,2.2473958107625918,0.0043545543026429,-0.09891976774603804,-2.766699807684455,4.702962558256539,-2.4060387572322255,0.0976152923318062,1.2874173729449134,0.9912025688401124,-0.709671394409717,1.0775168092680056,-1.5184934995931565,0.3112168283190263,1.2770719557233423,-0.5852813438940393,1.599303928201147,0.40447128599727783,0.9463926292619438,-0.02218999818311211,0.8650596180697845,-0.7648460755740686,0.5575560713010839,-0.4650373616846114,0.6492032590471802,0.23844250028080294,-0.3028239887180807,0
7.549508513363217,-17.011603804651354,6.53412047025386,2.4761038978393923,-0.42452718756175495,-1.890710763942812,0.7266408025200592,2.783865489653091,-1.0388865535198328,-0.5797310265799741,1.3581987051757287,-0.09336080628562655,-0.2529341211264722,0.5246293098119255,1.3671836194061997,2.514368516392654,0.387781243913502,1.7433096270808812,0.6477969916361089,-0.1532025257937161,0.770293348123072,-0.014913361682275887,0.4161535663272209,-1.0342678772029243,-0.3272086439725211,0.9765323662235538,0.6746623337346759,-1.4968671107804266,1
-2.9251360928874304,12.902682606136482,2.440530143047897,5.694048758463923,1.8775245180489954,-5.415019687932435,5.90897242170755,-3.983923454835171,-0.9911702549575765,2.4659522583829596,1.5923831560867563,2.371761266010964,-2.3527159413008065,2.6024766472796874,-0.746911970194181,2.8806719533667486,-1.0391148825116232,1.906900092931446,-2.4559372736386136,-1.3360794546661536,-0.5435784671102628,-0.02566210421592642,0.7540442273282267,1.9546432508500355,-0.9304429639769096,-0.196228682208968,-1.3603929299860331,-0.554883245631784,0
-6.632545514301396,5.615443549582538,5.284940204414025,10.059400606525221,0.4537343574826597,-3.4794521100710116,4.347534044313145,2.998646929738171,-1.094001954965444,1.621377947379163,-0.031105753138384207,-0.09898506039325151,0.8820430897644939,-1.5033240355250217,-0.23983710048345702,-0.6885208616741122,-0.37295274721246713,1.383927586737512,-1.1867717798176303,0.5021099007719778,0.29100180380384066,-0.40959641773657623,0.1525652861933144,0.8980853052986179,-1.215085209499733,-0.045176611997558624,-0.10835669215315921,0.1210335727077889,1
19.227665694531286,-9.215048745885836,0.5154811279723069,0.2976714209854097,-0.6627869332649039,-3.326047173408978,1.9314118482629266,-4.222704302981819,1.4848154204326387,0.6925420993318399,-0.9272895066911343,-0.4297727838818136,-1.0363159158059518,-1.5932688428854231,0.49098739269966857,0.13682398768503928,-1.411751894333204,0.035615191211387516,-0.8525915805432727,0.47517471493200536,-0.370892424190012,-0.19877142293413888,-1.5587003197809233,-0.6704145027994064,-0.8933561012160327,0.026186405197474776,0.9134539900601868,-0.41305070160751245,0
13.187369428316842,-13.92328316157889,4.503110416239123,2.9336624991759903,-1.6317998460876044,-1.5855271673244447,0.07624001047791823,0.842687160377337,-0.9494164789428511,-0.42103665846590194,0.8091511472298608,-1.0327550387064073,0.04623178176984903,0.7762897559020686,1.10811244940683,1.721527122506897,-0.46437636733421395,2.883974656237352,0.3277830304880507,-0.8236517955238866,-0.1629852142166613,0.49690150108674125,1.916685847622787,-1.4348761283764189,-0.14035747403551657,-0.7925539972969986,1.0108015128396424,-0.850765977266883,1
20.329368234956956,35.46250682382297,2.4606342982572453,-1.886598734665641,1.5120979555505532,-7.6860700389774825,1.6795542443238904,5.432053227070357,4.491442725360106,7.205410583031432,-8.036434877106716,2.492187782893624,5.54820258739239,-8.060436046627512,-0.24395375401743022,0.897440490694779,-2.886140722854489,-4.693105192832618,4.1009026106660835,-7.541439443010744,-1.2954163153364389,-3.3624620367095748,1.6686151847354425,0.822398571804767,6.771223903542812,3.941107428422123,0.9433727352032196,1.2764056292012922,0
-2.674999064334053,12.078396315688373,-6.866040331405136,4.341971437034125,10.530683928901206,-5.6716417161671036,-1.3658498306986602,3.7322578825556567,3.3666325170771354,9.59767399203335,-3.8158249337160233,3.5615766764662453,1.087202272378559,-6.224378085151121,-1.571223499639414,-3.061350503279694,-2.509960109891781,-1.485486529767368,2.00683534251674,3.999650838114099,4.157859241908621,-0.06954544217103409,0.7994343182716137,-2.4788794793779507,-1.0020474091340337,-1.1986183771620438,0.22907000841312194,0.8794759300404443,1
13.347906234212347,-1.3087591090644224,1.562500363945122,-3.5241264658690623,1.7490069341230339,-3.969587967855357,4.206191215437909,-4.5006238304625015,-3.1794250966294912,-0.039397640361554534,5.551341744180967,4.2916250704501975,-5.497737976746693,-3.519452360370195,-6.437719655670581,1.5013658215429377,-0.7708658863789939,-2.545261637867307,3.201912068196015,-0.18615049535915149,-2.4140674487345364,3.849059993611063,-0.616496716343266,0.758563455266526,-1.0537135388880252,-0.20005982760558136,1.1455078897005844,-0.3581360888350925,0
6.171909633219195,-14.225061485238466,4.809897684493656,0.559159228513273,1.7588671532058073,0.018694568626837126,1.2425793945787227,2.020841292760445,0.5068860479316137,0.5770097567539536,0.7235163726233655,-0.28979519058138925,0.22223102553416088,-0.7534837730242099,1.2980629501401029,1.7055949798682737,-0.3345581281583361,2.5684386526053644,1.0512840988325085,-0.8339351252371906,0.81920428644411,-0.7742303371055936,0.33378397281974564,-1.1389100483704457,-0.5953856920537837,-1.5159374225646707,0.17464763702780248,-0.8897033163639365,1
-17.114088694847112,6.067474315841058,-6.2548978037906435,-1.7304246080648642,-0.08649444989945806,0.20124031728792993,6.1400765504752775,-1.8295952348156805,4.234773456222835,-3.253526702968907,-2.2528339265082105,-0.16182752288640406,-0.9216276341017633,-0.5298022184231295,0.3967689331309345,-1.1972954282970176,-0.4728544241286675,-1.9844150577493118,-3.0925885532305166,-1.1676443176469267,0.3795280389443749,-0.3180440236463968,-2.0122272144147986,-0.6397117658194169,-0.9127032460691338,-0.24762154857918414,-0.003690407717765178,0.42480094473323193,0
-19.13266144763428,3.5214752370415616,-10.659428216526889,1.9328177813386187,0.024389235229346013,2.1239373554727985,5.333460953827304,5.153553257632858,0.7993528809391719,0.08524396293238498,-2.225530091802927,0.33916930402766526,-0.4119415406699755,0.39172207505181683,-0.4368976688352847,-0.8809510587988272,-0.24767881494857244,-0.42260658779193905,-0.6539658991348564,-0.7157933525706157,-0.41219999890404824,-0.9030173270495985,-0.5830255457037956,-0.43194500373492994,0.4276630488147015,-0.5119510873750586,-0.7912875825672677,0.9770585200282953,1
5.3847942878656285,-17.346148771425156,-0.004150852508886439,-5.669868777343832,-1.584558575436242,4.932590773459233,9.540104110469915,-1.6018055592166296,1.7183545642653355,0.004584237759855115,-0.893423629592918,-1.0398195970212214,0.7773228886219079,-0.32765391730941773,0.09454110576618062,-0.12362861573971835,-0.3787115221606844,-0.7145359786797582,0.04022354669427101,0.560769152765577,-0.5854936239745498,-0.8620501529581174,-1.1297811478192248,0.49377794966722366,1.1155184931937026,0.8961480062074746,0.08325527569084602,0.815900208445509,0
5.808017030211588,-16.64263390187544,-5.976664683299107,-1.3346448469075594,-0.5859610733464312,4.562195340129176,3.4507563179129064,6.889558460401949,-0.4775011844802832,0.7152356038270138,-0.8719801753367629,0.7184464695028117,0.2130811950245284,-0.39286813608171,-0.5274057118699167,-0.39909853416168123,-0.2052450046795346,-0.08507333942377161,-0.4445508800289782,-0.2527874680190735,0.06711792744123986,0.13360318380100775,0.4587263216046494,-0.5121307313941446,-0.37829169341969016,-0.15840010815695307,-0.12160338064591883,-0.08698825940240056,1
-27.97428058220482,-3.808709419996676,-7.448344082012846,-7.008051355451129,-1.3147863814145875,-2.8180114080463223,7.862035270313351,-0.6193064971072708,3.7967351640002422,-4.222797836513371,-0.6128365621071503,-0.9106571018145815,0.21662071784522333,-0.6977931581242535,-0.4385923965293987,-1.138887466197476,0.07392462677211621,-1.2697043882048737,-3.1453075693064734,-1.2520751504094816,0.6453823501861871,0.08359463927438814,-0.9738105918965904,-0.01803991407348877,-1.4374383798226127,0.5574407795947001,-0.2677260973847927,-0.17361152130539403,0
-27.72025442491431,-2.3118984316672746,-16.223593509174833,-3.0706123846151625,-0.6401737960314189,-1.066099780505446,5.004878440628004,6.220951159376405,1.0964933545660094,0.7885435457968379,-2.0802753047644664,0.20064871498291395,0.05183099514303768,0.7414703660188225,-0.63604703668092,-0.841559465949139,0.5535719382166837,-0.07931780221539295,-0.39701669317129085,-0.3600781501533524,0.5604612685026441,-0.20687146664370962,0.46415166822352766,-0.12897702509162076,-0.8800047115600913,-0.3008398578938,-0.1331976824275422,0.030735800083175325,1
7.979703370462305,-17.256946001474663,-4.767387629742772,-6.1797719111882685,0.20375215678329733,-1.542211476276863,8.542650327778471,-0.6600695309869076,2.502901805718537,-1.3930004761477297,0.02144966004828069,-0.9865954223012705,1.2913532544775255,-0.5816298103476447,-0.2731293301136655,-0.7907620562587768,-0.5780143899180481,-0.6756973839527464,-0.9188583445164815,0.13477808007835818,-0.5519090057614866,0.17731184078276824,-1.5455402492441714,0.3986100242827122,0.49780756018272326,0.2513824196215441,0.6121458359121396,0.2281465714953298,0
6.294336817605712,-17.72444072024914,-9.855101517762307,-0.33426401730241434,-0.5310310629901583,-0.8265685010797464,3.177709666323336,6.819208940379505,0.4328184844145288,-0.4979838481114039,-1.1368320678674007,-0.050125437986453386,-0.59204264662199,1.101368043875539,0.026148754967881948,0.42536056510995074,-0.13606453859459905,-0.09132459382711097,-0.5540654604513706,-0.17505796595621811,0.25010837788143114,0.2545894575953667,0.022618931523660082,-0.12996205270562727,-0.2572555488240586,-0.10001230241949115,-0.5509923596647942,0.5862334399843941,1
-29.427853815188275,-0.5532331659119089,-10.927452190385395,-10.15475410266854,-3.4451741300821386,-4.067679335960366,6.272618840720052,-0.16732034206688007,5.1333968784897355,-2.720329476185301,-1.2847897471178806,-1.0745517219135976,-0.9438574305061902,0.8141150346763838,-0.8710883727702449,-2.0796986687452446,-0.2003770096466381,-2.1899418348235726,-2.630626648438943,-0.9446372345596705,0.13154410162956534,0.3513761669830898,-0.7076151069753864,-1.203328212049226,-0.37286564241636705,0.9155533125707233,-0.1257139601471986,-0.007938795831494845,0
-30.110292009310804,-2.448615318770603,-17.45830093452963,-5.852710611066454,-2.603863793439294,-3.3705031685392894,3.614533194240227,7.198313867774491,2.0444167177996926,-0.5306275552540819,-1.0865088947225525,-0.27463034835795286,-0.7097690615255386,2.310819495665992,-1.025020427089903,-0.8770589774376081,0.32873138118927303,-0.16048708923048002,-0.300689025933473,-0.2558181425603765,0.10558808048353077,0.1410391989458049,0.07411967234083586,-0.02061977623815033,0.04118034381531929,-0.0732838190468701,-0.21143071474023944,0.1357028310390241,1
-4.364322831718761,-21.737253547594904,-5.279514251371946,-13.026758533662393,-3.732205177545907,-1.1245157698616324,8.708222665832066,-0.25340997679005484,3.350103204846907,0.1077447266899221,0.060852237903181776,-1.95863651298139,1.7412306607633241,0.2905361721019821,-0.8188503645781211,-0.8797965181875894,0.23958444255409728,-0.09143186660843144,0.6059401217383371,0.015339495817276547,-0.02673368686518135,0.4391051586506722,0.6967437787914789,0.2209480550941662,0.8651031971858081,0.4187610321624518,0.1853236008419367,0.4617822334935397,0
-7.240724918941259,-21.674720933069835,-11.695108971202268,-8.666677762767806,-4.8062495383155435,-2.2251974033760584,1.7360380315815989,6.652580991969282,-0.09085618148284116,1.3125552421343816,-1.4416813487057225,0.5794586553677757,0.0907911104316773,1.366724196478857,-1.2744485039961473,-1.1386921005091815,0.35123765346634084,-0.0994860825131334,-0.37174025025916135,-0.26431178108345493,0.0013310208873709489,-0.1734202823305308,1.0593619483131418,-0.17869562635816225,0.0803189863597027,0.2052924812138043,-0.5263762156549721,-0.30116683229863656,1
-29.081975124631896,-0.21267938667139397,-11.32080603498082,-10.588728414126027,-2.8328399059254794,-3.805756777600921,6.255371408522398,-0.10308823618731576,5.173530843713725,-2.147767522742381,-1.9822137368464112,-1.1436732499379068,-0.9804064084926515,1.0204943047504476,-0.6050677629833029,-1.7156560057841213,0.2685110860934795,-1.8768609330225847,-3.1045433058357688,-0.6974206368949831,0.15567472934847096,-0.23760780795863407,-0.765501033379332,-0.6233101336562767,-1.0930953147763889,1.0042854940175656,0.098984261060983,-0.11804413266509232,0
-30.2379751430164,-2.3503083456403253,-17.480076350529366,-5.871944361096055,-2.5697935600598334,-3.1750011803506846,3.161844941563646,7.2061209932411705,2.124601523164316,-0.5445757319848763,-1.325416568590859,0.09080060631780036,-0.6466674882122994,1.669081715834611,-1.2264173015847957,-1.5059075758932292,0.26827035892306367,-0.5048520428920773,-0.1491965990977284,-0.23008062552085312,0.06256019664486327,0.22209925095395527,0.24150825539061624,0.2146959129951521,-0.1926872381163826,-0.3547024604546612,0.010830698725192768,0.10232511440616568,1
-3.6001097395214208,-20.41336986350037,-5.03975569778049,-13.601791478059367,-3.3658147491267445,-1.1815518201606499,9.125232990641097,-0.8230517391919979,1.6665936938428907,-0.2399995756240282,0.27395470450654297,-1.3735703829330468,1.3389189207725847,1.2742318812611058,-0.9900158339342298,-1.0332868134692095,0.23207956185163972,0.22990770459589513,0.8345726741793607,-0.4043548881456586,-0.6365681813443448,0.13521695705387007,0.46394868620356616,0.41741749305732756,0.803975357624628,-0.5068511642976955,-0.3363817203229264,-0.42959985876171325,0
-6.089635867743505,-22.254262709401686,-12.5050208703631,-7.4154612797530755,-4.557051698199788,-1.7642123919417492,1.778781577407037,6.065090615679322,0.047817428249915805,-0.03467162505964036,-1.3949060759138687,0.4470745360608067,-0.6809856592596218,1.0523161887010055,-1.1538537031956695,-0.6717648187561678,0.42565209917056124,-0.21461422015962234,0.24292362549704757,-0.6881097307623664,0.06691838014416669,0.21646393531955208,0.6131180243984342,-0.49992292276190337,0.23181211724438464,-0.2875947714444635,-0.8997257446461547,0.10229093155955035,1
-30.575445005492497,-3.4186086684703745,-9.605911850571948,-11.333983913925495,-2.6612638662218013,-2.588188969484599,7.949783050484912,0.5333506013596524,4.508032338724993,-2.6289087128147304,-0.6915396648422302,-1.6140501895395087,0.35157174959407755,0.3525929473167987,-0.5996618821794027,-0.8201530534114285,0.49258995004831896,-0.876881729393095,-2.4689944870321785,-1.9295472468769441,1.088530033769097,0.8167775398093844,-0.8647336022007103,-0.44225982229536387,-1.6048601683924961,0.47488442492365035,-0.1686098888302366,0.46153197597767887,0
-31.341497005012858,-2.410125013053158,-19.254245110415383,-5.458370485993718,-2.8400404489330326,-3.9035688671195166,4.801244803421055,6.77879462741538,1.7355898469993754,-0.2542764263596979,-1.1724469913205613,-0.1125437700369146,-0.006832052907093916,1.3069599095198352,-1.218291096670415,-1.437093243491746,0.15308741942215645,0.1748246051570768,-0.006845054192783221,-0.42307993481149936,0.073273425164283,-0.323707720694816,0.5324700688631021,-0.09462608415561892,-0.2223877332697066,-0.6894389296094159,-0.07859427426030106,0.08996439936505979,1
-5.897295028240535,-24.094148734640108,-10.624705872930136,-14.75877489295389,-5.653125899363864,-2.9384243176869678,4.129617621993133,-1.4360925612877147,4.583771741973103,-2.6366169646719486,-0.5128879064639034,-1.089965479360057,-0.06809459692785065,-0.13203726336912913,-1.0038626181272243,-1.2619869577285896,0.13411557256898218,-1.4249278756167771,-0.37016790986632003,0.4120874755967908,0.06452590780669946,-0.25386378026082124,-0.16385963220275407,0.216977661731839,0.7830062115686088,0.5534877195428722,0.4157155680962555,0.2066996295398698,0
-9.011482268809358,-22.9100124904081,-15.744368039274,-9.863099176143173,-5.562293177008273,-1.8733114961595936,0.2506791215841049,6.7736674798020795,0.23042129093938798,-0.32755088598558113,-0.8766971921872566,0.6234082924649074,-0.4345946981782804,1.1630538020282524,-1.3328789992305081,-0.8942470318572195,0.34169483578941096,0.08827011078220305,-0.658132205926856,-1.2870158712624786,-0.09856514052052266,0.6441217946275676,0.6515159880330936,-0.09639765913217146,-0.0985048478268779,-0.2462209295103819,-0.6962812410257474,0.07612187441323659,1
-7.478193393452416,2.6066737187813205,-4.443944281619635,4.630186459516519,-0.11599575631418402,4.93080485904286,0.8108853868497768,-5.10440418859001,-0.2808992437845005,1.163480898018488,1.0680161916585613,0.23952626018403717,1.5379612857738796,-1.7177466312362561,0.7575065937547558,1.1591453091939028,-1.660184390266176,1.6272418877853592,-0.43916927528565747,1.7412184293345445,0.07192641169222462,1.5493473550610994,2.5465603322140473,0.9082423076014294,1.0612776099186674,0.418839058711341,-0.9471202312194063,-0.7390554016541473,0
12.094134448457948,-12.484160855138706,0.6846970540857377,1.846881843170058,-1.0701471916481746,4.030578775458601,1.6932746539043864,-5.119666942155999,1.4743917594369167,-0.09885519698627401,1.3399497478668894,-2.485009467306465,2.3783985059249297,-1.7800874159569784,-0.015609506961398916,0.0002255845415305622,-0.06933346945817287,-0.023108259757781757,1.2184908715591742,0.8102192387641025,-0.6985350211689775,0.7932349390888785,-0.8472194097010622,1.1237840263954981,0.6587944552382239,-0.1585854736607434,1.4765582392331893,0.611065021261725,0
6.330954833289373,-18.389581152746363,10.462912219057184,7.694912058444373,-4.576527814654695,2.8010499659091397,-3.0890207079468057,0.48659006417249195,-3.685074254309493,-5.64290107966643,0.9035001537863362,0.946177278614254,-1.5887290441864494,1.331137128628716,-0.24385359282405863,0.8615927060909283,0.8788353176245833,-2.1292104944931927,0.6236821836668304,0.006241478900828619,0.004542013072843858,-0.4105976313752113,-1.1089087563651556,-0.0038866913358052693,1.1466917738115205,1.0465510635570976,0.06876807194404376,-0.5131655745449243,1
-1.9713875711728917,11.28241965358504,-5.523292283913796,6.382608320488646,-2.9471358573695956,3.866217263759743,0.9297571493648012,-4.188375488553251,1.96432532845924,0.7788486120035326,-0.7082927313077451,0.4284151378674519,0.04409780417922981,-1.1966109457523841,0.7805574196693638,-0.5501513948406956,-1.907936713282433,0.9312157723946792,-1.6835820636052983,1.27383955980501,-0.16760712815369985,0.46688625820890944,1.7997462317839665,0.4405944397557498,0.4765229387145044,0.3843403480177539,-1.5026762486931289,-0.38708157780616415,0
-3.108924821614121,7.711216693193166,-5.815426622180421,9.148941328081282,-0.8397401376637611,1.9928579513764686,-1.4874660131015298,3.6128119529560183,-0.6094795822734377,0.28184173817972047,0.3771327655437985,-0.1839189765189298,1.1207289702852392,0.15478416770536274,0.7299015989344221,-0.2638361202974558,-0.29202522969880107,1.7919028634767336,-0.6750665113343776,0.07120175935008648,-0.2883542031405734,0.5542978306570195,0.8004804890378064,-0.15945975950705513,0.2948015007285812,-0.0976069273136547,-0.2960123533642681,-0.0812311681165842,1
13.650558316925725,-8.392103782750254,1.775785398280707,1.18473101370956,0.023582133140674706,2.4547057061323656,1.9437618763297744,-4.842509177501956,2.8538766677641894,-0.8723443832759149,1.1668274819300597,-2.413957283604325,2.4058434504066275,-1.3503077283482956,0.381652411685559,-0.6746591055500919,0.008700305189582005,0.40550300358497515,1.8725107683079452,0.9781417497053763,-0.2988075680251027,-0.16172724214102976,-1.3048992457280888,0.6612857650122411,0.4037034850905032,-0.11745434936113221,1.8203786660826469,-0.16781081322317787,0
10.319081699056841,-9.871022545261267,-0.9887556605862663,6.315637543787103,-0.5134577803105237,3.033142856041971,-4.633469047883454,2.0404477597495556,-0.4220125126279152,-1.3828056231746906,0.03315288902557813,0.3723323948132326,0.14622569877379768,0.006805607719056422,0.7544642925321406,0.384174539156763,-0.029022049717948622,0.5814767771107983,0.06344021755653168,-0.6868665348422863,-0.5577463136161714,0.4254188222635275,-0.7560607195310877,-1.021035667906068,0.6916545514159232,-0.5858495232177207,0.7359767702139198,0.21864829699139832,1
-0.7488005903740291,17.112546176629344,-12.806979014503378,9.035595728623067,-3.483877572760646,-1.4671797930592276,-1.3180086139999292,-4.499607105784513,3.8861195481543587,-0.43967326525495903,-0.8723191488241376,-1.810210708017373,1.1272653132325285,-0.41704401257157975,0.4357804913685385,-1.1692244039932695,-1.7872924680549873,0.8858790598959083,0.17406446175840642,1.6385142166285334,0.23467308671357645,0.6962145516921543,1.1401303129254277,0.3333332906402111,0.5475261002264361,-0.1968438273118107,-1.0147203091607309,-0.6909385200195014,0
-1.3347998209716136,11.420781606271301,-9.622594600328652,12.599330488977074,-0.5759282039788075,-5.238948700955719,-1.2096674310403235,4.120141050020932,1.758490234669172,0.09841466703097182,-2.702306123198527,-0.1850232547513366,-1.2666196835045664,1.2321994814675619,0.770572599040801,-0.40656952082972,-0.6636453987487498,1.3381518169046622,1.1455820380980173,0.5219587273318033,-0.09901392298364219,0.040407554748206606,0.8808711865197607,-0.12436021533734698,0.7105441968127214,-1.1040917003100519,-1.0484967541742503,0.4016200080966163,1
14.799826543888923,-8.990078618249305,-0.9292140697896386,2.2125088499439456,-3.698527626151593,2.2998314743254773,0.06429380652131572,-7.178921596065046,2.277976983157698,-0.5934652502358737,1.373634840477849,-1.938511020461345,0.19999844536011438,-0.5407558018261438,-0.5050197833327416,-0.473070003649317,-0.8718029873957799,-0.6067851472400908,1.9382057938020654,0.5326009677641736,-0.9349957660370983,-0.7419410546596477,-1.5451716072609134,0.34757323394438,0.33471259598827896,-0.6480484330415637,0.5087401718498857,0.14515809924426684,0
10.230014689104149,-11.226866766879803,-0.21229793021154356,5.7655114179619975,-2.8346014942411033,3.6014129433931426,-4.120435119608689,2.130165867165308,-1.2700093187856425,0.17571313330997543,0.0034740171944833403,0.9243441800979727,-0.14886504567630457,0.8614507815955453,0.15429132327645836,0.11168493378949557,0.30247268104409625,-0.013194119447818866,0.3266539509471031,0.1276158076682782,0.38101436301704195,-0.6314643568609616,-0.040673519783310574,0.2690943430502822,0.3316582813529143,0.33280778534949174,-0.26982868475849336,0.06555675635190858,1
-2.8550685185534954,12.402339451103705,-11.785891788324605,6.714642525574238,-2.4864444009434408,1.7591906021668373,-1.0340430061243155,-5.4784828954705995,1.6907477675212206,0.47071819727370146,0.5971372277481161,-1.0061699784154319,0.5933464847409078,-0.4405899551518662,0.36351583980125546,0.26129498719514993,-1.887818840265762,1.1705452313056224,-0.3556756204249962,1.1212323266713748,-0.03207516196959179,1.7571078513847045,2.3774167611279426,0.3871720790361534,-0.4726836774126381,-0.03948123653498874,-0.6334909474260861,-0.7518298693335622,0
-5.450916515488566,7.435962940750341,-9.585084277021101,10.412261092658508,-0.3670896833153484,-0.02507947268887837,-3.6153335740861516,2.9683235797828367,0.07036012830107112,1.2278809289691097,-1.0061225065708073,-0.4088525023112099,-0.14847924846887284,0.21323042715885157,0.3006486040418325,0.5218372024261189,-0.7874273075362951,1.1136428486822076,0.07077587870813587,0.8246509152896148,-0.24389737373904458,0.3293931856380128,0.807697473556042,-0.21154095930446093,0.3220103704706835,-0.7848283537325307,-0.8808725372223974,0.22634624149711255,1
12.481579898180623,-12.91500282485595,-4.297903128546439,2.2167867695265406,0.3957253831478517,1.928830332509677,0.3192445452973849,-6.179785716477942,2.430977581223387,-0.913940676736922,-0.006715285812945013,-1.9900087562346946,2.059085650975248,-2.618041860396667,0.057633114037720784,-0.44327415663248027,-0.29217698121582264,-0.5377286074222216,0.31375133299431274,0.7817973366201696,-0.10421608521019582,-0.22993301173604416,-1.0433563673389643,0.9614324085103599,0.2693031843652178,-0.2074428342702587,0.7765211786323366,0.3497406028031887,0
8.268184070985715,-16.208157184975345,-0.36250614421662714,5.793653375341419,0.9124148429190277,2.076064420091846,-2.383768194138385,1.9895897463368197,-1.739809993487433,-0.6481573723667052,-0.8247957696597108,0.25117158619839886,0.12844480588736595,-0.10252896270128503,0.4220958315847563,0.761521727287528,0.08317453845446633,0.069632523297726,-0.6271092605262124,0.018126287588788537,-0.06868400461933773,-0.538369409498164,0.21893760219746605,0.23132830874699392,0.8597358246986175,-0.11789327284503157,-0.18610690248942083,0.025975155041752233,1
-1.2608894456280364,12.510213209394776,-9.253366997581876,7.471979296030739,-4.536461667321008,2.458004397187352,-0.09864373531059295,-6.125230877683842,1.9857174331553584,1.154160111126433,-1.544943395792565,-0.6205028730227061,-1.1220901187246735,0.37580807648341197,0.9687236006985144,0.7124650007056489,-2.1881968207006497,0.4828831211822148,-1.426848249575895,1.249406650238926,-0.47469711493687955,0.36067063100217467,1.942535714916846,-0.46961941062705487,0.009469651498168467,0.6778713783923763,-0.9218136562351998,-0.5402882407133819,0
-3.93103993068415,6.613583638213379,-8.71273452202198,9.268529657507866,-1.8823329823727122,1.1368367165503042,-2.6777718029799003,2.588340445219805,-0.6365205834307641,2.7710780893595652,-0.5273223280458551,-0.15337913402787468,0.30813524449997076,-0.2898410309331517,-0.2624384940124205,-0.3202869177841828,-0.6884665666041095,0.35158264275326395,0.3061772550877829,0.8144188461326859,0.38083631843032617,-0.20286626439750954,1.297207750736858,0.23336889277979705,-0.21650872532465057,-0.768336768988725,-0.743191763847059,0.1646041322206266,1
16.760185535806613,-11.079417755188544,-3.0737777724086524,3.1410779336228076,1.1577666090384306,0.7355139882381904,0.48886598549095467,-6.614551575815502,1.5259603981031662,-1.1970552260097165,-0.0005812232367641122,-0.36880100726099496,0.25425265533115304,-1.0261608192532934,0.23594914596438105,-0.0603358962823024,-0.5245324609224135,-0.4244832054599522,0.5677285828031087,0.4102004195402519,-0.9701452282177889,0.13448562234265218,-2.19498543284286,0.7604818211657467,0.09622397969197831,-0.28441571527263043,0.7916501121434797,-0.03230574225746338,0
12.614087601476582,-14.104315109198575,-4.990462075212472,7.8347257423247845,1.8909302357655504,1.0452113742571643,-4.047537371866174,2.095089192652349,-0.3595559195335418,-0.14104267168988602,-1.5654754435187963,0.9655642499284903,-1.781663703160968,-0.40091182957807453,0.6534808323462739,0.6070770291887364,-0.8508729848897488,-0.6722881382827138,-0.36847861430461376,0.7313897000759143,-0.06364485588364549,-0.9846434120368013,0.011187972952260547,0.09554546518681464,0.5854574210427335,-0.34191743287186677,-0.04888885633453649,0.09902598800784428,1
-10.016606425770002,4.872249878074558,-7.856235707423385,7.01763333830083,-2.85101161805723,9.76298338588328,0.24160868351467407,-5.995129240555822,0.9683617364465691,-0.0574434901711634,-0.777816670849201,-0.7175107500634039,1.84639485023064,-2.25796545135913,0.4220167674635998,0.33139015861805793,-1.2641367787169788,0.12830948505666842,-0.07392537866470665,0.8083015893665022,0.186418527956124,1.4589804458768836,0.9971949618431101,1.8245631832314126,1.278804502363506,-0.6713303828339893,-1.064465926495188,0.3679730205193391,0
-12.087909889905456,0.3301626570113464,0.46635274079926425,4.963898263640385,3.4980755302394346,9.672665250113853,-4.414465975261765,1.7540391772296646,-0.11698508136973018,-0.9903914798739444,-0.8239240389921383,2.2174939038476182,-0.50971064756724,-1.5187107769393418,0.7733632525776378,0.8276841131135835,0.6227850879576888,-0.19262396769495685,-1.2693499935642183,-0.8827434343796148,0.7158382437167158,0.8180211585053985,-2.062298038306601,0.5548402816152553,-0.41119247088676764,0.09098842340633842,-0.4908524670467011,1.7864710332691514,1
10.008010977168594,-8.003644546713842,-3.347393200118617,-0.6465778510197908,-3.7134916633790045,3.8261441446442985,0.5312489838630376,-7.70307101339457,1.5689948977000798,2.31289348695292,1.4743285857870672,0.3621631218077302,-0.5410285592904562,1.0510047482982012,-0.5866981786943385,-0.37572171409146704,-1.392595920554482,0.37604855067660015,2.249085468003876,0.7686147658282697,-0.9365226157301263,-0.860940041084371,-1.2688913930457395,0.45851932961615327,1.6932419106342849,-1.0411839772155296,0.25635521825017504,-0.28156192981745487,0
8.855363233626488,-3.8644234098699135,-12.494513549877444,5.935499663538158,-6.074096679950464,2.0919435100185146,-8.318189519199755,1.016753524030913,0.16689042792438616,-0.014101464543948,-2.428066445839239,0.5281550645928126,-1.4087259965108831,0.4881730257656741,0.47767160719889107,1.0722844840450196,-0.23945494388672128,-0.606624409866776,-0.9745289489937575,-0.4094059756646133,0.08345886272724393,0.42523194506524575,-2.309513046205932,-0.4361271937939042,0.21362531229346174,0.06314543938312114,0.4614430747914901,0.8487005510992905,1
-10.913413018760547,11.080842540749298,-11.377431477350884,1.7104852073394368,3.120096660455458,4.486985581286513,-2.3573100186563445,-8.549070969165252,4.804941008189538,5.23204327722643,-7.1383130676501,0.3986184164840633,-2.1053982637242594,2.9778894079325107,4.220975687279206,3.3737626390314084,1.6155814802508772,2.013433358815937,0.06571537735067162,0.15225353184264634,-1.1352985428202276,0.6053525200706097,-0.5341640529429317,0.03583404763343367,1.3904301033471667,0.8128881482799964,0.7409410340761748,0.7199213210454811,0
-11.89813680589874,3.410826344585486,-6.35102262222421,7.703599333876473,-1.0368953637507718,3.486261125922858,-3.552167717750871,0.6725165333489574,-0.12248543801130901,-1.3527557614103456,-1.1739810240168356,1.11458352206795,-0.5249597327376042,-0.5912754266959229,-0.14084658639499567,-0.25902817375632964,0.2924084427948152,-1.1923451018068871,-0.3148334138048567,-0.8006933599380816,0.7272572488752136,0.25960854356597757,-1.6404327421129303,0.18644271412580493,-0.6947279194388666,-0.2627484792756444,0.038100006869132015,0.512201495066795,1
9.811713100010264,-6.809796228462998,-3.0681602211330596,-2.8163870275784912,-8.57568127519517,-0.574150210576197,-4.503700890063071,-4.638519469411289,2.0637294363309215,1.9343287385918357,2.4281920459727067,-4.569845696636289,3.09818278515608,0.33859187497896975,-1.7688209091501355,-1.5491289458928383,-0.0035549611138678745,0.8128660209830715,1.6832250831551263,0.24936466048813424,-1.3336530287875523,1.2540339150625528,-0.5993897032945046,0.8822654019686726,0.7329511102393913,-0.293135926549804,1.3017189067512602,0.3496904516320862,0
-8.944283957911592,9.799382250313338,-14.545082752248028,4.511667629600891,-3.1058788506618122,2.397150532451237,-1.418568732931489,-5.0329660600087704,2.6783728331541425,2.3031428678389916,-2.2000584720665675,-1.9277496786337056,2.2781981065732215,-1.6046466597639666,0.3913365651379929,-0.5010781707898742,-0.7546990014556271,1.433621978029211,-1.298948809031519,0.16301295845884645,-0.8239305872881113,1.678390831398401,1.099318125924397,0.2986492014770034,0.8242932780782694,-0.3485635930849168,-0.3055103485928598,0.03181657166192029,0
-7.761182209944544,-7.108055133916344,-4.376055853202534,-5.834514221445165,-10.487438873871385,-4.520672651865918,-12.500793894668186,-0.5108358902729941,-0.5805084470826063,4.179041956966995,-2.1328082259171204,-1.0642440582563297,0.9132743334780221,3.529082501824762,-0.6712996822648517,-1.9799671769083302,2.2910170012868134,1.5832600933400949,1.0695958122941789,-2.405504657432057,-0.20597954320622874,1.167497555702757,-0.1773088423411231,-0.7673394003789569,-1.1592771941104258,-2.059922115837895,1.8987992462444863,-0.43536655091329024,1
-8.747239440722117,16.850455320182913,-12.047011593414044,-11.252623591689042,6.099285919109719,-0.9978467738925197,-5.728616301789311,-6.812360416547837,-5.0437187356797395,6.463139231260685,6.399302854265769,6.801466207412632,-1.2141470327776667,4.3623483220222505,3.3369918299348784,-2.641985521501918,1.286778216150221,-2.991875178089085,1.736607737445888,7.127537518036933,-1.1025231455142603,1.1380841738539382,-2.7466673402398794,-4.725130609243194,1.6173906740094486,4.786455332520173,-1.1629580289747727,-1.563245660033163,0
-22.789723980980696,-0.937357946424581,6.590782017873456,-3.905713103477744,-1.954839896321325,5.6553805707873135,-2.8636688371796244,4.849450490267102,-3.5874590647209508,10.173147157941582,-1.3522069858432526,-0.3241591727646476,3.122488954634895,2.5732418255665457,-0.043867832835092095,-1.8498840236682246,2.0296552961480065,2.2254277455605,2.0208423986829938,-2.2431173680859247,-2.381928507918529,2.21579924798734,-3.488622988121219,1.5221873805081456,0.9152721258932323,-0.006459457563234164,1.6810247148752389,-0.6733771945902417,1
2.5750783473871204,-7.570017682243508,-4.95695733991701,-7.40462934527459,-9.828587770525854,-0.4519686980551554,-8.399518977240193,-5.930323602818473,3.284813221835935,6.133089617370699,1.0694971832603555,-2.3052110310669782,2.6281765464150606,2.8634639705048044,-1.0046491287175379,-2.0525620104152495,1.059786441892277,1.2770440951822608,3.4494227003864752,-0.09133289469654528,-0.3229267242351753,1.8130697546589427,-0.9023668106122547,0.6962520935917965,0.06267705733521095,-0.5548391414264012,0.7932922400882533,-1.1516144706061135,0
-1.147694801055158,-10.008134650037228,-3.546570966558958,-3.2152503802418546,-10.646547693550046,-0.48734279673513314,-11.856853009980954,-1.1401090435994248,-0.6521351053480157,3.5773118047537578,0.37455812805940386,1.1864917220801023,-1.4819607387287623,1.832330020946573,-3.4812148511401624,-2.212325409008933,-0.393871126700002,-1.8115408478257435,2.6010808257059077,0.2854126821562819,0.8872175641018522,-0.5641943332015322,-0.670018876718462,0.11803730322511038,0.32149387215073905,1.2959742224834452,0.22852015199090972,-0.7784989825977996,1
-14.405058224635717,0.9570672560668055,-6.936984228405471,-2.1166612906145525,-1.868867373738504,6.288346839094099,-4.235589483533073,-7.448167864375971,-1.362154043762463,5.324714857063282,-1.6988858703741025,0.9124101521153569,-0.07504683364353057,-0.22218559217587203,0.2293718341685981,1.552870088954223,-0.2922562822089854,1.5956538588354041,-0.24781559803520406,0.5779950609881351,-1.0420424102020542,-0.24773229574843952,1.8767755504162618,1.6014335109880948,2.0908915975599407,0.02626091013864965,-2.1286082562259554,0.2373628053166808,0
-15.84532689047386,-2.107979513103061,-4.964565352536741,1.98445134336476,0.9695157978450274,3.3086041405298556,-3.237517339043486,2.7859926931118935,-1.6291840719143116,6.710096868131888,-3.4699627369622736,0.157301828700229,0.5069541677163317,-0.3037588456518415,0.2977851226754028,0.39087326353137347,-0.22503193874387623,0.6216245166045449,-2.764534178763144,-0.15167564110350973,-0.3554644685874685,-1.3672387999367783,-0.3133290978620983,0.9979478290709577,-0.8229862997359029,-1.237416568706278,-1.2572074554083497,0.8439366229833376,1
2.9215901703453353,-13.950831665194686,-0.47228589177710184,-4.343716580608767,-4.193441925152973,0.45381240338462575,-2.0907677490972727,-5.663175680508734,1.4163362295828181,5.52843482735625,-0.18134529477902064,-1.8959736405911005,1.3053170847417377,0.9742713238448591,-0.5812151597969206,-1.0321171262311974,-0.19406122012157945,1.1972041970720604,1.8791194521856045,0.3813111880459018,-0.9955322354205319,0.07860047519996324,-0.3304626368446689,1.0998633033999217,1.2208155364371156,-0.6366115394577742,0.5896217486144236,0.5943291074062913,0
0.18685109692614496,-12.671929643732925,-1.9417603127997858,-1.4159860388279488,-3.5734416267548865,-0.24450818287325388,-10.315764382754255,1.6718984905146304,-0.689775127838913,3.0452498649271176,-1.0636334276357466,0.552043045964072,0.3304938504960446,1.2124081740554,-0.33108869197231966,-0.7065127913314828,1.5489648831849934,0.12537140460464105,0.559180536920511,-1.2417580469848508,0.04598347290882274,0.314393334340611,-0.9887947025393748,-0.22848598712516296,0.1884059554114203,0.1160970632352388,1.2882968649993243,0.04397129688261075,1
-16.495330379162915,19.953491548279093,-23.767864251245385,-4.6431007557606065,6.913415063374736,-9.171486279661199,-0.5791229705932516,-6.637230373086734,2.1052437245553164,-3.327733079118692,-2.8912298693974043,0.04730927356375953,-2.813600092279173,4.749368752684073,3.7212857152005796,5.2189675831405715,2.3459473086336864,1.6231486368268422,2.046318405711961,-0.4029279738488117,2.283879607959904,-1.3466146469907534,-2.4068927106628224,-2.3147893773483204,-0.2295080206633836,0.0931195288102598,-0.17617104349394594,-1.3688229249034027,0
-21.599278236387182,1.4473645118778007,-10.262977363020823,6.7840273815445,1.519214799576386,-2.167464639919254,2.3649957542087576,4.565049077961288,-0.48648420776171364,-2.3293607790359885,2.0782485858080406,-1.1072922833170227,-0.6182018361188675,-0.07647910768672522,-0.9588403090490969,1.2080820631544862,-0.02688932856806673,-0.37729029527090124,0.9584904731241025,1.7662232500637522,-0.33767257055163175,-0.7236560919015217,-0.5113567593841449,0.02640195756812834,-0.34652153076811953,1.3088349952842753,1.0330636091180976,-0.47615300597475757,1
20.925616712274255,-16.594165040743107,-7.5285976486675485,1.8651865177067042,2.306332770386426,-2.046712646280435,4.630075643492657,-0.4537044521665437,1.5083812906662681,1.0672502534191632,-2.390790721423808,-0.0958903250625096,1.1287174140233114,-2.060703718458718,0.8043403526448911,-0.3064576072383316,-0.9764446188618223,0.3075253759199612,-1.5251857199010996,0.49109766027505664,0.3946678701248011,1.4780581219262723,0.9632318677600609,0.30200534364101667,-0.9771936501586187,0.051209569023357826,0.48598567979215535,-0.0793941620422073,0
14.12724978660823,-15.960141829955212,-12.580123109571199,5.655839089422901,-2.7361583024462184,-10.14443925316269,-0.511567012331051,1.6006670304155766,0.2258880547994694,-1.1618779127015872,0.272824238575955,-1.478505829570212,-0.964424789505743,0.14822277635708522,-1.5209642879973206,0.14078973870861394,-1.5523209572788268,-0.5579354886566404,1.2292228034293553,1.9198433897672642,0.3520267729303979,-0.9581409713580739,1.338573244057217,0.7079967009461151,-0.04090861638911733,-1.0208744621425259,-0.6813488150898619,-0.15608896680463935,1
-15.422367481221482,13.36950061215346,-4.6494874927571725,13.322046923339569,0.6605464362582751,-4.690374567179683,2.3860434447607854,0.37870979006283506,-0.9777683862930222,-5.4511022496955865,2.6548515089257707,-2.198480495067293,1.016210312001026,0.9303909370791694,0.2080458852879604,2.1241126914407134,-1.4144831250560774,2.0062371241490347,3.0742902951354787,-0.9309629734355562,0.44416765593850965,2.7250720182881616,1.6662878722881396,-1.0197501649799656,2.797573562858251,-1.519651094172385,-1.2503752146348153,1.1450741151069486,0
-14.368498611271699,7.7157659255020405,-9.303795830307193,12.676171431968271,6.248708039286313,-8.477385801481839,-2.3634191806349913,2.96785102237393,2.138223994953451,-2.8308726046468524,-2.34753270478079,-0.030674145963938648,-1.7296189245893911,-0.61371382576278,0.6503691593904329,0.8120542862461151,-0.4904053138956704,-0.004248617194205706,2.1339388567641975,0.46064541120148367,0.32631465696428175,-0.1531870193718813,-3.008438559371796,0.7599570930766736,-0.006435824970631492,-1.0215510012674167,1.3333241994490728,-0.5289946381594466,1
23.788816056013115,-7.909528626964281,-12.382589693642835,-1.5565402328864502,2.1388573684219003,-1.5244196143098416,2.632129989708271,-0.9103298803664883,2.0692765713144117,3.2280668528282077,-4.219103134515875,1.0792736681236028,-4.788045319618237,1.2302252064097805,0.45939997302779007,5.344299505125617,2.711813587316663,0.8179533105306442,0.7036803257508525,2.1790804549787555,-3.885259135888441,5.711912404096131,-2.451544812661809,3.3536235557955045,-2.7648366839296035,3.348536237376325,-2.1731501834104425,-1.8405157772629293,0
19.010422163265652,-10.710854160167848,-10.626883195177374,5.589974834835389,-3.250552785466029,-4.850462884065809,-1.6440976150634568,1.6993203502019232,0.4890572053170789,-0.6108813475029905,-0.1493184072939793,-0.7532507629519175,-0.4444518821554937,0.062419677749736856,0.09468069521789203,0.1409921122734259,-1.1072784110903413,1.064842942289461,1.0066849781232547,1.2562212624924307,-0.04282006009058014,-0.8142391225025637,0.11394764723828422,-0.0841176021129683,0.0476794962815384,-0.7070853562382501,0.1663419786256757,-1.0803332954831748,1
-11.16887433454686,8.434315292815354,-4.0384678474142595,9.744610438376617,6.3771113817575875,-3.455413704061673,4.552934747570081,-4.637182195815304,2.623604465238245,-3.270134282658984,-0.9107183705690366,-1.2384310014211302,0.4135509733187629,-3.679692288694262,1.397572177038004,1.6422656447257264,-1.1472984499497523,-0.23851898320731804,-2.4578488774412284,0.9111339089070403,0.9423801444793186,0.04856555551454777,-0.5030427095176395,0.01469887212595842,-0.6928416911841341,0.3470091476420671,-0.10413539722200332,0.32374631796805275,0
-15.553506332371121,6.194062031411191,-4.027629284352547,8.119781871851364,7.19748401720617,-2.2570499130300643,2.0586683702124904,3.9899072187249156,-0.6014275003288932,3.6281774307674595,0.3296153081232199,-1.2146294374712587,1.990789865362828,-1.6447746080637091,0.138554094066038,1.0185966556821728,-0.2481276573541668,1.4309306868769218,-0.19369846835414675,0.7745382735684757,0.46930952463004627,-0.8934169832579594,-0.7096831140921963,0.7385947499871216,-1.7498171945870393,-0.9731112376914589,0.6419292090058833,-0.38845177893359395,1
25.007396587265987,-8.06321718238233,-8.863236921675131,1.696622206829108,2.3794794822412304,-0.310451935433593,2.7013454051382064,-0.22758671999973595,1.3811647904345123,0.7700576945977862,0.47422433734953734,0.6827556300391806,1.0862915889038456,-1.7111749875748832,0.868528903340302,0.22922871947231457,-1.9648718086397934,1.9154877207582892,-1.619226644067794,1.2336224024472924,-0.698632044278917,-0.7096424168883594,-0.39345086728652545,1.5990616797485098,0.018001982512558225,0.17990236365726883,0.04905309730979787,-0.6439482103645249,0
13.683138976436966,-11.95902502379984,-3.576869725752095,5.722321287342887,-3.1406102029257412,-1.1434379053510002,0.9719832472220314,1.0266552795542119,-1.7321895483298062,1.1988029891606846,1.4682780788278613,-1.459741031328452,-0.05269683834662677,-0.2039800812695647,-0.49502625336870026,2.7063907491807293,-0.8990976624698529,0.8714477154423305,0.60207254223913,0.6126027952939119,0.3166930073948551,-0.14811854222861062,-0.013210184227616042,0.4716969095197515,-0.29368051748994656,-0.09551102776374018,-0.5071116921095146,0.7621107558194835,1
-13.765050173613668,9.70443035490489,-9.492595216187748,4.844343239831102,4.202920338920011,-0.9345261208969516,2.552685058205029,-1.560532187572718,0.9560631752950695,-0.2877922029437088,1.296242287372495,-0.9697590615677754,1.5106608743291943,-2.4275262422372914,0.5090333377716338,2.0918953572443812,-1.1043632723648498,1.0484928013474657,0.11055272541597894,1.0248826757489191,0.8779783917158397,1.7760024648435662,0.6315066934646119,0.7153789791095154,-0.3755102452608723,0.4802105864438142,0.1592963884885274,-0.02268295129245411,0
-14.748372970809998,2.7684715511445677,-8.850115612642197,7.9816800939291905,4.629434888697947,0.739560671205766,-1.6362928069850156,2.168586186851203,0.5005674511770845,-1.9323248091522656,-0.9466416771128204,1.2462338264493784,-0.6509197247584048,-2.7384001302306853,0.9454639281198891,1.636464560276294,-0.20672209247160123,0.3357516677692735,-0.08639126846972955,0.47255549104199795,0.06200799755208393,-0.5129242951404795,-2.8982430879759766,0.5444868356972352,-0.34645028105608,0.16349053951360606,0.7886381563548731,-0.04430103170894985,1
21.12713016797493,17.794361064831044,-14.387832855915113,0.4356083365687713,2.2843268495473934,1.3055300508472496,2.481427926497796,0.6858000797323998,-2.4028391444689787,2.071062500669241,3.865948934577346,-7.867998214441484,-16.78254366023262,-12.41512384359407,1.559675439443089,-5.909243313379673,15.603209390049775,6.851356502323723,0.8958525748829815,-1.7242624604959946,-2.5827619925287824,-3.173284713905967,2.1023966165686465,0.7759213182352596,-0.03901314548283641,1.7638910750898202,-2.1042357781672916,0.4813417257270073,0
16.202516953194348,-7.0089885792321525,-6.029719003459802,8.379494243336618,-2.566050813219532,0.20511811082542067,-2.318259370158878,0.9067033706713656,3.9092807223090698,-0.26333179887455177,0.02406967817778398,4.616907856649582,7.641418667126511,-2.239241345892366,5.9161682672421065,3.7916781567812152,-1.1265813758596395,-2.570354512887136,5.141447834393787,-8.093285442939196,0.37956359392760863,0.11488693535704673,-0.41900998389677147,2.048620420076404,-4.215045441364459,3.0221402610013013,-6.459339428822047,-2.502448129505634,1
-3.835036906844269,22.078022943478672,-11.7208835237126,0.5349163845445613,7.470658870100945,-2.0240328425075984,1.0470162977120376,-5.421694978161544,-1.0252462245029095,-3.7582384323382305,4.026974654626726,3.645667813213918,-2.059539319087582,2.8910220637326614,1.8445010696085966,5.534542681105129,-0.6043563443394055,2.3412717198596105,0.35843043996191665,0.1612192992947151,2.4976804849162524,-4.661188394038998,-3.887261953498775,1.2758612944646142,2.2852574816329914,0.8477236280712204,-0.6111073128786192,-1.8898708167198968,0
-15.406310759406603,3.807431432584782,-4.108712546926883,9.067156641910993,3.575703003359265,-1.3051441465609037,-0.41262059985306615,2.2531355170355285,-0.9433713661774171,-1.0077711650615353,1.9707665911262082,-0.19145654772716791,0.1284423177334295,-2.93372316930476,-0.8161773895093005,1.5892949334766873,-0.7459592014805474,0.247611823120682,-0.03371117178310922,0.5445132812654064,0.4958757517050044,0.071283295576429,-1.5212451044780886,0.9751963028580909,-1.3803046151893332,-0.5940138190866655,0.7705942252668347,0.5763265317325379,1
41.5049902932039,17.504981868160236,-11.742234794443648,4.284139509225032,-15.386828104587947,-5.479903071559108,-1.593113364632797,-1.566787163001881,-4.252116134114997,-6.829552151669706,-4.382144607819578,3.1757566434136257,-4.766656670970421,-2.4993772163993775,-1.3315256534929858,2.2409000771303496,0.28403129186628323,-3.430617543502639,0.733520647810371,0.6376471814809488,1.1639197884074322,1.1724026371507708,0.27287432627557606,-1.0222940650104524,1.5344066762220365,-0.09185124897314169,0.4223526378117689,3.6062830699867408,0
13.296368311026356,-11.020560862879222,-3.576694068432591,5.559624414597096,-2.725164684275666,-2.0427354982337844,-4.481404427574244,-0.14702865122865344,-1.5111399141377666,1.16169714188648,2.971228572777564,-0.5822686369405841,0.17381460876195687,-1.7204045877406515,-1.2598261262600692,0.882189666313872,-1.3709518120927862,0.2719364864055598,1.023418805574491,1.5027010468569093,0.4979770567795687,-0.2983882116511215,-0.503058761296324,0.8423859366217966,-0.5725578024740912,0.35131627871112425,-0.3251349579690711,-0.5467145915716389,1
-19.054172022693084,-6.125063694831887,-3.995097246410203,-3.8495260177152324,2.614522345489262,8.802117339151305,3.4735252341832763,-3.488330567141815,-0.08359383866392613,-3.0329593259712464,0.306384846065092,1.6498301943057136,0.17817396084115408,-2.0191796534209288,-0.560692354447828,0.9350850624201276,-0.27056743807609185,-1.0884002821721475,-0.04593134821422194,0.6848425248874981,0.09059350624894474,1.3862094219001868,2.172948454893096,0.6821517858101739,1.714599856862845,1.0790628463795318,-1.221549539868951,0.3212013459897094,0
-23.8208334979696,-4.07872699794813,0.06671763501003486,2.4082734705961,2.1454924455560622,7.656419479836676,-6.130322092908757,1.4560046927343222,1.0213574547504911,-5.507593276896705,0.5057046539795659,1.850753212188546,-2.6543994925633196,-1.1549749671055136,-1.1131729135844566,-0.19381496342883114,-0.36976630983221687,-2.320027809020135,0.6565662118145705,0.5600647962875954,0.06548199650902943,-1.3413599305304185,-0.37180595661072224,0.3374795904112499,1.378799219962446,-0.7690908104559698,-0.5540191665719577,0.2572269020485428,1
16.907840943952454,-13.796027695621643,3.746481517622576,1.6024248088474355,-2.9602165635057487,5.06079587776576,-1.9064712281614689,-7.091053532205232,0.9042374956733049,2.3451950296226736,0.08665920455368306,-2.5230369766708365,1.1732124814319909,-1.0576744339557407,-0.616784890625395,0.37782098510096024,-0.051248678435022864,-1.489353747539351,-0.5428665346803292,0.3962157799574885,0.3236808362742148,-1.0237659882932764,-0.6329566352588017,0.5438730077458702,-0.03558602689131773,0.26529717567624916,-0.014025192464139238,1.7590401422578152,0
14.546414719129121,-15.457558016823947,-1.9279066613760962,6.098663440339171,-3.900824200723684,2.0395524823828026,-9.173720596913467,-1.1408059504393533,-1.3706274777585103,-2.5152854842633454,2.538402124648044,-0.8001152600785184,-0.8283196785368648,0.4447845983135025,-1.9628339802152373,-0.009184534624150552,-1.6219197758412367,-2.230189652979881,0.1356007644517454,1.0266511594170031,0.29855262214726097,-1.3523365721508134,0.44855656606611055,0.6753760211658426,0.9456866324760779,-0.8306134921431562,-0.9721341283047803,0.5502002645892954,1
-22.571659291525155,3.963464583142053,7.517905452456722,-3.61873802672867,0.5050446832682008,3.246965378235358,-2.347697046293749,-7.8744184670694235,6.4388853345811565,-9.180155109246021,0.6904515665600697,0.4550226860724313,-1.3518259048752852,-2.2909417642172136,0.797829636146661,-1.3219086560701752,0.706144253491291,-1.9710931195965027,-2.5165123721492892,-0.0980254541645514,2.0645213343265603,-0.8112951697314136,1.5109386262152404,-1.3906565737114116,-0.25902229678381733,0.6833252754583213,0.05824188319378189,-0.03300866856422891,0
-20.347070148266557,1.0193967540379738,6.226309092430495,3.561359947553279,1.0592328810142297,7.777518385931142,-5.456660561155289,2.0778488047465866,-0.17604396301443936,-6.316449368634748,3.930893291450841,1.2217054288243194,-0.3727244207096883,-0.8324635249122594,-1.1701579716663004,-1.2196439036446831,0.711384239983454,-1.0619385978411293,1.1167388201744846,-0.4486445720888423,0.1403428866819992,-0.46464083591317584,-0.6595626081721458,0.1405377801566132,0.8116155857003897,-0.5298781079383243,0.46982276888428665,-0.08717533152653326,1
12.113786316992822,-17.343890924379508,0.3257579178872939,-2.3771844553763106,-6.140295441096859,1.4869277462713755,-0.6881203221816883,-3.8513436771469456,1.1969710201919284,-1.6773564019397305,1.7652232927669345,-1.490295794415692,0.42640526725610195,-1.461834769095297,-1.7014395608491977,-1.6773731228185176,-0.5204116057321999,-1.54254762467681,-0.4177915807379877,0.31872574201550713,-0.8595560395511158,0.1753263921867614,-1.314443127984362,0.4416861466488351,0.9607910839718172,0.42242012312231625,-0.3518424776253454,1.1557026653157854,0
10.49483123143005,-20.82224157592447,1.3072159919133617,1.000633125316018,-1.4972590828845538,3.616081912351313,-5.257261634298777,0.06373001944416042,-0.3224261731593438,-2.605762444478193,-0.4263541909096206,1.1646701078066144,-1.3979073224406993,-0.6350414242951034,-1.0999535813720565,-0.8215026714171434,0.382680676707129,-1.1206855405454519,1.880029558956314,-1.2122752506685415,1.2622496726900683,0.5935166683674734,0.8901625772135983,-1.2563417205644611,0.14985689090686202,-1.1322109772220657,-1.2249134408632671,0.23483029147091566,1
-23.750702248179827,1.4841857213174885,-5.762346464547777,-4.822592543862248,1.7200517108973048,2.587327912438259,2.9160388464651423,-3.0590241421222375,2.3586533480403515,-2.1062176244359287,-1.4736385171862514,0.4437453402988654,-1.4943149758626242,0.3783526353192656,-0.7036339089137953,-0.0550126061295227,-0.032710814444870166,-0.9341396436882776,1.1948693178358412,0.6221762356606801,-0.10474976864647684,0.20572023586885743,1.6963158812712167,0.659329008285273,1.1553418606255397,-0.20639915748232895,-1.3977677210379815,-0.7869361169525844,0
-25.91408021132125,-5.239670332733818,1.4210420956170522,-1.4062484171961906,-2.664759358549405,7.257013429946468,-1.8642242410144487,2.620162982794771,-2.3377320810870095,-0.05450499319167613,2.53276552188478,-0.38346497115858463,0.04407384592799372,1.8253769727656743,-1.480668400797707,0.871332274963682,1.0400626648586229,-1.0696604218978831,-0.06773108680090982,-0.019289601784376796,-0.11208079078478414,-0.34506197405568284,0.9722066829799204,1.019434681047264,0.12356282159009452,1.4894738953908218,-0.7941010592089621,0.7228694773810364,1
30.006481061438087,10.7608295889002,-20.65695354349197,-15.017699656539454,6.612001138944288,0.37139844897678326,-9.009076351875695,4.098306141156461,-0.5803963546304223,-1.5459410994909093,3.646783774710828,0.4454976856512494,2.4325408251018636,-0.1924208985303667,-0.4913580951935713,2.0153264754933766,-0.9594469608081709,1.9878986606460485,-1.6830491672090075,-1.4198387936558277,-1.5976654803443568,3.4059785599302765,0.18075864940975583,-0.7427587025692471,2.394812539871335,-0.21623329359285676,0.635615958712368,3.28265876797344,0
4.913220652086613,-22.942420794742223,1.0294326111140113,-8.793974146896169,-0.5893119262544427,5.3814182402136215,-0.016361090657398825,-2.563150286190068,0.5116301978499005,0.057116692385684904,0.8123629478844481,-0.6215309949656798,3.270480119147465,-0.9968008523609928,-0.20330364146226193,-1.226750698940323,1.3587961970379046,0.6717898758123574,-0.4782082559855831,-1.0143576013810898,-0.2862288573989787,1.5451206414176255,0.2829237630009177,0.4286140623970762,-0.12820116120498723,0.48854077877938235,0.497684842548987,-0.4534798469502856,1
-15.641773393145789,2.5865608366671013,2.0612415355915377,0.5716699809131964,4.164515946159265,11.389844043700155,-0.23922647429995572,-6.138525821009455,0.8913024989044834,0.786951175274739,-0.4326284265215082,0.3936707355314528,1.7296208888534337,-2.1661083686491813,0.46898882382667106,-0.1397101975852483,0.496235768657327,-0.2023773201885778,-0.505121614781244,0.20184476230515078,0.31685099707403375,-0.18137720003399793,1.2823295205025869,1.275970202728965,0.558229433360483,0.49325931881553975,-0.5841103316900785,0.2607842051602076,0
-17.599868107517842,-1.5475330887761756,2.563652287924539,3.242231026760953,2.6592110297674,10.001380979223446,-7.472202969191955,0.3032158434896281,-0.5041000025768905,-3.846068329602547,1.7588532844280313,2.015363834107686,-0.25898467517639046,-1.7482511120967483,-1.1358528136439892,-0.687332429999133,1.062239710890132,-1.6772987375269535,0.8337500989187706,-1.3955073103292774,0.7758808255146046,0.5957320140741388,-0.13147550203146835,-0.013235162714668073,0.18494139411842148,-0.5027646676872042,0.6882518285121644,1.1379738324836817,1
26.274023933255886,3.6279519757612784,-16.87204406559719,-18.467449424325338,12.620824981788616,2.891705530095295,-6.422366023565532,3.2742662914515615,0.7269351000695576,2.7510260613720128,-0.12505398976125326,4.74606850581875,1.9261750669773356,-3.0886594614951006,-1.0141761491067582,-2.585621487905268,1.0156176236439054,0.026458518841047638,1.8045241901243951,1.0691733628634208,1.045140109298746,2.585817745587142,-0.6823673912797535,0.31225907631095107,-0.5768847956983892,-0.039632006774867376,0.5207670975025288,0.260653908469759,0
4.570629272053338,-24.79478078894534,0.9065035640751795,-8.97906912400395,0.28422249577331793,7.385845980533125,3.1735461598990145,-0.8688639460488121,0.504567134842484,-0.8961370141968514,0.7471006363532366,0.37251115628362275,3.243773253275705,-1.067191000018736,0.13767055241636814,-0.893941434933197,1.1475361585105295,0.5460353196764773,0.46715633289298586,-1.110377292608651,0.12639333118040455,2.005490074881766,0.6348803010304631,0.5518328608408987,0.5598658036581177,0.2240925241125943,1.0308872492832823,-0.31032519045369134,1
-19.940829185924535,8.88193400830817,-5.440114032503821,-8.278580719670172,4.716472743649483,3.212903759945012,-3.168602333588663,-4.797994996019066,3.4680698327872874,0.8185548371222849,-1.8478103154995724,0.9402369704085901,-1.571667195838985,0.6409699619875819,0.11121173909408912,0.18286734358173742,0.5875954153504026,-0.20424210656375777,1.0710992599682465,-0.588597437999322,0.25644590229208003,0.8586108593521832,0.8392713040621103,-0.9081336551851876,0.044469474365328096,-0.24209255725505635,-0.8644164588528596,-0.28585522763014154,0
-24.388859985672763,-2.8439865949827663,0.41297131811672233,-2.5632004523664227,0.855423033458117,7.306529476886832,-6.0045587723534615,0.54919511640002,0.399331368686445,-1.1021104364839456,-2.4662964799162332,2.999425185643303,-1.0048277373825576,-0.71957994642089,-0.7561774977394394,-0.3850373697152219,2.012225944829004,-0.8683011570092309,2.7072163028625207,-1.1364963205851715,1.9463035469969605,-0.18412571887963944,0.5103960445299066,-0.4741032814299638,-0.1660750735499641,-0.43522425897159095,0.18137083167771004,0.008058442637156162,1
8.433792338319094,-21.07553188251443,3.756202440417426,-8.324214807896126,-2.9657785663460383,4.240450779448219,3.3330195111260776,-4.487151103784883,2.214032760358282,-2.2442997495493633,0.7232252970338388,-0.9369350457497835,1.2911071928069193,-1.8422913261069882,-0.3493831033546314,-1.451951925113202,0.1582393399194002,-1.1917744843027802,-2.6515580846337157,-1.0704529458543544,0.30727791565373086,-0.07570669745109042,0.6860257101350068,-0.5495388412510117,0.24912956545096768,0.12814595219566413,-0.6530483365129284,1.0359591327805127,0
7.254819523633093,-21.786082868072135,6.363914192375492,-2.404367499770594,-1.4494031132822143,3.9813582027587606,-2.7281319662407695,1.8178061398405612,-1.0657236161666384,-1.9923637455474654,2.242689903835097,-0.22482714808926063,-0.23665462959242037,2.167805311487474,-0.1059199766942951,1.0301502498842583,0.7504425776676152,0.3780589980035261,0.33691952165327754,-0.6079115321601581,-0.32868063998114855,-0.7821076895043587,1.4511636293372274,-0.24556540420921746,1.0608240116829988,-0.36971728294017564,-0.7324687837148298,0.5659517676606186,1
