0,1,2,3,4,5,active_hand,class_numeric
-0.35920060337672105,-0.4162270130512874,-0.1664940295080501,0.06408695782180682,-0.14568048245218154,-0.16703940669976441,1,0
0.4064984431728239,0.07370191049937812,-0.4154335277706448,-0.19978428650565477,-0.24658633412402603,-0.25815150953601557,0,0
-0.35697595887017597,-0.41041616981543716,-0.1671458533252618,0.06802353895906835,-0.16722652129738225,-0.1728507701224513,1,0
0.4095454870739014,0.07388262113041272,-0.4174220979627425,-0.19963709820565725,-0.2432908648003802,-0.26142385969503573,0,0
-0.35353472888342447,-0.41409623998420053,-0.16375433721251667,0.06716205746565755,-0.15131292966559803,-0.18077729703675688,1,0
0.41782901840915654,0.07591729839865176,-0.4142523699613894,-0.19263530369984552,-0.23339130886791296,-0.26274837905369386,0,0
-0.35792324081750904,-0.42112193176757673,-0.16325874366151105,0.06961391606953896,-0.13873601562511867,-0.1822755589313444,1,0
0.41957719978598906,0.07608999507077421,-0.41619990470720997,-0.1932951058097668,-0.23052868272602933,-0.26659863260754935,0,0
-0.3591949489374185,-0.4209199279167997,-0.16487072351519563,0.07295452151823134,-0.14129151850854682,-0.1757746174537474,1,0
0.4180300670313257,0.07564744922145009,-0.4151607917787616,-0.18264012697661677,-0.23002422727205277,-0.2613254881488954,0,0
-0.35366286616100784,-0.4048650118156777,-0.16673580212225347,0.07048635619507011,-0.17267492449018806,-0.17606013130745252,1,0
0.4221988224963754,0.07742200267802844,-0.4145594075363483,-0.1795482632398836,-0.22611624590312165,-0.2512260904255818,0,0
-0.3493167956095627,-0.39626490951904264,-0.16636615713662908,0.07136109819837419,-0.1939682136532126,-0.17363155447213854,1,0
0.4349336921180026,0.07975164017972153,-0.41566648346012686,-0.16491981233544256,-0.21235278035923508,-0.24055623980358656,0,0
-0.35233522472174394,-0.40372092813976596,-0.16196259759522252,0.07641425547504303,-0.17929669302848167,-0.1723989318687437,1,0
0.42479482591083484,0.07800562069476716,-0.41447422754470936,-0.17334580557291304,-0.22290213828380706,-0.24453391292780977,0,0
-0.3500386429096965,-0.4100905911591302,-0.15832444380393135,0.08323566038663638,-0.18539970216270152,-0.17358544704798665,1,0
0.4359567296778102,0.07892918197761468,-0.4165055643456568,-0.15954253427715503,-0.2094018949004713,-0.24870107037427636,0,0
-0.33908635579810575,-0.3979711737991992,-0.1473608224282981,0.08799877963644671,-0.20989575065726995,-0.1729034314096039,1,0
0.44270591715649743,0.07935411146237376,-0.41524622182681875,-0.1549116875312532,-0.20018884597493924,-0.252704230628931,0,0
-0.3267379267637384,-0.3936964068180781,-0.1397856294131703,0.08924682402526446,-0.22094918575615458,-0.17708169203717578,1,0
0.43948362971953553,0.07956593772290818,-0.4118294524849409,-0.15598522862034642,-0.2024823684633552,-0.25731970920923547,0,0
0.42495186267132457,0.07754977247964208,-0.4135944523319927,-0.1693409563545823,-0.2202747237602789,-0.26012978407325993,0,0
-0.3225747269651349,-0.38813464715322565,-0.12943835435549075,0.09227066822237935,-0.23117805225522456,-0.16262063948355576,1,0
0.46514321903311795,0.08217832834584077,-0.4099381287380242,-0.12515821263692342,-0.1739728548326951,-0.25093720366488026,0,1
-0.3210566487239931,-0.3337942962229455,-0.1255953193840766,0.1195804400614141,-0.2978496341520953,-0.1781499444056232,1,1
0.4639488427903083,0.08145710398499866,-0.40755817935805233,-0.1254392169610194,-0.17604617986696455,-0.24407674226152468,0,1
-0.32047993820221177,-0.33400307138675306,-0.1258149280891179,0.11914910938645655,-0.2996745646398255,-0.17620598233544316,1,1
0.458276263759866,0.08027673784587613,-0.40869770813194356,-0.13779321373519318,-0.18470388219250783,-0.24037023099532218,0,1
-0.3249004033277467,-0.34267149779081346,-0.12934867951087647,0.11945856940898426,-0.29388837859040556,-0.17815246699310394,1,1
0.4560850171839703,0.08174240492718064,-0.4081643629047626,-0.13686441213678902,-0.18927279604612512,-0.23675393800367822,0,1
-0.3399741317557337,-0.3661377048730107,-0.13550422200654372,0.12644183103769877,-0.2741937751700144,-0.18328253548523668,1,1
0.4262676998534387,0.0767059725180552,-0.41578862793532345,-0.1776758443726454,-0.22413999140819885,-0.25674692114184927,0,1
-0.33234358908950773,-0.3618370202517028,-0.13093437363256524,0.12341825027463865,-0.28004130088600293,-0.18052146386622384,1,1
0.45263187279933387,0.08053687759892,-0.41600868942975583,-0.1441240202417773,-0.189746179143297,-0.25487757864009,0,1
-0.3455328720641519,-0.3833206680967253,-0.13559880000267638,0.12818071529341762,-0.2581195159071105,-0.18039514865499967,1,1
0.44473915306922013,0.0810027144722796,-0.4118529052245761,-0.15146007378047888,-0.20269993246007512,-0.24219679298468724,0,1
-0.3488165489737248,-0.39007333015024415,-0.13834050944552478,0.12596530953993124,-0.25215315940595795,-0.17984884928735856,1,1
0.44129330859283605,0.08098204117624341,-0.4119507714824538,-0.15581128400118543,-0.2070693977667036,-0.24268578274322736,0,1
-0.3338977484459922,-0.3679481960358773,-0.13137283936259472,0.1202376248425807,-0.2756538789390175,-0.1731437448517613,1,1
0.4416020275751715,0.08127555976264277,-0.41275386843976014,-0.15415271064592076,-0.20656969775360312,-0.2387404133307069,0,1
-0.3356542628054944,-0.3694678910860739,-0.13095776379354945,0.12174244000816586,-0.27620343573341427,-0.16963552443357577,1,1
0.43388162731767355,0.08031406013504612,-0.41139541155683695,-0.16004100091144455,-0.2149800353555083,-0.2420979686439725,0,1
-0.3450286116255635,-0.3849985036833635,-0.13531826279312195,0.1263326702108792,-0.25782802296097235,-0.1781556560706324,1,1
0.4189331994947034,0.077937405128623,-0.41210249343643307,-0.17472533670555948,-0.2285983767926439,-0.2534677950028177,0,1
-0.351022936200255,-0.39336695566641794,-0.1345905264445837,0.13086908835060237,-0.24024174490149336,-0.18131874775164367,1,1
0.42395174498245997,0.07963505473373304,-0.4066213340413007,-0.1719376751969608,-0.2246701407917568,-0.24588874817456471,0,1
-0.3551940891165466,-0.40232326484223785,-0.13640100582009826,0.12990709182647833,-0.22742842135135916,-0.1865983323158326,1,1
0.02083156091772517,0.38617919346708807,-0.04220402789749204,-0.06196265388866517,-0.21042751838940157,-0.22034881583712984,0,0
0.18744916715809642,-0.026747814603875812,-0.2540647037022795,-0.350067307815064,-0.40066615465436195,-0.278577540389673,1,0
0.01943322639664631,0.390015677104441,0.06529635328231187,0.0669117439296725,-0.1584986625060552,-0.09750383921519795,1,0
0.20799208694518084,-0.027543659082329145,-0.2616802797868911,-0.35696105385924076,-0.38083803961286017,-0.3002197578318532,0,0
-0.0028180493796742465,0.40245592703714494,0.08093412148200109,0.05889821776247713,-0.14829718899467847,-0.08551092860293932,1,0
0.2254880819473206,-0.030478082029101256,-0.281288198531639,-0.3704278680937589,-0.37054301608764173,-0.3030093047438746,0,0
-0.028654883164829205,0.43045248126030167,0.09096965753901191,0.04116892159058514,-0.1335383462677373,-0.08608240782652712,1,0
0.23748013785488487,-0.032637289094555974,-0.29346564591123214,-0.3789351134952945,-0.3615166845673354,-0.30543345782360803,0,0
-0.09674028065595333,0.4878207455839896,0.10357758407893392,-0.046435627713785066,-0.15156400748129364,-0.14825855511841476,1,0
0.2425401476042463,-0.030956750760086933,-0.2798108065125218,-0.36930449593685233,-0.3484077692392598,-0.30998436833360454,0,0
-0.12782832583417608,0.5051484183465825,0.11476452380991702,-0.07447077105264198,-0.15298131126596007,-0.1635583233039357,1,0
0.2238748512928154,-0.029069170767174687,-0.26968146922862013,-0.36206442430774716,-0.3683035150376384,-0.30704461642215325,0,0
-0.15812251249411727,0.5217838580592526,0.12029591946576963,-0.1008910750224135,-0.13931704534730896,-0.1827139430009262,1,0
0.22833896344200735,-0.02853650940676061,-0.2663820295795207,-0.3584165867036733,-0.360238453917455,-0.3088209393371288,0,0
-0.18358408399952017,0.5480159122946835,0.12995155409198053,-0.10572715605482756,-0.11526286972322428,-0.167062478856832,1,0
0.26409028341066754,-0.03413182897946538,-0.29602863035779164,-0.3792719843425148,-0.32861280605724547,-0.314775960047683,0,0
-0.20236931939493444,0.5526696620441909,0.12702287505249577,-0.12333945229140701,-0.10554449371876799,-0.17007479804907616,1,0
0.25001102783482926,-0.03311668557538307,-0.2907238711705593,-0.3791062075974929,-0.3458458054434911,-0.3064890550077267,0,0
-0.21597623061087098,0.5489238017942493,0.12074559227542768,-0.13499067859528405,-0.09004963770234757,-0.17604025708673438,1,0
0.24538853305477726,-0.031165745236556644,-0.2864953828798965,-0.3729384018510919,-0.35057892185784145,-0.3106851937304925,0,0
-0.21540470261269803,0.5424011265599217,0.12064019675201333,-0.13320216967928775,-0.08373411485551512,-0.1732577034498868,1,0
0.23250067258881982,-0.029558334906098507,-0.2778335538762255,-0.36713307288366726,-0.3603009073426059,-0.3092557717626718,0,0
-0.220478314412887,0.5564888248745298,0.12428329871777717,-0.13558562683372405,-0.09191560374474743,-0.1703377653317607,1,0
0.2377697336887728,-0.03123527277601459,-0.2897238449229225,-0.3777986928967759,-0.36309528953241665,-0.30360196247723525,0,0
-0.2165871483765704,0.5517747625054451,0.16419025755808467,-0.11225955867059112,-0.15364063061282626,-0.18118885548822866,1,1
0.24624929114413494,-0.03274783483461966,-0.2938329316824891,-0.37981504611555916,-0.35611343344282886,-0.30312163137801995,0,1
-0.20926648860598807,0.5092284819557337,0.15416990615243092,-0.1236474949551802,-0.18239962909213597,-0.19393305049090287,1,1
0.2455055077010157,-0.03193958235708216,-0.28412677676474185,-0.37266370679952115,-0.34634670726038863,-0.3073583687351238,0,1
-0.2259194456387663,0.5428888280203645,0.1563374366489801,-0.1356566862865105,-0.16450606729622838,-0.19948698280906618,1,1
0.2419017648139385,-0.031838755150339015,-0.28581972766510333,-0.37398980124453524,-0.3539039438432033,-0.3050761446004928,0,1
-0.2209277765468879,0.47486446182097636,0.13836152774865143,-0.15458521712308096,-0.21387926421875414,-0.1984830806193715,1,1
0.22634111119900446,-0.030486736302771118,-0.2845671382039605,-0.3713378580197228,-0.37602061582527824,-0.3000737630115828,0,1
-0.20915911304370172,0.4374652714114553,0.1290797381729536,-0.15211485305046682,-0.22574414104681964,-0.20138093359912848,1,1
0.22100694456399433,-0.02939712192563147,-0.275250073801004,-0.3634721588254568,-0.3748138233424609,-0.30479787872410796,0,1
-0.1985477780675107,0.4032080049527754,0.12948394162609603,-0.1460923693762552,-0.24681733738611958,-0.18952034594258077,1,1
0.23008449945892184,-0.03076537392622554,-0.28427886287278253,-0.3711098249796153,-0.3716360117765906,-0.30283286680453114,0,1
-0.21006737778785203,0.41867184642105243,0.12711574419917426,-0.1535255276160236,-0.23743900913488444,-0.1862276848053469,1,1
0.2284020300744922,-0.031529736480119495,-0.2887319052133305,-0.3761903053783223,-0.3776370776521518,-0.29505493329304106,0,1
-0.18081559016712329,0.3650594449922628,0.12919875955454324,-0.13636418266477673,-0.26376094870359046,-0.18248562017482323,1,1
0.20869061899917338,-0.028002191765858532,-0.260604136939366,-0.3557058346507653,-0.3827844731337746,-0.29656155803276957,0,1
-0.15588875870811,0.3103024598182617,0.12950468233913004,-0.11603292954627639,-0.28748716037714606,-0.15980802057429436,1,1
0.2125360472652257,-0.029834562093568197,-0.272893141227133,-0.365857228131205,-0.38924092445442443,-0.28981959480668035,0,1
-0.1605824354816217,0.3352574119382195,0.1391389066189711,-0.11723841884655045,-0.2811713669962993,-0.16814740520723936,1,1
0.21530701461678192,-0.029290742835268748,-0.26547157564217994,-0.3618047759031061,-0.37811103072048763,-0.296052313032732,0,1
-0.14212326534737452,0.29669202707748793,0.1318307263086988,-0.10718119658539528,-0.2953786543434213,-0.1611206577549241,1,1
0.2192191358967862,-0.030606912109269722,-0.2768716296968466,-0.3687508680312926,-0.38158269798085914,-0.2934723713035413,0,1
-0.1571996419167713,0.33897127573672453,0.13626788528119238,-0.11895252769316127,-0.2868719623337388,-0.1720088048060095,1,1
0.24201688465445179,-0.034029480684187714,-0.29782888039197614,-0.3841870383125701,-0.3636455375825191,-0.29529716213133556,0,1
0.5416696158563888,0.06996400645506305,-0.3576256191669325,-0.02920745277718725,-0.06005393289180225,-0.23729068857014216,0,0
-0.38254606259116736,-0.4173726960448773,-0.16901700314959586,0.08864474608987531,-0.1530497827545627,-0.16700000464372147,1,0
-0.39511771514596855,-0.42586333574962576,-0.17176579237172204,0.0936529746822503,-0.13255323776987904,-0.16328921130563434,1,0
0.5461083743142677,0.07050931141324888,-0.34788694468007847,-0.012825582099584586,-0.05206575474845304,-0.22663985093352937,0,0
-0.39375411449304293,-0.41967643127657855,-0.17110982490959067,0.09329592593206916,-0.1371534841256416,-0.1667524431096051,1,0
0.5460571497024437,0.06760102329730229,-0.3388643683605022,-0.007412253435688568,-0.04415646156381724,-0.24002735633215622,0,0
-0.3975211443997352,-0.4279370325673004,-0.17029901956782348,0.0966630876589905,-0.12680627299193475,-0.1640538678974524,1,0
0.548458473970452,0.06790783930442276,-0.337092380944572,-0.0032772385628852966,-0.042768888538059636,-0.23098813668912702,0,0
-0.4006823995602665,-0.44075544477217377,-0.162200498664271,0.09888090224047337,-0.106395686780731,-0.1616699666265886,1,0
0.5354828701198184,0.07029991135292098,-0.36512959323983135,-0.04433007391174697,-0.071948409996315,-0.2444850918357269,0,0
-0.3918513490769136,-0.4337471958931714,-0.15553914150552908,0.10204066771461902,-0.1360162854081307,-0.15579279601090318,1,0
0.5340715540297608,0.06973201173469959,-0.36625097814056584,-0.04322572434581445,-0.07043199373424033,-0.24942202775450115,0,0
-0.38369245772879695,-0.4383079946505947,-0.1415233984578762,0.1015385553628872,-0.12900924085528256,-0.14457318230153832,1,0
0.5198033951885175,0.07328712007475949,-0.38358517983290014,-0.07030156733376207,-0.09898047310161552,-0.2509157868983547,0,0
-0.3736780167082986,-0.42249426524681843,-0.14331371149555172,0.09984176359463426,-0.16586999599636526,-0.14849080666927816,1,0
0.5510090293525928,0.06926034907435336,-0.33384528280190084,0.004953852508920425,-0.03610351871871283,-0.25404034492323857,0,0
-0.37499157853082354,-0.43375038285883577,-0.13612416697395022,0.09472750579868805,-0.13866387129056304,-0.13176376673805834,1,0
0.5485405549272311,0.07166580738382516,-0.3400354270691526,-0.0020511847958063103,-0.04656553749779881,-0.24190495470680345,0,0
-0.3778083334045288,-0.44247173604582585,-0.13961270042466348,0.09099746389106034,-0.11251863601380867,-0.13897090503282872,1,0
0.5440360695731554,0.0693207988085226,-0.3427480332202721,-0.012462701378840379,-0.04844240020198884,-0.25098704600036936,0,0
-0.3703132493483055,-0.4265017561088019,-0.1385239381059714,0.08049208499915106,-0.12565372109239953,-0.13551363989985737,1,0
0.5221853504246627,0.07230453925491326,-0.3746855678793029,-0.06532827731536325,-0.0906643423496411,-0.2621944290650235,0,0
-0.37826797656617417,-0.434450383603146,-0.14159585247536274,0.08269091977360515,-0.11036015858425025,-0.1312231919390158,1,0
0.5249990596895193,0.07498066961894102,-0.3708462644178201,-0.053218773635199494,-0.09081116930463438,-0.23856991131038163,0,0
-0.3431496726559098,-0.32273250483278676,-0.12354046728182068,0.1407296467611491,-0.3041941200411969,-0.1696480293735908,1,1
0.4848108748949253,0.07523297560633808,-0.40500092029812,-0.10721842226211922,-0.14893653830206094,-0.23598120066983608,0,1
-0.34253919975070624,-0.3279081741415953,-0.12363828905580095,0.14291201248745578,-0.3030535283482638,-0.17205652150745365,1,1
0.46687628261393105,0.07234558619849893,-0.4127988825458348,-0.13369900661272405,-0.17194958051092785,-0.24661080296490015,0,1
-0.3847229520717672,-0.38003919620573623,-0.14057721862794856,0.1592753086657442,-0.2591575553033566,-0.17328067211137146,1,1
0.460069949710559,0.07339621254724404,-0.413463520542195,-0.14139066113966461,-0.18358596713316955,-0.23368348756038204,0,1
-0.38345310059326926,-0.39243047582966656,-0.13966195854661634,0.16039794862508938,-0.24396091126385314,-0.18328704671964985,1,1
0.4844576797146804,0.07652374606099466,-0.4034992257905382,-0.10948233261867664,-0.15174624066412856,-0.24243075978668535,0,1
-0.3737240373174796,-0.39298827480039544,-0.13526550500041198,0.15858789279571306,-0.24999841370152034,-0.17823830544430663,1,1
0.47353390518298005,0.07511939945768308,-0.4071447582804595,-0.1202028942018731,-0.16517997575740012,-0.24190815785446873,0,1
-0.3810249522872784,-0.41597489294716467,-0.13242998345141424,0.16113762571912793,-0.21739300657221478,-0.16958850328478817,1,1
0.49657262611634145,0.07453666371713856,-0.39622634758625086,-0.08399545210843343,-0.12892126800203893,-0.2422417119651754,0,1
0.5048871079624605,0.0751161977949203,-0.3975137337731017,-0.08400179761839377,-0.12097600554909746,-0.24334439015742684,0,1
-0.39315513494997967,-0.4483997970753215,-0.12779163181312486,0.16130052453953556,-0.16231806644351113,-0.16575581688637714,1,1
0.4832677674360345,0.07625230514895648,-0.4098420571041285,-0.11102257838148327,-0.1526681948156421,-0.2432091340595344,0,1
-0.3854838808541836,-0.43382520310647343,-0.13227037095983835,0.15572268539685966,-0.19535880386480164,-0.16388676392445764,1,1
0.44266559168311415,0.07447983578646564,-0.4129249388024995,-0.15731444477543266,-0.2059111543636438,-0.24718182442956052,0,1
-0.38562037206925986,-0.4389286547096257,-0.1297634990465642,0.15383495548043824,-0.17230812134144374,-0.16776008451402372,1,1
0.485534965175787,0.07880390950978834,-0.4019435930706305,-0.0976897150267484,-0.15010281638983045,-0.23040352064990333,0,1
-0.38561585008648636,-0.43223761529774835,-0.1356252048583641,0.15429514648865997,-0.1971418330945157,-0.16533865305300813,1,1
-0.3790734396848097,-0.41739466099637096,-0.1360457089092407,0.15005655810394397,-0.21699542724196663,-0.16775480510990531,1,1
0.49609030851866864,0.07687731798793969,-0.3985655320161249,-0.09067514537095961,-0.1340119143468694,-0.24205724823201455,0,1
-0.3789101163257974,-0.4135916587349361,-0.13894922076510996,0.150834095094278,-0.22329831878694661,-0.1735898862164909,1,1
0.5059665509388669,0.07876523814246282,-0.39028515090296984,-0.07140795448131554,-0.12048819943157679,-0.2348694861913,0,1
0.014122370212966879,0.3242616493339861,0.09367634184858258,0.1042360318046476,-0.2755591024626144,-0.08894080222908862,1,0
0.20738863445431005,-0.02890380966149523,-0.2742627503916805,-0.3579271689147529,-0.38979238631826474,-0.30038585697913806,0,0
-0.02382794124534201,0.3474416352997181,0.1184879632680602,0.058720324137426394,-0.2691862599751168,-0.11136115265688419,1,0
0.23496914221299625,-0.030865484379673295,-0.29070941542361667,-0.37033238258239565,-0.3676133431397416,-0.31400351461452597,0,0
-0.053311150236334315,0.36824134925996904,0.13610677329175108,0.026433983346883235,-0.2657472550487674,-0.12445119135515417,1,0
0.22240442306399452,-0.027829512364697818,-0.27836641917056054,-0.35772921018220655,-0.37602683035733947,-0.31606373011079647,0,0
-0.10765140403772509,0.4687251079025473,0.14588352474008853,-0.030669354699005877,-0.24503613316061937,-0.15359256667077228,1,0
0.2656145962466607,-0.03498689263364244,-0.32505003854925413,-0.38433947057139795,-0.34547749912468495,-0.3128724603519069,0,0
-0.1312933075313281,0.5140531384926714,0.15142433867388325,-0.05050289769666203,-0.22334790498104104,-0.16934261674070808,1,0
0.19821531345269883,-0.028210312127101293,-0.2687942741325804,-0.3511611648126844,-0.3968167789118678,-0.2929702596036632,0,0
-0.1619251576459121,0.5278514434334671,0.1488800649388948,-0.10053784601094828,-0.2292234811030735,-0.19655027279601794,1,0
0.2367837211519031,-0.032619777622628604,-0.30326762383083944,-0.37791193587855304,-0.37020484726911784,-0.3052026318327606,0,0
-0.17025030919845607,0.5196928159107412,0.14721857515465886,-0.11797310648251592,-0.23149896231960357,-0.21290319174109296,1,0
0.24260798762716834,-0.03193729709257989,-0.2979950315942943,-0.37533642062045985,-0.36012790137564804,-0.3165794583213456,0,0
-0.18057466636101488,0.5194248006128942,0.14464269167005264,-0.12928392529743982,-0.22996350068481697,-0.20780807112323932,1,0
0.23242989752827148,-0.03146344050208505,-0.297610360769174,-0.37289401476729644,-0.3736261722391329,-0.309717353332941,0,0
-0.1738295007545862,0.510540796470017,0.14850246757590993,-0.12276807460777484,-0.23121939692707807,-0.21191873560446206,1,0
0.21021004457054665,-0.02883411788689636,-0.270632914522576,-0.3578336127072377,-0.3834686984007584,-0.3078378794549636,0,0
-0.1801538893648741,0.5414936074307367,0.1474059317231504,-0.11920719539776391,-0.21316064306022406,-0.2062027728497989,1,0
0.2448143968093938,-0.03205710783377176,-0.3036837808028045,-0.3770403226418526,-0.36176806640712794,-0.31637359431203577,0,0
-0.17231473498104044,0.5201802631043486,0.15020864215330654,-0.11340546179113428,-0.23135846742931182,-0.19825013222155205,1,0
0.2592536436196534,-0.034095014073947695,-0.3169574217837036,-0.38298758391848614,-0.3510596607933887,-0.315692025588259,0,0
-0.1563710256760867,0.49759915508146557,0.1532129100834699,-0.0993533420449934,-0.24780226349326817,-0.19356299914519093,1,0
0.24103974060381966,-0.032414775482491255,-0.30586123262817766,-0.3788407268403849,-0.37065184329864004,-0.308156874937702,0,0
-0.1437311493716613,0.36541072342656233,0.15128765766485072,-0.10499811386811204,-0.29221671238296965,-0.1853929815111818,1,1
0.20561790157659385,-0.0297771246406407,-0.26898485232820385,-0.35964362782073056,-0.3883007786714491,-0.2999321258255377,0,1
-0.15264339463527682,0.3836230646682771,0.14414143744415006,-0.11502056429709204,-0.28363859771395605,-0.19380475946564213,1,1
0.20786086317228725,-0.030716502407997774,-0.2763328149703644,-0.3642608257489763,-0.3909229380470721,-0.29646164105878664,0,1
-0.16957601043362072,0.43396272035020506,0.15663818388155853,-0.11747147366682523,-0.2675500181553143,-0.1933766682332845,1,1
0.2280808900642625,-0.03302972657964501,-0.2939181617635857,-0.3762850554394184,-0.3756090426771336,-0.30325761742069457,0,1
-0.16474461231684692,0.41937755940384824,0.1592639301868885,-0.10969576178158728,-0.2700737320202998,-0.17929269211231263,1,1
0.21260175139436588,-0.031916086302400656,-0.2837252796878012,-0.36941414808461154,-0.38915389820845686,-0.2929600849564379,0,1
-0.1438532644605758,0.35922298391772106,0.14768336908390395,-0.10764297558122506,-0.2929409890463065,-0.18648542541287821,1,1
0.19237119367166927,-0.027809473806815605,-0.25641513197913646,-0.3503889737101228,-0.39828547594570723,-0.2927010108105666,0,1
-0.15332964640916433,0.38975530129889363,0.15309720125672566,-0.1110527516805968,-0.2833265347807843,-0.19225821819626002,1,1
0.19201615461253416,-0.02787521658902299,-0.25431750543689513,-0.34890517366761786,-0.39661636480742324,-0.2954486007316173,0,1
-0.16579679987526114,0.4100352189032475,0.14715282476150357,-0.11976851266762314,-0.27383486798679685,-0.18744413680489436,1,1
0.20480318844707282,-0.031001632179818172,-0.2775969566501227,-0.36297399840460576,-0.3957789641349806,-0.2877009215621672,0,1
-0.17343736170902954,0.4325783451394235,0.14865177813454525,-0.12264033569595163,-0.26494859122962733,-0.1899412318443867,1,1
0.2181634421777797,-0.03211319072898999,-0.29111564071153184,-0.3716721093403285,-0.38766034796296,-0.29201801932223714,0,1
-0.16535289759211172,0.40764358598581807,0.14494291719692667,-0.12013883327088715,-0.27307896801098763,-0.18706562986430647,1,1
0.21289172909765305,-0.032083636789706466,-0.286244848225567,-0.3686337197005813,-0.39064025250873763,-0.2894509219760781,0,1
-0.17190169140221617,0.42415418788539544,0.149536303256352,-0.12113469051182005,-0.2686050052020075,-0.1839157031933825,1,1
0.20383624584169865,-0.031147332701907924,-0.2789841944192934,-0.36414448441035935,-0.39843355810806846,-0.2813435497818056,0,1
-0.16176683605262124,0.4061661822831296,0.15235933459170245,-0.11475888242242209,-0.2765471645106536,-0.18584864638584508,1,1
0.2022979524050426,-0.02965927257918183,-0.2693875799880392,-0.3594836004494405,-0.39603835999291265,-0.29062075632282625,0,1
-0.14962210953818375,0.36315275357766214,0.14599761638054412,-0.1086876137281518,-0.28887793844772736,-0.17308874890407752,1,1
0.22711389432738757,-0.033684415032975916,-0.2992669049419373,-0.38113947310471735,-0.38367827600316956,-0.28864818689167326,0,1
-0.4049566225731496,-0.3929503836908332,-0.19450443549805363,0.05422485717069977,-0.08059669668167979,-0.17699209973984437,1,0
0.559473034914146,0.05488980522872106,-0.3010116230203051,-0.00024183013268415016,-0.008532867620946986,-0.23773795263701422,0,0
0.560491177646067,0.05479117692048132,-0.29943300770904335,0.004787387930795171,-0.00583837386988686,-0.24055285791413,0,0
-0.39436107435033424,-0.3895161560820519,-0.194438516543563,0.05435061609999141,-0.10731936522598039,-0.18144098657333838,1,0
0.5615644485754715,0.05491162781810465,-0.3052221342714636,0.008932747767544975,-0.005806014495771583,-0.2361396093635585,0,0
-0.4009945805330467,-0.40464559444578013,-0.19307356962584363,0.06228390447310843,-0.09896426085581529,-0.17221775481738402,1,0
0.5626239384843893,0.054757300971149156,-0.3035754264791387,0.005442673907320956,-0.007060160999156783,-0.23075262338433966,0,0
-0.40272263557781157,-0.41950392083462856,-0.18491016623794376,0.06538650321288414,-0.08788185541730024,-0.16325456745577646,1,0
0.5608292340211146,0.05450616587176558,-0.2999558556581528,0.002547648244454775,-0.00634969691226145,-0.23704527556988425,0,0
-0.3934796006323472,-0.425591225600201,-0.1782120660492961,0.06469818960197146,-0.0938649023349432,-0.16416556827346335,1,0
0.5526977651855037,0.05496638804963634,-0.3219810645923918,-0.022605359324714094,-0.02138281047145115,-0.242616679061629,0,0
-0.38687327603022015,-0.42097183953158945,-0.16784952967025302,0.06636491482136701,-0.1144184096658792,-0.14935809720304574,1,0
0.5542311713530051,0.05443537259623891,-0.31861280287109073,-0.024047064395528096,-0.02000011638002504,-0.24508499394446326,0,0
-0.3839471451738662,-0.436087079844637,-0.156317824923093,0.05993115389131017,-0.0739361522546682,-0.13856453665272747,1,0
0.553365041198686,0.055289610935258256,-0.33044177737833375,-0.027638791668767045,-0.024872871248463126,-0.24196463470231672,0,0
-0.38664891094949083,-0.4421736458258536,-0.1650951574753303,0.05619823826062207,-0.06229854025885823,-0.1388084869057197,1,0
0.5617802250786673,0.05478163508108848,-0.29652271825700766,0.010769927115847337,-0.0023470611066970714,-0.23902362214112471,0,0
-0.38634545806801396,-0.43138540613593607,-0.17663703216307464,0.04795306464457135,-0.07018495584458653,-0.14871031989793848,1,0
0.570454203156096,0.05276978266853717,-0.2598906773408966,0.04633234845609895,0.014420916810263033,-0.21947836791049494,0,0
-0.39052019470681687,-0.4219861437866871,-0.18268720681817757,0.041355813607498584,-0.08573016554918429,-0.13819412423249908,1,0
0.5628862946177525,0.05444344891825067,-0.29215560778862937,0.01236056193879231,-0.002509847593283891,-0.23185415497904827,0,0
-0.3846689623518294,-0.4021675336271902,-0.19056501391253708,0.036120439888716896,-0.10966784066791903,-0.152622428416134,1,0
0.5627233161270677,0.054238685167859006,-0.293792246877793,0.011619290002768162,-0.003578806880573412,-0.22967155327183406,0,0
-0.3948340125160565,-0.4182644707053974,-0.19156804312556408,0.030719333855721107,-0.05761490283400377,-0.14036643503239235,1,0
-0.4182466093611611,-0.4032027819845942,-0.15944273345392476,0.14334855479897754,-0.17586995651949636,-0.1847418113026963,1,1
0.5724323323375514,0.051660084931339736,-0.24556663452117494,0.05903015003535113,0.019697267819884696,-0.21996519649457763,0,1
-0.41038260168234403,-0.39367073761959165,-0.15940999036181966,0.14264776769196685,-0.20223545747349472,-0.18834005272541987,1,1
0.573363944379257,0.05330310692916689,-0.2538307157185207,0.05198191680878961,0.016072617172498044,-0.21271637020286396,0,1
-0.38915201801975846,-0.3680385868949639,-0.15207542875600363,0.14132851820154232,-0.24675916854761928,-0.18343623334510595,1,1
0.577354590619091,0.05087469717044352,-0.2245467880306024,0.08780492495147707,0.028191102103452492,-0.19743757094753223,0,1
-0.37251648252297803,-0.3510117061043086,-0.14521386577716072,0.1315249772450811,-0.2533732965455655,-0.1916837222936111,1,1
0.572505241183214,0.05240928250669304,-0.24918678803554287,0.053315518280574126,0.018466749819025994,-0.22156277464905072,0,1
-0.36502218902742395,-0.3423329910744551,-0.1412878171289263,0.1289705494054968,-0.2643325398369877,-0.18623934127648192,1,1
0.5718500309579843,0.05232614729496331,-0.2534622574289195,0.05124197490457997,0.01619780680033886,-0.22055116351669563,0,1
-0.3862822227190746,-0.3677650323697772,-0.15085713020333605,0.13653888795314845,-0.24264661990667352,-0.18809734739188505,1,1
0.5706551121231602,0.05429187339821498,-0.27659841198554885,0.032165883512874846,0.00660362338879979,-0.22151751050947338,0,1
-0.3741351200380816,-0.3582653383192439,-0.14597635517829988,0.13429418219457265,-0.2577907949787631,-0.18494647794650068,1,1
0.5701100923279518,0.05291702824421157,-0.27796195274768837,0.030070799198177144,0.008101373191625842,-0.2220818565973256,0,1
-0.39481445413715555,-0.38645351552222096,-0.15473558991256214,0.14225193038537998,-0.23280479290911893,-0.1837866520551986,1,1
0.5704316386170034,0.054006581859361656,-0.28289596503733194,0.02633077181364681,0.002800249798506067,-0.207625884964101,0,1
-0.39523209211249083,-0.38997563022889115,-0.15395748076746302,0.13870899330293146,-0.22127670387373152,-0.1855242876373288,1,1
0.5722237852752018,0.051866644659928636,-0.26264141725441753,0.04264077974247463,0.013969595877143432,-0.22148031168424856,0,1
-0.3934548097218795,-0.38888601488001223,-0.15498262141550567,0.1367928891887597,-0.2262628938108035,-0.18285946036616288,1,1
0.5713615249226588,0.052533158382444614,-0.2658087568928735,0.03990412117898953,0.009763525370700472,-0.21318478703518978,0,1
-0.403862454675265,-0.4034539843853423,-0.15928455066138011,0.13690142933954644,-0.2028936006703063,-0.18663751508928234,1,1
0.5721131737956302,0.05276729895387309,-0.2691883410028744,0.03229269823349059,0.008876698972081171,-0.21597998444819727,0,1
-0.4126449189371788,-0.41435613547941125,-0.16137153657700545,0.14090846149125108,-0.18499074941306726,-0.18409247185734343,1,1
0.5690100644521948,0.053975121166991075,-0.28024382333578074,0.025386708445388623,0.002545682602120686,-0.2133173906452275,0,1
-0.14894338492155507,0.4807920752813802,0.12851753538507468,-0.1060191818569614,-0.18498594097986726,-0.21000361934527054,1,0
-0.15060334881566095,0.4756098340227766,0.12746805281751453,-0.11009803194262169,-0.1880795585651129,-0.20955827130873017,1,0
-0.15521267170053374,0.4752763903005047,0.12643942158355598,-0.11673689442405771,-0.19060342995703577,-0.21235933025083872,1,0
-0.16222562784753483,0.48563032100573844,0.12383083518092938,-0.12273497109907339,-0.18188831650985468,-0.2126127535872382,1,0
-0.16713659410528353,0.5020682125147711,0.11942985825185123,-0.12323915177656011,-0.16225717428221928,-0.20914676836971918,1,0
-0.19301563931621357,0.5536186786357651,0.11976154899677702,-0.13157384071783798,-0.13549242317532512,-0.1896883352420385,1,0
-0.15913538594982904,0.46267840964179546,0.12635772578143367,-0.12020314960275053,-0.1873959651697491,-0.21357194664769247,1,0
-0.1784219339151343,0.532738635233104,0.12591859300896052,-0.11741516609304006,-0.14164380425587647,-0.19646723459705936,1,0
-0.177577355482959,0.5417466670697283,0.13486806536818982,-0.1088718359662198,-0.14856828707341427,-0.18973175354321717,1,0
-0.152665805332227,0.5132415512716082,0.14314991663893523,-0.08222646767694619,-0.16686207585560128,-0.18621805765767757,1,0
-0.1497281694668733,0.5377737799493354,0.15243748163744292,-0.06052302504606464,-0.171992775747305,-0.17150064767322537,1,0
-0.1276312093346022,0.49081650995185006,0.15980109558076774,-0.04296189356783505,-0.21426196563279043,-0.1689896243535733,1,0
-0.19340175797929146,0.4976745416947293,0.15806554681625243,-0.12829516549264647,-0.23145487701391726,-0.20719459237170865,1,1
-0.19032949793117226,0.5134510393387827,0.150552287867354,-0.11877986410415575,-0.20124641088760442,-0.21150686944512123,1,1
-0.21868849665703538,0.5559611817640397,0.1622946778389793,-0.12901113036122203,-0.18812351626134652,-0.19625555561156577,1,1
-0.21672835935180818,0.526851755757575,0.1590775602116921,-0.14193051117992805,-0.2071105170498874,-0.2080245474234487,1,1
-0.17698445477323546,0.4132414116088153,0.14509600463769015,-0.13394119011448788,-0.25999540079565914,-0.21207306061958528,1,1
-0.19142174453066568,0.4209136005419616,0.14689470237314517,-0.13969899410309952,-0.25945609819175885,-0.19257390090906487,1,1
-0.10606893463189168,0.2309784221604927,0.12828034742749764,-0.07889528996301526,-0.3087769098442212,-0.14921382986744397,1,1
-0.09990367121273992,0.2157824810604409,0.1283258042341819,-0.07083788399812468,-0.31015399361142537,-0.1376276091166158,1,1
-0.09415998318165923,0.20659041122120705,0.1279389411161422,-0.06719124568899694,-0.31173435971604396,-0.1383904748044494,1,1
-0.07622309596599507,0.17625748105894784,0.13300934400572667,-0.046582838266476516,-0.31166771281685546,-0.11909551359161452,1,1
-0.10507844140693065,0.23787330270817938,0.13704559607936184,-0.07458889457279914,-0.31116982123544973,-0.14333759304989202,1,1
-0.11872668413092102,0.27139012631626985,0.13858579339427068,-0.08802619480509027,-0.3079966702231434,-0.15654449928055067,1,1
0.5409456017266969,0.028548750727514734,-0.29137454819934705,-0.07681346532789235,-0.017242120270610055,-0.1966536007833036,0,0
-0.4030100294921381,-0.4119651639544716,-0.17963182417634324,0.06951817671564542,-0.11180563886594193,-0.1597030202416444,1,0
0.5488654647740414,0.029064723766510148,-0.28071245114085774,-0.05355394525667278,-0.0036114815669140913,-0.19128473065739923,0,0
-0.4056437215025156,-0.41362894358859253,-0.18643722047732456,0.070765002557996,-0.10427114512590138,-0.16629088794565955,1,0
0.5450121321829431,0.02931470634910462,-0.27709784332271475,-0.054563074373139564,-0.006893140562700736,-0.19705274594846486,0,0
-0.39301469208833495,-0.4028504042302244,-0.18801097020593904,0.06623240910119217,-0.11489259466018642,-0.18003680369207936,1,0
0.5408260602397095,0.03029676849992194,-0.279445514326479,-0.056515851138119126,-0.012083366420083176,-0.1945299117929541,0,0
-0.38830985624536674,-0.39684174429711444,-0.18785421610440034,0.06509802308837191,-0.12382648888307164,-0.18146120064672389,1,0
0.5476812388933524,0.029689711195521273,-0.2736259584891669,-0.04823002040775404,-0.005047176707523742,-0.1889795306894303,0,0
-0.3898849726035294,-0.39772956577226987,-0.1877184518126606,0.06521873462329729,-0.13413987684073678,-0.17664310337584443,1,0
0.5479696454016486,0.02987735836481745,-0.2744300414049187,-0.05225982584891923,-0.00307852423009614,-0.2049751730216595,0,0
-0.3910360973105282,-0.40866663614135285,-0.18420507996485883,0.06615698236340302,-0.11172711296920931,-0.18209726918321215,1,0
0.5452066865183395,0.029110735369576042,-0.2647300320884508,-0.04832336607222996,-0.0028552297538612073,-0.2009955971552961,0,0
-0.37531454503039735,-0.3946337081863143,-0.17949947993809062,0.06734558645465008,-0.1363711062492772,-0.19004373213201417,1,0
0.5416400788932803,0.029547198007324433,-0.2785472856657417,-0.06716254136362391,-0.011808282070825809,-0.20009144775625898,0,0
-0.37732056609238795,-0.40171955650399427,-0.1735537541556028,0.07211272568018141,-0.13181163904153095,-0.1864932827871051,1,0
-0.3710266662242135,-0.4007666714702045,-0.16831664283694397,0.07954829200069427,-0.14618884233092924,-0.18586796132721098,1,0
0.5440915948672576,0.028879303430549244,-0.28030726045683746,-0.06281936927599718,-0.008584346142117357,-0.1985488810578079,0,0
-0.386682606985476,-0.42629028319806744,-0.16492323754672694,0.09294036839413425,-0.13619772542204955,-0.17318850426781812,1,0
0.5452924536857262,0.030101612431061485,-0.2834014955431689,-0.057932489541279,-0.008068392990522305,-0.1918815936177549,0,0
-0.3768668668022202,-0.41664612617834007,-0.15612354083880034,0.09040946224668704,-0.1679211646859639,-0.16244376379686082,1,0
0.5451460385990192,0.028286701625774128,-0.2791695752059088,-0.06476607519591596,-0.007565524171580014,-0.19280283060115175,0,0
-0.3718166465346219,-0.4123201283290908,-0.15546879036417285,0.09082445537445608,-0.17079374410067918,-0.1616278183995315,1,0
0.5413282753560572,0.029708555499543175,-0.2847143926851538,-0.06096287746220864,-0.012130927053238177,-0.19118422308829064,0,0
-0.4091549622652348,-0.3849274156995088,-0.1597093271039725,0.14482441163080606,-0.2191306792082623,-0.1847298013992628,1,1
0.558280135337813,0.028873797374673358,-0.29150750232880596,-0.05105091970288581,0.004679565839117488,-0.20167189330787616,0,1
-0.3981390965154506,-0.37311327412712353,-0.156976156858743,0.13634866008270194,-0.2194051016716143,-0.19667618288712754,1,1
0.551204654506906,0.02796710740561224,-0.28567615360278364,-0.06614432223486527,-0.0020649330102282377,-0.21569615683522786,0,1
-0.38392739297572365,-0.3527852872880462,-0.14970703857883816,0.12830713956484638,-0.23556976058279092,-0.19594188512666796,1,1
0.5406091918265933,0.0281865395864442,-0.30189511100744887,-0.09108005955798497,-0.01773637671394803,-0.23167853720764298,0,1
-0.35746632419983787,-0.3225436086093405,-0.13698541077394563,0.1168904061844849,-0.26390268765763836,-0.1920352978912206,1,1
0.539104149185276,0.027653536107191713,-0.2988996972617647,-0.0956623603362467,-0.016667558392273532,-0.23828693237703472,0,1
0.5314990983921573,0.028599576936353097,-0.30719396401828997,-0.10489977045522934,-0.024991946036787095,-0.25508490366880565,0,1
-0.34029670883861113,-0.305639117577478,-0.12848448623782346,0.11229008885036162,-0.27188743691653083,-0.1940532840451774,1,1
0.5450016762463404,0.028957372686013526,-0.3019587472177938,-0.08462300017717513,-0.007718484111694796,-0.24645871971874733,0,1
-0.353766727812584,-0.31864754776372023,-0.13368970944283065,0.12011604433288253,-0.2666764628981083,-0.19335919041653343,1,1
-0.35719872244917233,-0.324851678091626,-0.13261298206413957,0.12788539221576387,-0.26846429896590057,-0.18897796466497077,1,1
0.5438253484399014,0.02905002765913468,-0.30006813923648595,-0.07819433044778298,-0.010622751096990037,-0.23501247357430732,0,1
-0.37295725429782806,-0.3469695671266,-0.14162094780727807,0.13776761572145052,-0.25782468728928476,-0.19457405602897027,1,1
0.551544624448561,0.028868975116946513,-0.2972612986444376,-0.06451863914357547,-0.0011933623164886622,-0.23371372469829815,0,1
-0.38921752073176674,-0.3675187676965358,-0.1456342741900261,0.14937133871052855,-0.24548330528115686,-0.1849170882784325,1,1
0.550126412560412,0.02973746164611918,-0.30236621088633414,-0.059039172522361065,-0.005042264714103479,-0.2141444949518212,0,1
-0.41195876885183924,-0.3983260467428283,-0.15269534422463626,0.15858188198781747,-0.20592562474765333,-0.18508481756627929,1,1
0.5454018548275094,0.029877030138543762,-0.3106364898354313,-0.06635725332309693,-0.012155920816564839,-0.21856559705452003,0,1
-0.40695240489283285,-0.3947830326922171,-0.15274705477544073,0.15270942246193292,-0.20372071197144676,-0.19226047964190143,1,1
0.5461088268149011,0.029467259013215813,-0.3015423296908397,-0.0658656621041436,-0.009973752938352707,-0.22682733444367068,0,1
-0.41633549138527576,-0.4033388773104906,-0.1579896573236614,0.15137290334233128,-0.19104908301032686,-0.1889561780540073,1,1
0.5502211234798035,0.029628515464027828,-0.30431283217856103,-0.06476105610523077,-0.006807338081586486,-0.2225248594615593,0,1
-0.1522916721566832,0.49256669127800917,0.1453958091078752,-0.09756061270350157,-0.20813639242295687,-0.19655081202004107,1,0
0.2336716456773476,-0.022672903284200692,-0.26436646121055957,-0.3618956986157161,-0.3531261370894476,-0.283636508178392,0,0
-0.16165760204654284,0.518430452762059,0.14384115357063065,-0.09958427751593192,-0.18676121861227163,-0.1935632958394825,1,0
0.256907009451986,-0.024954927491275324,-0.27738361495988684,-0.3729234828879862,-0.33276598351339365,-0.27226078207027554,0,0
-0.16586506928295286,0.5167510385292821,0.14716366701580635,-0.1025008146237607,-0.18899319905563886,-0.19556272887644766,1,0
0.2514138307343905,-0.022263624698337283,-0.2692269377329049,-0.36582086769521266,-0.3413021963611657,-0.2654602109182447,0,0
-0.1753316581614774,0.5448780004292126,0.14748332313313578,-0.09909800430801358,-0.16926897871566265,-0.181043522555715,1,0
0.25305275839045166,-0.024030831261792413,-0.29360065676302455,-0.38303342726623285,-0.35857920121132897,-0.26890705536573795,0,0
-0.17538417047879315,0.5516433470398047,0.14506709555415587,-0.09835724327369073,-0.16252323934318524,-0.1845321036937904,1,0
0.22439832573428714,-0.022878242193738813,-0.27686085274792,-0.37502846876114565,-0.3817684993522572,-0.2611975643291902,0,0
-0.15446557897969584,0.5149596994344674,0.1475226298776502,-0.08658453220456797,-0.18527039500387846,-0.19731717132977422,1,0
0.23226281789571634,-0.02166522149956894,-0.2589853991415008,-0.3603010942289457,-0.35419397042991535,-0.27050799859803026,0,0
-0.14160270846442752,0.5091406837637145,0.14887739591023896,-0.06941844147946967,-0.18940512089354525,-0.1888612946192224,1,0
0.21685249907157275,-0.02053841285621635,-0.2530501720344378,-0.3594470885379669,-0.3700382340264239,-0.26207502259571835,0,0
-0.13296671213637823,0.49650324313937033,0.14828589404309914,-0.06671374823197514,-0.20737817467203187,-0.19259412142311524,1,0
0.204464955275516,-0.0194677515117079,-0.2441565363345938,-0.35353457072626826,-0.38226138372925506,-0.2568797827621268,0,0
-0.12434856121764742,0.49353248196221156,0.14919098965431338,-0.05269038311762853,-0.21639880772430128,-0.182862911314911,1,0
0.2208434094222886,-0.02174011440699455,-0.27043723909068645,-0.3683371556125509,-0.3815851687760815,-0.2734879355443106,0,0
-0.12530734891659406,0.4985542720558798,0.14815630962487386,-0.05355063557381342,-0.22171441380001014,-0.17637132413433163,1,0
0.21832901904567267,-0.024066262273129833,-0.27785394350044057,-0.37672901327091096,-0.387501688288264,-0.2665699860339987,0,0
-0.12167792701605781,0.49101633447015586,0.14764029806510567,-0.05133375777059098,-0.22343651879716322,-0.17826581170680927,1,0
0.2437218371773851,-0.025816188947106907,-0.2871488497390722,-0.3817190630111782,-0.3546170375751634,-0.2729941847331149,0,0
-0.12970932419927492,0.49651990052518236,0.14864595434863087,-0.06215522173938896,-0.22679987582928998,-0.17750122289758344,1,0
0.22500996378407037,-0.024939679420429794,-0.2790768989570379,-0.3784521579314038,-0.3782648606479481,-0.264148638337751,0,0
-0.1679432412068986,0.5197927969373808,0.1707535614427091,-0.05735416274230636,-0.16905647642059216,-0.15926678640166286,1,1
0.23059994420930072,-0.025492647607656915,-0.2838518249766513,-0.3818217182969713,-0.3733401992535932,-0.2654003789064677,0,1
-0.19357107512442787,0.5088340359003135,0.1585731167446742,-0.12520560338285636,-0.22110641003598713,-0.2153000783739383,1,1
0.24358199286003096,-0.025160233916624388,-0.28707922478515996,-0.38078563574499646,-0.35638104462541204,-0.27127944793939174,0,1
-0.18199430148957382,0.4586964526912879,0.15477403754185481,-0.1282655322542413,-0.2502564312097285,-0.21266655654650574,1,1
0.23533592125002953,-0.024476713639341657,-0.27908194350062077,-0.37708826960735486,-0.3621907900248516,-0.26807237246781224,0,1
-0.161961481167543,0.39689700516867465,0.1534335783494968,-0.11825656513832498,-0.2769166456176792,-0.2019079425621081,1,1
0.22711609588143827,-0.0232319561138805,-0.2734277694020696,-0.37062946063349994,-0.3727499823677272,-0.2798665207431746,0,1
-0.18764752743464588,0.4486541181282894,0.1557407700546368,-0.13040702475180357,-0.25631742825819726,-0.1948127939795081,1,1
0.2364223341598469,-0.02642722563229923,-0.30068675453650795,-0.3886618991249247,-0.3787861836367937,-0.26264379760496603,0,1
-0.17694344572354734,0.41802010226755404,0.15461958923064353,-0.12443244552031188,-0.26899819032686884,-0.18614174633621877,1,1
0.2635947006500407,-0.02934613375191177,-0.3164793478809376,-0.39978128030152565,-0.35441605116729913,-0.2557887055424879,0,1
-0.13936467411960374,0.33417252244600765,0.14878077641081067,-0.10275380911582203,-0.2965677503830988,-0.18206044535058222,1,1
0.2369035738371102,-0.024614440676786375,-0.2831577100046981,-0.37757789370839606,-0.36475353120638127,-0.27872617353528484,0,1
-0.16598216586003595,0.41394462466753035,0.16484311886963113,-0.10932281058831517,-0.2683716515453477,-0.1811765230114782,1,1
0.2507334532185117,-0.0273243776982582,-0.3001035197823841,-0.3895037041809615,-0.3548000341262951,-0.2698056467395969,0,1
-0.1649053906603807,0.4067218750003448,0.15191159605226903,-0.11901795998324165,-0.2763027385532556,-0.1941818617946994,1,1
0.21837076816646422,-0.02471185123334075,-0.2843050398772723,-0.3766458079775913,-0.38983575609396776,-0.26511431960502957,0,1
-0.1777498862868975,0.4558694297913252,0.15711082158803719,-0.12329805323270421,-0.25895080121038905,-0.20191254414223583,1,1
0.21487809197042362,-0.02468446517992778,-0.28148153739815757,-0.37719098805038526,-0.3965009810216837,-0.26343901031155326,0,1
-0.16830844694041155,0.43511732440621104,0.15861331562181494,-0.11747300478350534,-0.27030865015791444,-0.19798042456372733,1,1
0.22117799675000738,-0.02536159191452026,-0.28480293208933494,-0.38113697758033055,-0.39172492554255717,-0.26205854960545477,0,1
-0.1506638686081865,0.38751060034869467,0.15563908695111348,-0.10795730547323962,-0.28708255419615347,-0.19126196329064593,1,1
0.24461840346805522,-0.026676227333780486,-0.2961128902700949,-0.3888049344546241,-0.36715691556779956,-0.26461970144411034,0,1
-0.37378048536476005,-0.4454686770827029,-0.1497767739477039,0.04695114160970232,-0.04229784309562003,-0.1385788623359493,1,0
0.22783579351271685,-0.00042963777331004406,-0.30415300035998394,-0.3163891317142731,-0.3949591026818877,-0.28555881511385134,0,0
-0.4004846247448787,-0.4334772878041983,-0.16810263217082513,0.0758320882795411,-0.09157316414003115,-0.14053627350994927,1,0
0.2563860742481911,0.0005395876015044004,-0.3333608152080396,-0.3168985947035684,-0.3707974777194399,-0.2786673092019739,0,0
-0.3937149850595225,-0.4089594401580351,-0.17726199004170098,0.08115987490116412,-0.12438496171488567,-0.18127123141960835,1,0
0.2605398225478643,0.0015614816164810108,-0.33404508337367533,-0.31614144444187253,-0.36717366071350516,-0.29625944485537026,0,0
-0.40784071688907053,-0.4111399663567138,-0.17895898378640282,0.09219003175137064,-0.11993652136638656,-0.17469954706141105,1,0
0.30409849245383636,0.002647372968707731,-0.3664772312478384,-0.31473988032493216,-0.3306268079858963,-0.29868694881185937,0,0
-0.39153357687804063,-0.38324343287894197,-0.1796832431630289,0.08786504996879858,-0.15944519913189137,-0.1866968805714047,1,0
0.30165663419810196,0.0021629403747771233,-0.3641408038871701,-0.31372747535908957,-0.33204074097581165,-0.30013345156429216,0,0
-0.3720231789711174,-0.3620404645725283,-0.17544521534527954,0.08012263601883335,-0.16951792199385673,-0.20292835103641568,1,0
0.293595285420452,0.0032371831742727644,-0.3590745343734599,-0.31857272975660594,-0.3400734626840854,-0.30998475988189317,0,0
-0.39137670097114147,-0.3755990157502228,-0.18147079674861225,0.08388820850938059,-0.15544474141096828,-0.191192872763416,1,0
0.2920175701921077,0.0025659906869913134,-0.35990817545144815,-0.3198048505016548,-0.3431532793226536,-0.2968216714450185,0,0
-0.39441371864938096,-0.37610440579342697,-0.18278292645303923,0.08616176216165353,-0.14923310221403732,-0.1865262410083747,1,0
0.2974129233490013,0.0022893831344194667,-0.36080235971592745,-0.31016106490503087,-0.3326392551969477,-0.29748090760323387,0,0
-0.3897551305418346,-0.3670362993157778,-0.18251001883582157,0.08539946666628498,-0.1688336316486716,-0.18491841689894462,1,0
0.2971358603020009,0.0030459937211574015,-0.3598967124976495,-0.305686203792916,-0.33113352564746934,-0.29770130707149894,0,0
-0.39726526272479007,-0.37127817097748006,-0.18317408093300355,0.08754852752513871,-0.16517064396640427,-0.1777771580631757,1,0
0.2615987818862044,0.0017052282563275896,-0.33323970029599453,-0.30289195732666774,-0.3600826949945092,-0.2841047365623025,0,0
-0.4099939053587874,-0.38733044210114653,-0.18433513779372587,0.09107982517074252,-0.13009932808482175,-0.17540924763423907,1,0
0.27099782741554973,0.0025458539970397973,-0.341717840528309,-0.3041607795656218,-0.3514426983784327,-0.2885556618324097,0,0
-0.4157535166023384,-0.39518267996112066,-0.18419183341093956,0.09709167756280944,-0.1278005037175992,-0.17298592537303747,1,0
0.25733125863991946,0.0025649699930348187,-0.32806205575919506,-0.29671534539477507,-0.3591244424044008,-0.28698414157853325,0,0
-0.3912291941959051,-0.3621047149020543,-0.14369279763829487,0.15399243128957305,-0.2412383307797718,-0.19390573456380955,1,1
0.3050246962184652,0.0023254879285095234,-0.3633504529235566,-0.3088798510674657,-0.325528645868738,-0.3179921717571252,0,1
-0.39002023461514096,-0.35504755615922484,-0.1414753909438611,0.15232801010993288,-0.25446738062148155,-0.18705712179298084,1,1
0.2968446022071968,0.0004944506772707292,-0.3572146220629195,-0.30944503276924884,-0.32938516926581335,-0.3172924960204144,0,1
-0.3651309454992684,-0.3272278591878624,-0.12980539747704045,0.14565711421895663,-0.2806539204106882,-0.18303927346128548,1,1
0.24603621532587044,-0.0009440324332010243,-0.3168676201584838,-0.3033105038641292,-0.37036842684659016,-0.29572380692144334,0,1
-0.3767139704715482,-0.3380840544675014,-0.13274985364576625,0.15001849458020503,-0.26068920806157914,-0.18687519837965788,1,1
0.26187300039597783,-9.151320765290369e-05,-0.3324600766635157,-0.31100843593023286,-0.3610928328734318,-0.30489023383899966,0,1
-0.3683932183385204,-0.32817486088518105,-0.12614595781040314,0.14964926501414666,-0.2774801100826473,-0.17783272382296247,1,1
0.22111649488543716,-0.0009061777775047843,-0.2916141491453939,-0.2934850441714359,-0.3839065487323709,-0.2859911025277345,0,1
-0.3636583745005272,-0.33093998546633324,-0.12803147190716896,0.15102603870408712,-0.2766368322162414,-0.18926606867188162,1,1
0.22813402423256215,0.00010903158110916984,-0.2970912299763951,-0.2917799187933484,-0.37773872285806553,-0.29513465539615974,0,1
-0.38566290726952446,-0.35618402596842136,-0.1338590010882857,0.16279583054148128,-0.25401572376894915,-0.18449848721507775,1,1
0.2206407108774567,-4.8148654245118375e-05,-0.28912895576942765,-0.28587881923519665,-0.3807467230408058,-0.2861220511793434,0,1
-0.388258706888896,-0.36785781698747627,-0.13260401522114887,0.16344995351631827,-0.2320701474022181,-0.18938758824564375,1,1
0.3137296069528083,0.0027244178943496814,-0.3664175641269804,-0.3028186268364971,-0.31345031192354694,-0.32192045084685245,0,1
-0.3759215308821438,-0.36123453109233544,-0.12949520593767536,0.16232734645434593,-0.2556959115469867,-0.1843458045492401,1,1
0.2962286332848497,0.0036514747502219866,-0.3595366293577507,-0.30567996594656877,-0.332498054627278,-0.3042891575653271,0,1
-0.3872178283830934,-0.38041662646069174,-0.13565275901349477,0.16515085762633552,-0.24006937299922518,-0.18793845345112528,1,1
0.3066322731732899,0.0015885834941279265,-0.3667111382319394,-0.3131957743995819,-0.3293181606385877,-0.29746222269323946,0,1
-0.384841889416858,-0.385022529530928,-0.13486260863091462,0.16186677690452184,-0.22918154424375597,-0.1938118516981949,1,1
0.25658562783375544,-0.00023969983803249904,-0.32792469888203835,-0.31096470269518023,-0.36648116042624107,-0.30375586662413495,0,1
-0.3921519394737313,-0.3939917739937152,-0.1371333100090956,0.1658398588629723,-0.23033884050048803,-0.18557053892685313,1,1
0.28780510236900175,0.00045789610648872664,-0.3540998834106969,-0.3118986924221847,-0.340838472421177,-0.30555989186227417,0,1
0.31222049544107566,-0.037962111131740695,-0.2578684170706404,-0.35559237487059764,-0.23933403657785202,-0.07827510296511209,0,0
0.08255164442778795,0.21447090449203107,0.10183762059060066,0.20703174554237255,-0.21708315165563274,0.01711313919409539,1,0
0.29137827699784846,-0.0351963958326195,-0.27635077297205296,-0.375790617286521,-0.27808872100082194,-0.1005217457498971,0,0
0.02603294964372885,0.38820583739702097,0.08396119466856812,0.1355476451439529,-0.16113362897692535,-0.031193209920856557,1,0
0.3090739089552191,-0.03610812206872866,-0.258133682754388,-0.3527796492109939,-0.24525605584466,-0.07555936164718331,0,0
-0.07458236707746194,0.5294116101105444,0.07836688646195929,-0.0002595241867727786,-0.13737319758996042,-0.10484845858804286,1,0
-0.12258097621794296,0.5611993101447518,0.09539608213479456,-0.04501170520896745,-0.12257774040810934,-0.11971731457164121,1,0
0.29382627911475956,-0.0349907333117422,-0.2660266409145548,-0.36613629191154495,-0.27050702793967063,-0.08542444010182683,0,0
0.29192075714180127,-0.029341865098314268,-0.22919440882469513,-0.3384776465196225,-0.24583938786260345,-0.16029541121097055,0,0
-0.13364443764693107,0.5335934688370217,0.11076996211987955,-0.07021285957368978,-0.13187208984814655,-0.16834366716652646,1,0
0.30319740900811065,-0.03239201443066038,-0.2612060583688286,-0.3616050169849216,-0.25386267942880447,-0.12611504151819017,0,0
-0.18399991331807333,0.5862595382963581,0.09955067632029597,-0.12074015087825853,-0.11323982239098486,-0.17355362579785727,1,0
-0.1884994931356238,0.5831458075812979,0.10439952802746151,-0.11634544629010585,-0.10072266020035604,-0.1629393910372718,1,0
0.30787124632087304,-0.03282772669732327,-0.2526404249285472,-0.35217850721162136,-0.24448460701979854,-0.12057809216515668,0,0
-0.19568505891870436,0.5932411652991255,0.10325886589766477,-0.12314336004365554,-0.10331754844248962,-0.17049488712948152,1,0
0.3320747986528696,-0.035426765039332495,-0.2347192016350755,-0.328375322632559,-0.20297147568316284,-0.11188835687384457,0,0
-0.17834952012298758,0.5887472674321014,0.11268585988907241,-0.09434683612950225,-0.10163664339579385,-0.15574543112380937,1,0
0.31752054724613576,-0.034345851115984254,-0.2436928271731837,-0.3414985709889144,-0.22609395476108413,-0.10934031848203371,0,0
-0.16221781606960686,0.5711163356161902,0.12560874321937707,-0.0845045678005536,-0.1422537650961736,-0.16939769423484385,1,0
0.2888647461949437,-0.030901561737584436,-0.24782000873391166,-0.3574699737486544,-0.26541637165032683,-0.12423501536415449,0,0
-0.14614667069891527,0.5621858697515716,0.12609576813457435,-0.06164494352755794,-0.15614864921709334,-0.14805487384074129,1,0
0.2992893693013081,-0.03444471377252088,-0.28506375648255616,-0.3797396777475217,-0.2750663451167114,-0.12145583632484477,0,0
-0.12918725814326107,0.5336147023854246,0.1283262146938844,-0.04480209326289206,-0.17831327388312831,-0.13475639430027772,1,0
0.304492046038349,-0.036073161370780225,-0.2832396862159423,-0.37552983187109257,-0.26602844223962857,-0.10886165522014599,0,0
-0.20627114527095103,0.541741206158609,0.1588353339988441,-0.11343688900191162,-0.1909353695260214,-0.17073639779392422,1,1
0.3101436713675795,-0.0375374033573588,-0.24039946682946076,-0.34689819805280014,-0.23707386888024015,-0.08068436868582428,0,1
-0.201288752484834,0.5667668667996555,0.15630788049442867,-0.10087092466388829,-0.15771296789328007,-0.1843240773882148,1,1
0.2931643792955412,-0.03398095739678277,-0.22298530959212484,-0.34373891411861085,-0.24559864710979412,-0.10452481657776547,0,1
-0.21650876158492016,0.5735332555608946,0.14882894504292163,-0.11713248765825109,-0.15333542173562595,-0.18864114030105444,1,1
0.3017861730042353,-0.034934205227600365,-0.23935609423421794,-0.3515052356067342,-0.24440733208528012,-0.10268214302095369,0,1
-0.22582456614373608,0.6034744506356208,0.15628976135475664,-0.10891776168622229,-0.12161618320949491,-0.17354925469425858,1,1
0.30773988527250484,-0.03636483350571849,-0.2371562300926705,-0.3484277413110611,-0.2361092037146841,-0.08938060043580365,0,1
0.3053324577051087,-0.03663263048101236,-0.2500997022603111,-0.3582740451634763,-0.24721442758286657,-0.08766489816570297,0,1
-0.24259574022453048,0.6064515748238394,0.14967884898482922,-0.12970239019750915,-0.12410021856497118,-0.1781214841411955,1,1
0.30603172975270737,-0.03555065388344606,-0.22155119111635316,-0.33806568130877657,-0.22879920130876108,-0.09226860606708695,0,1
-0.2391523197549224,0.593527719808413,0.15147580229025126,-0.13076991945697633,-0.12777382677282054,-0.18521495519368986,1,1
0.2931553023687243,-0.03517314560514366,-0.26397074251894365,-0.3671367095686047,-0.2697439493884284,-0.08480927325650899,0,1
-0.2542833270033677,0.5765255764230462,0.1391679612726406,-0.15117261973880547,-0.14202861156328994,-0.17767616792569693,1,1
0.2963383902730027,-0.03560181779470788,-0.2606897329130609,-0.36807534801608865,-0.26563994879418296,-0.09838961348194755,0,1
-0.24623738491868388,0.5388849042351765,0.12733536461416073,-0.1648282556799421,-0.16836423969673106,-0.19617112034089654,1,1
0.31011834800166443,-0.036799739370088236,-0.2514424819610164,-0.3578189223217322,-0.24153844990086923,-0.09001540384805093,0,1
-0.24439680262073757,0.535169080468694,0.13078163712471563,-0.16431246817578293,-0.1759147900535532,-0.19258710008544958,1,1
0.3127094178762813,-0.037493873862149585,-0.256584036807683,-0.35513457702835904,-0.24037518220114554,-0.07940424857387121,0,1
-0.24676542622055544,0.5651592923382035,0.13399849375637876,-0.15462339889240295,-0.15655323810109423,-0.1836061363285823,1,1
-0.2278632778559124,0.5279934771541304,0.1384229335461532,-0.1544059745104815,-0.19678278097254026,-0.19398854435160837,1,1
0.308568292859715,-0.037230812195175884,-0.22331636603944374,-0.3360842053401203,-0.22898726380263998,-0.06017629530762673,0,1
0.311739133519643,-0.037729998337040084,-0.24478818422919052,-0.34894702569277,-0.23735183563942072,-0.06950490145914442,0,1
-0.22188597764787985,0.5418733561659597,0.14723505798557573,-0.14132778201325388,-0.19564691211193738,-0.18578320541563711,1,1
0.5710277833970673,0.15794819743953595,-0.25659580857600445,0.35797114357705645,-0.02001501931919696,-0.047473615381828,0,0
-0.46183844329240764,-0.38329983911896154,-0.13646744649999304,0.08301093459457053,0.18372824801364213,0.020863256261400124,1,0
0.5531487344162057,0.1560740284563605,-0.2655221567366072,0.35104090362094603,-0.032190398594967654,-0.040412559161394475,0,0
-0.4869021798056109,-0.3512266917916069,-0.14626026700794464,0.10364123852874017,0.10114391808588725,0.02333777999596189,1,0
0.571591435871913,0.16122256487296027,-0.2910616783826526,0.3228582762819183,-0.02657965944074254,-0.06352077473014177,0,0
-0.5088073697556091,-0.34903727181413435,-0.15237974749084207,0.10048691600615932,0.1181197455355039,-0.0027178901799713405,1,0
0.5639911869199057,0.15930010558520022,-0.277782552755363,0.34128643746979204,-0.02957926212989288,-0.04885917101817423,0,0
-0.5045419252827326,-0.33688249543626464,-0.13889605975727876,0.11542324159918782,0.1379126489854852,0.0038349252971999273,1,0
0.5785559355003342,0.15848058482198293,-0.2598832902001888,0.35650839296357406,-0.012760552776258876,-0.058177505501586374,0,0
-0.516813544237845,-0.33754728967738834,-0.14409755904411073,0.10346658021583989,0.15289145530841872,-0.0016935406547701792,1,0
0.5824584172134484,0.16033019758930697,-0.25901229104723483,0.35363419253233724,-0.011766439045527537,-0.0686552778154351,0,0
-0.5205619697587677,-0.326442739119284,-0.14945420952488297,0.09417455489295223,0.15566212110247113,-0.02040642395358293,1,0
0.5722187926543101,0.16094047065089215,-0.27402708271115334,0.34949847244197163,-0.021574769645520176,-0.06548903073454186,0,0
-0.5069981315141844,-0.3302318774755741,-0.14746334862359028,0.10456150122050688,0.18144500836073585,-0.014021029199185938,1,0
0.5746893961558055,0.15915098494890864,-0.2623488214753435,0.3600407091186099,-0.011506062830218837,-0.07025094951472363,0,0
-0.5125982719744216,-0.32177841937613066,-0.17018521716294305,0.08436234382114956,0.14214471464203915,-0.025486277015245248,1,0
0.5723683425278201,0.16426365477924376,-0.27995160717741563,0.3420099431283356,-0.02627150488983397,-0.062298216387120554,0,0
-0.4907045427334546,-0.32008292371933783,-0.14355115396326346,0.08578816567377377,0.19478182874719224,-0.0060264327766278505,1,0
0.5723055417298711,0.16082878677467513,-0.2374453126334628,0.3863171886089568,-0.018209088488540612,-0.03285202492308677,0,0
-0.48180108057686405,-0.32065414665144054,-0.1330021032076534,0.08519681963600705,0.20758434618708105,0.0188539553124006,1,0
0.5762456201902447,0.16879234287639322,-0.2939371581769399,0.32572385423410954,-0.027438706013338088,-0.06663596988438812,0,0
-0.5033234119219506,-0.32606797346150757,-0.1661014077202501,0.06585578330489907,0.17048672908690085,-0.007806008786501237,1,0
0.5773007339427538,0.15815457080658393,-0.20564150308177956,0.40806744992970284,-0.007318441985366129,-0.03867375346562647,0,0
-0.5014454883980831,-0.32294563497517614,-0.16851871970786636,0.06234265213254662,0.15811531655568414,-0.0067440201772085775,1,0
0.5609074404936868,0.15734867700708202,-0.213740375476692,0.4030450344745753,-0.025542631890210835,-0.02103221470743145,0,1
-0.4608537389260756,-0.2722227536749746,-0.03005266880004558,0.1859971093701573,0.26658738440555035,0.011044985545784163,1,1
0.5600914063188932,0.1606614814663574,-0.2496049992255291,0.37298158974351014,-0.03145400513649278,-0.038148218670964226,0,1
-0.3631840426561988,-0.24674675322147127,0.048561391264052546,0.18996701110422287,0.27914375277938785,0.010157961143489094,1,1
0.5367057612931541,0.15920784549989342,-0.27999256220882457,0.33513253508088425,-0.0502318494148398,-0.04843529540113939,0,1
-0.4399775566634751,-0.2766053165394694,-0.02661382448878541,0.19787513326965356,0.2623360048047374,0.009603725801462728,1,1
0.5773402826475985,0.16382035804651282,-0.26108314202067345,0.3589385902966859,-0.016462415728047734,-0.07487073487731502,0,1
-0.49683167046523646,-0.2923894831553942,-0.05959563958598438,0.17532907680179555,0.2891564405084341,-0.02452926126438234,1,1
0.5667478685422581,0.16082357362575808,-0.2599298849491949,0.3642132403000415,-0.022181921646603847,-0.054369308374419084,0,1
-0.49800406235411115,-0.2931137259039576,-0.06622905591182857,0.18372038463940682,0.27398407134667063,-0.006231360587871884,1,1
0.5669056060771743,0.16009877207902906,-0.25299454005351635,0.3700895831292958,-0.020525106439146654,-0.050366065936360775,0,1
-0.5348130369494268,-0.2992360104736389,-0.10564133879953617,0.17378810998323918,0.23275737516674935,-0.014090696377753719,1,1
0.5638531009716974,0.15609211312512117,-0.23667795786944448,0.38225977380620935,-0.018340834913205654,-0.053479700821383765,0,1
-0.5421537511484101,-0.29862918229502156,-0.12118920816414883,0.16657273729401723,0.2125373940875834,-0.022172167504198426,1,1
0.5597399025029784,0.1585908573184934,-0.26034303806119236,0.3617684409835967,-0.023818590710292808,-0.06558261650369514,0,1
-0.538057564976049,-0.30098104942859155,-0.12495730773721762,0.1659427285863163,0.2149200334059956,-0.02667555617410169,1,1
0.5601121161774144,0.15812854074335606,-0.25942634465470715,0.3630150696179811,-0.024828482001749225,-0.059371142429615956,0,1
-0.513092955570303,-0.29785177975130017,-0.09344078830140487,0.17358698372520337,0.25787289459163926,-0.008802086716726377,1,1
0.5518093565350269,0.1572448377299102,-0.24147898687353184,0.3816428135723336,-0.026567111984774374,-0.04506007529443594,0,1
-0.498747382351274,-0.29557131361211303,-0.08451776160287269,0.17715175789581228,0.25815178910863695,-0.001802415224019201,1,1
0.5756383634718665,0.16148111857570419,-0.2488248819594758,0.3716861462121687,-0.014957874826282254,-0.0648498287965253,0,1
-0.5345542817106431,-0.30972959273752215,-0.11789192521478122,0.15704447990502238,0.25146872250535574,-0.03761569499515788,1,1
0.5604301577708481,0.15871674116990508,-0.2555367165990549,0.3657233705727879,-0.02596129557816508,-0.05782948866520595,0,1
-0.520560638609572,-0.3070971358002908,-0.10735698781344855,0.16723314250659094,0.2443762525364513,-0.01660492368934642,1,1
0.3907485073741842,-0.2570797093259809,0.5273424545262071,-0.14704220459085426,0.022277149004060755,-0.10122732013840233,0,0
0.16291008808297505,0.15328427675565354,0.003925451503215536,0.039070570339981424,0.18510652353699789,0.1639830414067844,1,0
0.39668694232490026,-0.26859195764916993,0.4575684088963119,-0.19515539425468117,0.04607741531904691,-0.08265828679957027,0,0
0.09557077379769155,0.18665884410146527,-0.09244920725452008,-0.04970831073608039,0.23388598637884955,0.12512354494473923,1,0
0.38968101228772506,-0.2547372717447125,0.5240030565695009,-0.14287785341756984,0.02314586767172222,-0.1068237549381508,0,0
0.0007813967373054847,0.2115590474024521,-0.12520548684841754,-0.10691052596950879,0.2221645296616515,0.116410113288974,1,0
0.3914312614761058,-0.25355238241438777,0.48994516909006114,-0.15623913748525792,0.03579127202958134,-0.11964535515138579,0,0
-0.08767107234213385,0.22327339888530487,-0.150696147662697,-0.16168169638335608,0.2024876341603368,0.07366697348900585,1,0
0.388941537370173,-0.25110453610550915,0.5166791356690951,-0.136162723229377,0.02452587610926778,-0.11434809620829552,0,0
-0.17256929264469645,0.24249557630264984,-0.14464178603661146,-0.17068958026747325,0.18997914144450667,0.0843292366764793,1,0
0.3926785010786987,-0.2565381970211174,0.48342677911451554,-0.16129843950210554,0.034756704975341016,-0.10272616503419432,0,0
-0.2570009805251085,0.24629364581622343,-0.15710773644283926,-0.20628947685911359,0.12369053025452602,0.03463403417295576,1,0
0.3876817549652418,-0.24921753726425142,0.5070369520670328,-0.1381711780751747,0.02157519585558638,-0.11019081906297905,0,0
-0.3210281006958176,0.2652739427264813,-0.1086813790181166,-0.20155284787272507,0.06373901727247644,0.05333004275439643,1,0
0.3905343918361296,-0.2577336551305337,0.4910083483702095,-0.16261930758571944,0.026857446034495764,-0.08680655481789547,0,0
-0.36190747312284033,0.26443217371364036,-0.09398097623810657,-0.19173146366033944,0.06276154488026008,0.05266846196336303,1,0
0.3867426124928327,-0.24872961921615014,0.5097876357682187,-0.13442119056297852,0.018170083412860732,-0.1016408345448695,0,0
-0.3950069997814929,0.26811930420928626,-0.08218086663121991,-0.16558318190258492,0.10607493222705797,0.07161612387162353,1,0
0.39386681115752914,-0.26388551937592847,0.47852975899018735,-0.17851148353604407,0.032982095104717016,-0.07570821479896081,0,0
-0.410459984899017,0.2805296425935509,-0.046851967164822136,-0.1278121346372403,0.19550050653205886,0.0948290406282324,1,0
0.3890292259854117,-0.26428370179428107,0.44991923811544143,-0.18596682205452203,0.025157847635413746,-0.038885746692603015,0,0
-0.42258595792002174,0.26347778509556113,-0.03413262693247212,-0.09532478911967537,0.20959555996492274,0.1354433551546353,1,0
0.3880831911733393,-0.25898998013246044,0.5147447135388473,-0.1511201480395988,0.013647177250722627,-0.06409314342669364,0,0
-0.4566632241261465,0.25586517988358987,-0.048470640709005204,-0.11615409803699113,0.13955500995516168,0.09205194592009641,1,0
0.37605282423841524,-0.2575444065481752,0.4240874648363131,-0.18172130149321725,0.01568153505734961,-0.03953710109656493,0,1
-0.4000263442227071,0.2637160170079954,0.05407889526938898,0.005711010438207848,0.23720477074275068,0.13865076700778675,1,1
0.36824299102778535,-0.24425561398718704,0.4652509280256878,-0.1403399373068138,-0.0024717882433612304,-0.05605578249537973,0,1
-0.30803047367561825,0.2226763491003393,0.09466257062433106,0.05288398002516565,0.22780291761119845,0.15577153433057445,1,1
0.3701377060278496,-0.24384179914077383,0.4940033765464106,-0.13112418293592953,-0.005673107255405452,-0.0680414728231579,0,1
-0.31595575980969054,0.22451132368259316,0.09230138649281326,0.04835369179552305,0.23857414507277994,0.15208889869992895,1,1
0.37186674129592157,-0.2420238001325679,0.5267767566887126,-0.11463509468718397,-0.0071742316097027255,-0.08895483972749366,0,1
-0.3235073344752457,0.22606606243609004,0.08640448154173906,0.04811079189967864,0.2603701405284309,0.1446684364064724,1,1
0.3542560057481776,-0.2241034207686932,0.5550700662089776,-0.07529386419117179,-0.03801459207990706,-0.11126375302432322,0,1
-0.39003315409088046,0.24219467867402977,0.04637731836824112,0.01759764021543815,0.26024617765766145,0.14014691496108178,1,1
0.3720814349673332,-0.2407798275189925,0.5311545351610111,-0.11540332208999116,-0.006752067984932189,-0.10247757690363314,0,1
-0.4129000395757369,0.26304317664149796,0.03848030085236576,-0.008876030517330718,0.26219639121836597,0.12596099100615402,1,1
0.37782275376112295,-0.2504711331264096,0.5075004006468331,-0.13887098311403404,0.005232742157743528,-0.07718607367371141,0,1
-0.4088432773604652,0.2571013198001886,0.03554056883287417,0.00010799639131324452,0.2751593898220315,0.12632002148940324,1,1
0.38016459702258765,-0.25141739930854134,0.4772559157384982,-0.15524990546376677,0.01760825057916293,-0.08649817372281049,0,1
-0.36176926081172706,0.25054497974591,0.06525762744106428,0.014314559172171858,0.2731201183952943,0.12905806196469155,1,1
0.3798197338862752,-0.25112556685065357,0.4931445393704063,-0.14924098318341864,0.01278002655467524,-0.08687261996401642,0,1
-0.35689250716091164,0.2544868068110401,0.07347528402147198,0.012598515863435918,0.26168708695410325,0.13392068304060137,1,1
0.3766050400527341,-0.2475625217191677,0.5025443562346853,-0.14095396047131808,0.00797364285313606,-0.09632702914997722,0,1
-0.38602674228328354,0.26725259753424746,0.05785349193609168,-0.0043371994965298,0.2609663432653623,0.128822219049435,1,1
0.373568520118592,-0.24738980430649313,0.4802456152326661,-0.1449016968787936,0.006154387921061403,-0.07671826573548174,0,1
-0.3854285398559343,0.2638659915736695,0.053289286705767325,0.0013202391027822755,0.25772512201887093,0.14198403469398108,1,1
0.3738281964809095,-0.2447530039533065,0.496122299307037,-0.13792791412712196,0.006178066029547804,-0.09888292856948147,0,1
-0.3990655530085188,0.2588887781120068,0.017826006579788802,-0.009844998507672125,0.276389248751136,0.09794958778053085,1,1
0.4280482945846942,0.1515660464735475,-0.3493400255980584,0.13408352116057914,-0.17714861032660303,-0.09183056956781271,1,0
-0.15833388283959993,-0.30774733758597916,-0.029250831963853245,-0.004129628510710719,0.27229135253821096,0.07696342476592513,0,0
0.4202503438218764,0.14852143252999214,-0.34040299465614177,0.14163961958581556,-0.17815881872353762,-0.09248671907378198,1,0
-0.08695826731421322,-0.27151356134817173,0.10680264134137735,0.06050054075737202,0.2651374424485915,0.05162777366106569,0,0
0.38073991323443307,0.13401765410761685,-0.3265136048436526,0.1033803528557316,-0.20989535571955267,-0.09964614518213423,0,0
-0.32532784545972915,-0.32181974141168324,-0.13455200558212774,0.039791750365863736,0.19101884904174457,0.08796651056592705,1,0
0.35969499959010576,0.12922057404166304,-0.33663014827723026,0.04732846988106156,-0.2408083010668381,-0.12021072147905659,0,0
-0.3955827379705483,-0.31106531384744746,-0.19021687317207467,0.041203678114859775,0.06219628283994511,0.03926939731826124,1,0
0.38430111381432097,0.13585463924516805,-0.3352380554693157,0.09661182655411557,-0.21213350313005913,-0.10298771495867647,0,0
-0.4111830159667185,-0.28333168173765155,-0.1904414530920127,0.04982132522455055,-0.018569541694394762,0.012650623694265766,1,0
0.4024092411885747,0.1416113684888058,-0.34728931978240607,0.10431408850678367,-0.20140288902049938,-0.09539234497971168,0,0
-0.4451975549098832,-0.30140008897245935,-0.17592721938463515,0.06597071077768536,0.08329000741440908,0.04610684740255302,1,0
0.44662226808436106,0.15655394566773528,-0.38107610043074075,0.11051833204593615,-0.18098379638566311,-0.12791703922496594,0,0
-0.4563821478797102,-0.30905752992825625,-0.13725671623320726,0.07742319540011094,0.22866325432214749,0.04173427113436624,1,0
0.44871640991547723,0.15416786837925622,-0.3623397504744638,0.14683771451054964,-0.16762646610154647,-0.10401849644409443,0,0
-0.45668908972503897,-0.2828520942037166,-0.13320258937355836,0.08631097037333876,0.18946509507096876,0.045974145301538066,1,0
0.4376587925164994,0.15440234567073938,-0.3745583494250982,0.11211985433358172,-0.18474808034167167,-0.12853156377277886,0,0
-0.46046369161721895,-0.2793786993883709,-0.13096738991411144,0.08502814830871669,0.22881990965983467,0.032896626132794926,1,0
0.47074400391353194,0.16328554329842818,-0.38321238379825406,0.1429046677281286,-0.16074573737496006,-0.12872985940851184,0,0
-0.4613862533518054,-0.27743662767645394,-0.12320110586683165,0.08334608034550021,0.2616932578497203,0.029108278895455177,1,0
0.4024300489033762,0.1432565900959766,-0.37384806204213955,0.05552725941043594,-0.2183861738961799,-0.1525288112463908,0,0
-0.4474212080989609,-0.27099088572260954,-0.11599069590491824,0.08929845613838693,0.2562542591446941,0.0382446553221526,1,0
0.46502978038482645,0.16233115960630726,-0.39385372620375925,0.11353954036014798,-0.16924416267285122,-0.1573611265702957,0,0
-0.4585408030360045,-0.2740203750745267,-0.1305490208565337,0.07306438016089074,0.274300324589419,0.010459315628762822,1,0
0.4177037373513359,0.14791256354777446,-0.35548501791782466,0.11626026079198715,-0.19533620646914748,-0.11011170209570469,0,1
-0.40983940390253765,-0.22201485661011172,-0.02076894790339596,0.16011177093548756,0.2753297507142324,0.07316701431296142,1,1
0.4171723783268018,0.1453875590772219,-0.3525007585321241,0.12014789707044438,-0.1919541859857189,-0.10591125498014307,0,1
-0.5085702131188369,-0.2296976450166843,-0.12173866552683031,0.130661221266764,0.14040657556903924,0.049898063265378274,1,1
0.3815735712603854,0.1360964960842864,-0.3539303914914828,0.05853526192062162,-0.2283113883390913,-0.1297776392874099,0,1
-0.4696827162154602,-0.22986200648624228,-0.07358588577408001,0.16027132283489468,0.24930230955053542,0.05050322707337659,1,1
0.3719616532888322,0.1353145444059419,-0.35055958982481866,0.048580764167962524,-0.2372839783355941,-0.1390223037283652,0,1
-0.4073091477336883,-0.21868306500602366,-0.018940246322463127,0.17250405465764793,0.28436359818724677,0.04762527944374464,1,1
0.3742889783440993,0.13293733365125282,-0.3401796864989697,0.06998418153381122,-0.22712425869719527,-0.12322174219223674,0,1
-0.36014328367361775,-0.20456554844734956,0.011516532582387782,0.17932394563945747,0.2664617562025095,0.05257158811216468,1,1
0.4130123834198387,0.14576809865481696,-0.3570561250404871,0.10595093214099958,-0.19633159726228358,-0.11867249181084578,0,1
-0.3690748585782639,-0.2091943639077348,0.014986445087713077,0.17893096361273378,0.28544071997070863,0.048948380212076585,1,1
0.4289453671486685,0.1481065081327871,-0.35732655165416255,0.12911347590302236,-0.18134324707642696,-0.11252350692602565,0,1
-0.4041203903409323,-0.2231999415245722,-0.01226608704490397,0.17714960830448273,0.2795644732975925,0.050479022120410236,1,1
0.41139737275162513,0.14096305356563327,-0.35387610099183503,0.10671704538064611,-0.19226222576502655,-0.1192998792570825,0,1
-0.4201537375633265,-0.2384036459845004,-0.03051761586797699,0.1770639525753104,0.25921953154722116,0.053380511279154774,1,1
0.4261506670454453,0.14862950644700418,-0.3696778701498602,0.10080590140140037,-0.1902978433216299,-0.12465838060096385,0,1
-0.46602223786373814,-0.2616445193519608,-0.06960958969318552,0.17553911790886556,0.2669918926471852,0.020183447363222203,1,1
0.40354847222730816,0.14165811844196194,-0.35385219720516947,0.09632095267782713,-0.20138206464237488,-0.1211761796809805,0,1
-0.4491716783313792,-0.26450656584976395,-0.06016132043156539,0.17916772420702765,0.24563379826958523,0.032994304635551294,1,1
-0.469991100626967,-0.27308890114353623,-0.0756798327936752,0.17872581253858927,0.22301949691921844,0.03382749665457249,1,1
0.4015530945263029,0.14080545577319373,-0.3533898978570189,0.09448633727798902,-0.20229807980052436,-0.11975008451798323,0,1
-0.48600307332075976,-0.28181389127571527,-0.08328495926515658,0.17534685617063958,0.23422619065410966,0.02382031465323038,1,1
0.41549561278118496,0.14623356359997014,-0.3647958084138696,0.09579983753662534,-0.19742684725315282,-0.1271296290956929,0,1
0.3684668426340249,-0.22531490893033618,0.43603148092188865,-0.13926560899926585,0.02410348076206495,-0.16285002418212247,0,0
0.502885922096158,0.14167825115005211,-0.3673498224937648,0.08560605868247435,-0.09134938950980427,-0.18475375617134507,1,0
0.36475037571783325,-0.2248281430836963,0.42559435742760354,-0.1499234913240204,0.024300043128592852,-0.167472761493672,0,0
0.4871871297424787,0.13737327943258262,-0.3729182631109894,0.04326974877608347,-0.10649064778975867,-0.2015803469533807,1,0
0.3747807502150432,-0.23888667954871656,0.41116132763169616,-0.18073805270885113,0.03592339660446666,-0.1535148433990103,0,0
0.4672912989194365,0.12697413189474954,-0.3763978287798642,0.012471949213668284,-0.11247956794286613,-0.2319245990112687,1,0
0.37581030047559827,-0.2375875308823577,0.4434984340672584,-0.1643580512047074,0.032408185092353006,-0.15857224059787378,0,0
0.532035652199593,0.12080076220311303,-0.22770233615092472,0.21625325034256077,0.007989685802860608,-0.15092920730310672,1,0
0.3784101954751972,-0.2439649676392034,0.4314186220386897,-0.18245129083298173,0.03680668817578371,-0.14783437282909007,0,0
0.5313727887555386,0.10354051408994952,-0.11328160198514495,0.28147485825188095,0.03194326445372477,-0.10084588346058555,1,0
0.3741571595695114,-0.23694749020909509,0.40990893812718654,-0.18057306167966966,0.03746995256565057,-0.1593553918558465,0,0
0.5156767879770136,0.09841881685271477,-0.08038049857103474,0.2888376478983979,0.04649780358556208,-0.10185803266186182,1,0
0.3767093664792415,-0.2433567898628169,0.4162864267519323,-0.19173098706769431,0.03925360679753595,-0.150666060193953,0,0
0.4822764972400416,0.08361826175183254,-0.005279106642711586,0.29495014325008784,0.04332427880685163,-0.08725844459258508,1,0
0.37174724394892944,-0.24403776289967635,0.35668634551963363,-0.2247275178986177,0.039968058588324196,-0.1443977728165304,0,0
0.5008696944009698,0.13766323593089289,-0.2396965483732333,0.09240879677692539,0.06213552945973211,-0.0878628794455227,1,0
0.37225126603389735,-0.23545849837056113,0.45446227513225523,-0.1598665965544366,0.028802738198587512,-0.16383446438079288,0,0
0.4510698574495043,0.08623037797285961,0.041337772845294184,0.27757463228729234,0.07323760442884608,-0.04030472330646447,1,0
0.372223815573696,-0.23263492495253293,0.44325512288711605,-0.15382624152870056,0.03155720361942734,-0.16793618858747364,0,0
0.35046530246766894,0.19673296901191106,-0.2737190114796596,-0.05370472803792742,0.029874597725258002,-0.015461354844062993,1,0
0.355191045324573,-0.22237417433244439,0.4413584921050487,-0.15012974680213242,0.017728642505818702,-0.1771690508053199,0,0
0.2791381441962889,0.19745952603704306,-0.14406048537623042,-0.017327888663159957,0.036400321182815214,0.03366851722449663,1,0
0.3639479134667513,-0.24144758673068942,0.3723918507074993,-0.21663170618178867,0.03164062382216403,-0.14815814051094733,0,0
0.2412075695116355,0.20866176940359293,-0.07400165126785216,0.03566589681215296,0.07070313570802061,0.045420169105413126,1,0
0.38475396357383806,-0.261535241867328,0.43149349074231186,-0.19878542167319083,0.027180673557428998,-0.07342065700628062,0,1
-0.30945730623011863,0.37503984070735774,0.06257415710576515,-0.06780625626084605,0.1784273758287616,0.13863725635385457,1,1
0.3869613859438967,-0.2621816962509145,0.43083126217812256,-0.2036311589748589,0.03270651166011457,-0.08520897146057688,0,1
-0.33029416548278256,0.3857093690277692,0.047767404223817984,-0.08415128285533563,0.1963733690159556,0.11184998156779488,1,1
0.385297820251877,-0.2590926272446463,0.42302014153668294,-0.19599230491369987,0.029977707700568557,-0.07968576135289464,0,1
-0.3733514153998805,0.37987575308556215,-0.0027979001951594054,-0.10131131371950898,0.217689254654479,0.08782417244093411,1,1
0.3840843337507809,-0.2584869047180356,0.42526724290374424,-0.1957201739357307,0.029260215017983007,-0.08433345404112165,0,1
-0.3851494282364866,0.38685972469196156,0.0063428511081847355,-0.0932609691013719,0.22511825226825077,0.07741273963988343,1,1
0.3850117611068898,-0.2583270009186306,0.44461790413299157,-0.1862490602675907,0.026114615448231925,-0.08149078791772212,0,1
-0.2614045573893094,0.3183388539877127,0.1101592560015571,0.02173705169212845,0.20861373591913987,0.1391637260612348,1,1
0.3764802743033337,-0.24059877060269547,0.4913119766277856,-0.13543774182817028,0.010508063535769429,-0.12004855721496031,0,1
-0.3754800001676542,0.389173377954545,0.05578034029348776,-0.050350006051354985,0.2223755601135804,0.11595689967663726,1,1
0.3871070858411697,-0.2548598723282848,0.45501196489878215,-0.17330444832495454,0.03093935741834192,-0.1043492701078933,0,1
-0.3090442045763695,0.3506995995504478,0.09743146018115667,0.003753145385379485,0.2288200316014263,0.10835747228530042,1,1
0.3844217103593651,-0.26204777776751004,0.39041522321031286,-0.20784865766105093,0.034116709053439755,-0.06629417501512187,0,1
-0.26747709689712046,0.3133161030890537,0.11478683227642482,0.03576877433739351,0.21282699985907597,0.1246528282902597,1,1
0.389648361206364,-0.2605166640409446,0.4170250229667882,-0.19608247420627514,0.0407307780219549,-0.09201221335213061,0,1
-0.28464110179043073,0.3264790548786361,0.10922680921568995,0.023585081056431874,0.23067124488982896,0.10714757177181004,1,1
0.38730450070469846,-0.2596245497146316,0.4041921938407114,-0.2009515524278735,0.03709626963115175,-0.08446532206026498,0,1
-0.3291702334161868,0.34669254837471425,0.09431134344064988,-0.006089897670614275,0.22127210658220917,0.11681634904165725,1,1
0.38184744930747416,-0.25444145492166825,0.41376161597919237,-0.18205161379587098,0.028690091135842945,-0.07576129177601551,0,1
-0.3499625463653808,0.34109442470208867,0.07757260660494168,-0.010542253856705429,0.22761124147915573,0.13069599697178597,1,1
0.38685753200639966,-0.26196740660857015,0.404637906089002,-0.20561468919509854,0.03607069716803248,-0.07858200431810348,0,1
-0.4129722772735253,0.37710196793224704,0.050518070922493455,-0.06346560841842128,0.2113449404192238,0.09149766590762941,1,1
0.5160253196427624,0.1684420695198628,-0.38696858150552066,0.11547944349605249,-0.12164499531624531,-0.19358070581175826,0,0
0.3255783864055906,-0.32872343588264996,0.4303032270450618,-0.15847667523261919,0.23140064403724606,-0.05203532323141852,1,0
0.5385583286193469,0.17255783493306476,-0.37668598055530883,0.17630511931035853,-0.09523122037799876,-0.17067522150934078,0,0
0.2165405419275534,-0.38047204975275783,0.20265364532681843,-0.2322759151203107,0.2866180970353561,0.019046521857566553,1,0
0.5174982078992305,0.168764776926899,-0.38384049226999806,0.118273588791198,-0.11745264720322117,-0.20217793435748518,0,0
0.18587109364010965,-0.37053759527685803,0.28083372179773725,-0.1767673211236401,0.3214042475493747,0.004045977803977379,1,0
0.5142270388755796,0.17235934492076482,-0.3819821417126627,0.1408779008326263,-0.11857079817193679,-0.16002430300638526,1,0
0.08933392234118824,-0.3797930089861226,0.20507096358775587,-0.13984588794522365,0.32425789936271215,0.031735229562131956,0,0
0.4982999522810886,0.1657346593780876,-0.35446802540999334,0.2012062645710967,-0.12029912963314841,-0.09149622107853238,1,0
-0.07042525824983172,-0.36085092640816363,0.055788331894170644,-0.09044750769923937,0.2461371582581856,0.1138318631291146,0,0
0.5003151198102694,0.16517662628527222,-0.3444009902444186,0.22787648178787512,-0.11939899274592229,-0.07466209474406924,0,0
-0.04959841758793553,-0.37787196795977823,0.12214945607973078,-0.004828579516912084,0.31202497175010563,0.05811393152585973,1,0
0.46292281705841604,0.1558658987097973,-0.330543572742587,0.2073599357800359,-0.14191950462865163,-0.06423224563411678,0,0
-0.29636699136262545,-0.3786211939707982,-0.1398957989353104,-0.0008921182752831563,0.13520905720517123,0.08021562764747499,1,0
0.4851963240057375,0.1623147476208004,-0.3497041081377985,0.1999409537873405,-0.13267443962137002,-0.08070898074627277,0,0
-0.3590073437184724,-0.3303412858965835,-0.2110640333493681,-0.015854330422836523,0.004535152372588814,0.01553600473884053,1,0
0.5203381931422029,0.17279897765383287,-0.3653595602961763,0.2140477784294116,-0.10826542283098933,-0.11327706148215574,0,0
-0.3782185383944404,-0.27740251745503497,-0.17627673789413253,0.023342991869586015,-0.14933900945444886,-0.041760335903340905,1,0
0.5280470110106393,0.1730438070340976,-0.35123797383520655,0.24303384411555684,-0.09510105339268671,-0.08991407802549385,0,0
-0.4641117637197114,-0.3591624383100923,-0.20322338103630758,0.0408387961607917,0.06778695722345787,-0.009488726063389602,1,0
0.5275518537436117,0.17216066495806714,-0.3289313247753737,0.28141304865694167,-0.08259068529996791,-0.065507085505244,0,0
-0.46679425765550503,-0.35340408363611464,-0.17253075089035033,0.07553455797274368,0.13974341987583175,0.005808777193104943,1,0
0.5351806440783783,0.17637504979592908,-0.36269768174830086,0.23487950580322514,-0.08635514656514293,-0.12348722302394548,0,0
-0.48108412777321785,-0.32818817239108516,-0.14638409798472135,0.07379560024498574,0.20501300792601698,-0.008734208253104449,1,0
0.5293921823639784,0.1792136744527007,-0.34482160953406465,0.266012035789457,-0.08935150477866877,-0.11036823881515485,0,1
-0.3444090517624413,-0.19328347499966364,0.03493267077480067,0.1421822304857432,0.3870447609009625,0.027630162988187663,1,1
0.5377570500012007,0.18013805397567798,-0.33769552114843887,0.285183673228089,-0.07734223333010766,-0.10356113092227068,0,1
-0.43887291615307966,-0.20931027538265107,-0.039994960423855516,0.13607441953009358,0.3591516891169979,0.02125210284621223,1,1
0.5017677778076758,0.17312201436644478,-0.33460595539130966,0.2649069434985448,-0.10451267678830815,-0.08364546267436355,0,1
-0.4526090775131289,-0.20531326934956398,-0.05532967734813634,0.14756606320266785,0.3115574214980191,0.0338064578302252,1,1
0.48889334379797994,0.16866451776876962,-0.35041058394421243,0.22634976882855537,-0.12114524538322007,-0.10568289774802458,0,1
-0.3406406621970616,-0.18731648688059604,0.0382275812768506,0.17168272070259874,0.3178614958517833,0.030916870617281596,1,1
0.4883330045070029,0.16543810640781426,-0.3309194930078672,0.25390860146953476,-0.11163426387533958,-0.08663951417127029,0,1
-0.3102074465320066,-0.18284171532963597,0.05962719192037825,0.17805796902212692,0.29702480612753246,0.034871502960827354,1,1
0.48510823596344005,0.1662687075824434,-0.3383558554605526,0.24216759441129207,-0.1172077949234511,-0.0924137172039326,0,1
-0.3485228516055721,-0.19117143311617218,0.038035353468783846,0.17617680172959793,0.3034658178031311,0.0371480301870692,1,1
0.5093215793194347,0.1736270844804575,-0.37553406455821,0.2021397232939323,-0.11514775959751447,-0.14265805566193382,0,1
-0.42567792616914163,-0.21211835666859333,-0.01275506817969825,0.16271799888342042,0.34830504455685213,0.00020326885487555632,1,1
0.5216324881106166,0.17815921082670444,-0.37050551435545936,0.21982952946370846,-0.10092798699239859,-0.1465025522766889,0,1
-0.47405088593877925,-0.22362417325432055,-0.04908806277547219,0.15318601048504807,0.3376279344861135,-0.016216945208282516,1,1
0.5061775744501497,0.17314194574164324,-0.36161482753847596,0.2235826494815985,-0.10885045846991938,-0.13061150003038158,0,1
-0.47599875929379243,-0.22958925265973634,-0.05530857707562036,0.1630723794459181,0.3152486573527174,-0.006401116507533002,1,1
0.5236341372537417,0.17861955851423536,-0.3666478288797312,0.22651983786111596,-0.09752919719765327,-0.14000549162434442,0,1
-0.477791851478324,-0.23894720237205777,-0.05700160773309015,0.1571713158099694,0.33726746279323017,-0.022767837466630098,1,1
0.5085176784438407,0.17437764441000914,-0.35603978746404147,0.23252789979195596,-0.10390379065155055,-0.11678177621186471,0,1
-0.48175792744471685,-0.23938877356040716,-0.06199311139765883,0.16270207310709994,0.30589126726617216,-0.0017202279433221283,1,1
0.5295152028159931,0.17586447224603333,-0.33941278765219746,0.27503741684752026,-0.07784315190858483,-0.11587318525956354,0,1
-0.4963749929367022,-0.24750699320348263,-0.07682757523909844,0.1583450743334562,0.3024944301621236,-0.014980603569887644,1,1
0.40542328180296633,-0.16505093449559072,0.30156018153198605,-0.03981225283364628,0.19477129129434084,-0.14595551208381286,0,0
-0.08011929671925648,0.4333247280210835,-0.01687872316830735,-0.06379910437778252,0.01939922008943721,-0.16388033630613155,1,0
0.3729566662660452,-0.15214969156843183,0.2974191429288135,-0.04912543270351025,0.15595012512747944,-0.16552800884764543,0,0
-0.13688981789315102,0.43123135892676123,0.02759357896058965,-0.09930361579585968,-0.012390647022780667,-0.18634614873477967,1,0
0.42665352534624146,-0.17356851363495893,0.3308574054474408,-0.023271617378621354,0.21009237241556425,-0.13150201666172545,0,0
-0.22756474961532128,0.46446426073504177,0.03381922602615372,-0.14163647990323178,-0.02478210141650161,-0.17219583561342758,1,0
0.42852947742414527,-0.17366011685947916,0.37901947365219285,0.011248204481208357,0.19624291145993275,-0.11364935166325071,0,0
-0.2788427738372435,0.4993151095427372,0.06169748457800851,-0.12893269002802188,0.019727957597113568,-0.14216122682072008,1,0
0.43588773225581134,-0.17764547998434563,0.38677445970205654,0.009675836876250109,0.1987907185986702,-0.09975649773836158,0,0
-0.3115641832447116,0.4918195340520237,0.07919829872644621,-0.14108540965016333,-0.004075068187865084,-0.1348110332274565,1,0
0.4364825355471826,-0.17792269889860526,0.35508575302591666,0.0021128395734471067,0.20955225144584222,-0.09234872824725518,0,0
-0.3349626195586822,0.4953997841203911,0.0886799994663397,-0.12961771583462978,0.02064601407205873,-0.1241174940700458,1,0
0.43112560266397343,-0.17784611139841838,0.36894480031231686,0.002044011931047748,0.20017796888772202,-0.0829646514232488,0,0
-0.3428821796727794,0.4918628866726007,0.09476704116029684,-0.11594731118838564,0.04803959545448146,-0.11833975792765888,1,0
-0.3543338037161915,0.4822581181226425,0.09514090537481287,-0.09211872824824924,0.07262037516205411,-0.08179362885059992,1,0
0.43598029945903366,-0.17882897957458893,0.3623195667466329,0.02204188031435121,0.2018473073530631,-0.04761492062062974,0,0
-0.3469174274134677,0.47051243926679337,0.09307154783263126,-0.08700077561183486,0.07914392390119396,-0.0918731074099209,1,0
0.437277086256113,-0.18018496670670786,0.3397817779672038,0.007455303010477332,0.21299007456703917,-0.057855419473246066,0,0
-0.34803383317769004,0.46907792164127826,0.0924260199348213,-0.08209263823276808,0.08370130504779055,-0.08638029172626648,1,0
0.43974328815520103,-0.18169807787175832,0.34086159834184254,0.009981401974554827,0.2158115147294633,-0.05485437000704613,0,0
-0.34566616125363725,0.47411580486072263,0.09522795028935001,-0.07800207801447882,0.09093531023117156,-0.07727641627188833,1,0
0.4474458989836653,-0.1861128727944391,0.34339231942924253,0.006112961388917639,0.22274270289568548,-0.050481295080866684,0,0
-0.35802200314209864,0.4845056280724141,0.09518203021559388,-0.10101169470150177,0.05838521921392531,-0.09694091033289216,1,0
0.43998385115543553,-0.1827799185852082,0.3782038076046475,0.021921488332943228,0.20595032068135213,-0.06745198286782053,0,0
0.43404038491710295,-0.17962735533296353,0.3757416860553584,0.032713467103135406,0.1966293081351754,-0.0565021660638136,0,1
-0.35712990292728974,0.5379331548027676,0.12479214568329933,-0.065940298211339,0.10082160053091489,-0.06855911103497417,1,1
-0.32669832388292364,0.5211068413891465,0.14224719058113272,-0.01944033703158018,0.12141108369819423,-0.044693946815806164,1,1
0.4396750475804169,-0.18350780550607243,0.38819181203829345,0.02407271937272047,0.2000977460945615,-0.06065637920424534,0,1
-0.3563575592047472,0.5179296563732904,0.12362611872860119,-0.045737421736539635,0.09394844333304112,-0.062007572229444856,1,1
0.4329020118996034,-0.17960323956902102,0.35198387963656325,0.029964647130394113,0.2020963310647489,-0.039116839584411874,0,1
-0.3064905185550972,0.5028890646082789,0.1568413169012802,-0.013114929885560062,0.09596488129762011,-0.057795367124294006,1,1
0.43541768706586503,-0.1806977301426978,0.3769005134365365,0.022979410557847618,0.20200486387024447,-0.07721810534473947,0,1
-0.3140552799215106,0.5120210474847348,0.1623398334302951,-0.024869898195092003,0.0800228999908871,-0.057250429627343315,1,1
0.4368570591935485,-0.18190577387337567,0.38610820502297455,0.02495452006334609,0.1996129507589238,-0.06983622063668996,0,1
0.43058210809796604,-0.17824509196716887,0.4042552259791702,0.04138146948198664,0.18582619446958457,-0.07421272038972403,0,1
-0.3449039455150281,0.5343801596452485,0.1567244448199401,-0.05729511443887833,0.06312326707841055,-0.07507978767472398,1,1
0.43018395738526105,-0.17564144836898604,0.38928436240854225,0.053751771751125596,0.1843789332473903,-0.052983348662889826,0,1
-0.35970904304649687,0.5338959851210198,0.14241006251151214,-0.05857959162558213,0.07051613983870156,-0.0669370903702068,1,1
0.43031919988845735,-0.1761961264429929,0.39378256997326994,0.04967937174847963,0.18582485256041084,-0.06287473387728731,0,1
-0.3525645736229251,0.5352258285294953,0.15098555399466285,-0.053301517186854726,0.07724218771954024,-0.06674794500165872,1,1
0.4319420033016587,-0.17766672788052204,0.3779207190538051,0.04032773984654261,0.1925746225773482,-0.05520149453825516,0,1
-0.3518839789172472,0.5294651489400586,0.15587617733477174,-0.06416833391375046,0.050144173489216785,-0.06591598171137189,1,1
0.43386357053738395,-0.17816901619817319,0.3803748450605732,0.0407880461641506,0.1931030043556657,-0.06276330743361895,0,1
-0.3666170272554626,0.5212625229595869,0.14664774432978045,-0.09503069697188879,0.008785732067214997,-0.09111581223160008,1,1
0.43784832650982036,-0.18028832267340442,0.3606792491164278,0.032196663506397376,0.2038318999982921,-0.057387815444036656,0,1
-0.3690710664957084,0.5183394658922726,0.14073090925464665,-0.101174084793023,0.0001813179860753761,-0.09476870047374837,1,1
0.4349318420103468,-0.1800847941854048,0.34573195658224126,0.01462009315857035,0.2097476989632718,-0.07043629401404142,0,1
-0.36385566735033265,0.5295050782855056,0.14551103736749452,-0.1005304794463983,0.00897144561878767,-0.10577691942981346,1,1
0.5215965666149491,0.18858289608083947,-0.37639250727785706,0.19888809136939042,-0.12242829641082249,-0.14111460788292457,0,0
0.24741289869510805,-0.32401179813740805,0.3954627008286038,-0.11084964890753485,0.2676447631850538,0.05231647999927955,1,0
0.49924693373727325,0.17947744035585644,-0.36785648120682884,0.21288635425840097,-0.13181546418411333,-0.10683099806103148,0,0
0.0981090730781624,-0.3583165927485603,0.13442973907388053,-0.1333451557942241,0.29806003471668324,0.14766153583452593,1,0
0.45102754138635726,0.1663818173768439,-0.32458533334298384,0.22298980446372776,-0.14780018299350184,-0.0596972786479325,1,0
0.0008023969879559997,-0.3139147746401183,0.09482204281064187,-0.05831422868650113,0.24639288289990585,0.13838967846159575,0,0
0.4211575890962034,0.1584448792771801,-0.3196539654006148,0.19080982354179296,-0.17182497249660972,-0.05806475533406376,1,0
-0.05196675881444633,-0.30718928498597897,0.07614545800561281,-0.019134750404013214,0.24601420491091303,0.1370718278800267,0,0
0.40402624597433484,0.1514984553048697,-0.29672082366204316,0.20338397972046582,-0.1700804150638969,-0.04430904095934395,1,0
-0.08921177516919529,-0.2849373023820514,0.08644555448103101,0.029368245822493918,0.23172844420097227,0.13720836019350524,0,0
0.40314199137552803,0.15214807170569575,-0.31152434197266105,0.1773151480251299,-0.1798335014031853,-0.06871419653480965,1,0
-0.14002343696024394,-0.2984144916211474,0.03825724134295411,0.03164789226804982,0.2395914340104142,0.09856947795227357,0,0
0.40386689222717903,0.15243319890853668,-0.2883153016792023,0.21320919377036315,-0.17095881463754145,-0.039900031100089446,1,0
-0.11506680003954804,-0.28023197222054647,0.0816577930661377,0.07874873715454438,0.253163711699917,0.08614684985234267,0,0
0.43904996199877283,0.16227649052482368,-0.29409123125000397,0.249110510160771,-0.1458307037148301,-0.03610719613358823,1,0
-0.33346160267706176,-0.30806762732449516,-0.17261863395420685,0.03816396320360072,0.1017026885539424,0.03363525793852385,0,0
0.46152432585843156,0.16557758930822095,-0.30147787211117644,0.26954650032286925,-0.13501913894548553,-0.043279879581398284,0,0
-0.3516007285714837,-0.2311255133961127,-0.14648535659610418,0.03388073044046885,-0.12296988269840775,0.033161358210209615,1,0
0.5003006173964144,0.1779147401989116,-0.3154833812598239,0.2932532767964798,-0.11164377667415683,-0.05230280460535435,0,0
-0.42313413519752896,-0.29470929383291733,-0.19910670806581512,0.047929329292346744,0.004615560709774551,-0.019360529639379565,1,0
0.50887282132497,0.18108367353133756,-0.33895408920718983,0.2738595258245383,-0.11048273016331733,-0.08071925182162894,0,0
-0.46334534194994614,-0.31649953551897586,-0.17972388875568712,0.0499877252459953,0.12252115256256108,0.023508751391328308,1,0
0.50400828103283,0.18232207240267156,-0.3598681616631899,0.23896013994679954,-0.12234293838604877,-0.09820544892968196,0,0
-0.47052571771736784,-0.3169681630819785,-0.16298046077793513,0.059634121829787425,0.17858676440789975,0.024702823270891343,1,0
0.5112726267532068,0.17857289279804384,-0.3559499070176281,0.24887613162482863,-0.10843778703782639,-0.10499880708005287,0,1
-0.33194619929852626,-0.2246051692278451,0.029641414644123384,0.15215793298606942,0.36235240113102046,0.04724433503806963,1,1
0.4787675005811804,0.16818654230817873,-0.32192663854586245,0.2665576933977313,-0.12056927091702632,-0.06441780550097276,0,1
-0.4693635939074688,-0.24065981838203773,-0.11682947562757935,0.13386403464373742,0.23539106333751247,0.036423232212170434,1,1
0.45973850484773765,0.1599775649342386,-0.29109097655000454,0.2855599451707022,-0.1230109646204351,-0.03467552430919146,0,1
-0.3540344220191957,-0.2172003862207706,-0.0016751479657897345,0.17614052489500873,0.26795563017768165,0.06670525679862574,1,1
0.4789348652122278,0.1647526960106096,-0.30913294840947464,0.2830419808763787,-0.11658244414458388,-0.055083311028499705,0,1
-0.32405975793737557,-0.2170339111078483,0.029363899158533675,0.1817327030572915,0.2865947002413581,0.04295148274349621,1,1
0.46852609431713743,0.16865072122742122,-0.34607050357657965,0.21780308355058323,-0.14390397052814036,-0.08645723942542302,0,1
-0.3627553380199744,-0.2389006198156857,0.014444354863694187,0.18208142494969398,0.29399120347948576,0.034286909953662834,1,1
0.46642391089281704,0.16492515430239843,-0.34106988950092687,0.22370043976269915,-0.13940115809962494,-0.09189952995389367,0,1
-0.40486940589478504,-0.25708825674396085,-0.015426344945462746,0.1844281751122876,0.27974171243929,0.03394959360024494,1,1
0.46541785134780855,0.1651823196191257,-0.32916472185039763,0.24282838676181553,-0.13410165831321694,-0.07658146528435589,0,1
-0.4173281238762607,-0.26624231786465263,-0.023675487834436636,0.18808039214338687,0.2571420276002711,0.036620784148795,1,1
0.501841316761414,0.17441922505788904,-0.3259116650003654,0.28740525305734405,-0.10505136304258222,-0.07572026472684264,0,1
-0.4716521399405752,-0.28976755150673694,-0.06400116267800642,0.17949775789027694,0.24752962641678977,0.021515403111024373,1,1
0.4761166877945281,0.16611305092739298,-0.3072485902037204,0.2845927830387158,-0.11767666137678438,-0.05731418744435574,0,1
-0.40887477509569753,-0.2644315302173851,-0.012387132395713723,0.18947348677131695,0.23652268590670053,0.0394799118126557,1,1
0.4946773891329796,0.17179023502239818,-0.33102678208473957,0.2709007635635101,-0.11184611817205949,-0.08868380636868863,0,1
-0.4445555356578123,-0.2822854972307441,-0.037631812720853225,0.18535985009620223,0.2623369445515184,0.016540390773674935,1,1
0.4903057524800524,0.17157242765504543,-0.3195619594390694,0.28549064713144257,-0.11149080885912296,-0.07010556258852976,0,1
-0.4685568435102279,-0.2884612001263706,-0.06257616495717895,0.18565221018815176,0.23767728066334282,0.018384334603927452,1,1
0.4961698133724854,0.17226327535194763,-0.3127716814917483,0.29904478366338727,-0.10427402869605817,-0.06236115813994932,0,1
-0.4727300769525434,-0.28790744120064155,-0.06549184458355224,0.18287186541271525,0.23027704585775655,0.02120665065217746,1,1
0.3759704304394605,-0.15246157114660483,0.40774983533372444,0.01713564637156563,0.12243724494573043,-0.17028431423174178,0,0
-0.11502236176218471,0.46429973153186577,0.026945644757737825,-0.07006177171323394,-0.01061528205564725,-0.17865107102872463,1,0
0.42081074498319593,-0.16962923754511272,0.4157619176337787,0.03451182580595474,0.17503504509701706,-0.14003005429768026,0,0
-0.21303773495810083,0.5191490291170884,0.06151405610088163,-0.1037773503609543,-0.009413623014994571,-0.1502644354935377,1,0
0.43441242789178985,-0.1751946589070907,0.431748516589579,0.04805997786475252,0.1809571528044889,-0.11335507815508235,0,0
-0.27792171410905786,0.5399040870194491,0.09329783674618702,-0.1270841528236645,-0.02580333878384705,-0.12944135464077708,1,0
0.43133390360630264,-0.17498020874271666,0.4409846370449567,0.05741806810614756,0.17168704174845265,-0.09006570322990372,0,0
-0.30738951613829235,0.5407223162866819,0.10577905206312721,-0.12454949572802208,-0.013991904357610812,-0.11744373637532948,1,0
0.4296467989265096,-0.1735410656950786,0.4466348695296921,0.062433185945098224,0.1664748933005564,-0.09680393033719338,0,0
-0.32101110493687735,0.5265798580999728,0.11177904352873697,-0.12563960755421782,-0.016879013078409406,-0.12277480872431733,1,0
0.4259633250070624,-0.1716968659088956,0.42859609495647905,0.06303672903451783,0.16927022991375454,-0.08364399653814295,0,0
-0.33587595664948,0.5320520812733439,0.11957584417124792,-0.10411962562010144,0.023810781875139176,-0.1036289557404669,1,0
-0.32294168741644724,0.5102441920079627,0.1341877750154964,-0.12684039933642088,-0.03396040641389014,-0.15010842889028364,1,0
0.40686803381972053,-0.16633635808035097,0.41428173037157645,0.027385630261100743,0.16002543157455362,-0.12948849307090127,0,0
0.42812525019622616,-0.17287252975254203,0.409984598219694,0.049576090878310594,0.18038178716153871,-0.09196525812115262,0,0
-0.35040591654814907,0.5229779892231126,0.12765754283105768,-0.10393397450018184,0.025724083145617912,-0.1088313523908177,1,0
0.4273166041927748,-0.17224052032225898,0.41522783517367373,0.05331543524596144,0.17773255797109372,-0.09872285836876644,0,0
-0.35355244034860284,0.5084757073541015,0.12935917227937788,-0.10893959509375037,0.007496218883649145,-0.11172806443998709,1,0
0.42457607457598845,-0.17106393088075564,0.4256376326312609,0.05960693887693473,0.170131968097056,-0.10077465076276933,0,0
-0.3493657481978364,0.49148206786284027,0.12035886679491958,-0.10970574129213938,0.0026058953281752266,-0.11400491527628064,1,0
0.42487432716904305,-0.17208962731961386,0.41647667250696174,0.04610502150833154,0.17803366045756636,-0.1115039778802171,0,0
-0.33484492277368183,0.506163953615273,0.1260342687806417,-0.08308256118769168,0.06078547412067352,-0.10923596734135511,1,0
0.4260697642618281,-0.17293464597023478,0.4253143055938943,0.05295259943167914,0.17612943220974955,-0.10746640786208612,0,0
-0.3539683405911147,0.509436831940507,0.12600353218158042,-0.10880075221796436,0.020267897157395718,-0.11326149759558032,1,0
0.42538512642564735,-0.16996530986932235,0.4054666418317145,0.06053031872088762,0.1759730490205547,-0.08739419263341248,0,1
-0.33757848877186253,0.5484408747274729,0.14906944303496708,-0.07470028362807665,0.04590133622297854,-0.08854616647583628,1,1
-0.3117828888869801,0.5305606445575293,0.15985553043992262,-0.030474116596368013,0.08029625476700783,-0.05738824238090413,1,1
0.4312231741529189,-0.17352007429772165,0.41395769253709425,0.05766692145673796,0.17921200571362259,-0.08582319731301372,0,1
0.43319976299038593,-0.17361598367561296,0.385168441205174,0.04937336765017591,0.19144601621622975,-0.07651331763889947,0,1
-0.30655046825893917,0.5095917742352278,0.16222157838309792,-0.017789548819435796,0.07192752445639615,-0.04997970748677429,1,1
0.4201750235298973,-0.16923583611360385,0.3977043692383909,0.03679559710446342,0.17941594719778672,-0.12186384780899016,0,1
-0.29552653652289684,0.5053002978081337,0.16674315548246696,-0.02578337566966987,0.06269784902581078,-0.09042068728649735,1,1
0.42670742989450217,-0.1706984827147314,0.42555521899682985,0.06668918894261243,0.17023124606173784,-0.09667818292021421,0,1
-0.30093747741756155,0.49655469853621925,0.16556079388794853,-0.013147411448877266,0.07115264052525574,-0.0593863458230463,1,1
0.42089105049176595,-0.16944606212736538,0.4249647114714586,0.05063110770930322,0.16854988282445818,-0.12125441220281205,0,1
-0.30385042322313865,0.5052742263089599,0.166413640920102,-0.026778998145963115,0.06933610184819655,-0.08586367597969782,1,1
0.423920268502734,-0.1693865406789302,0.4246416176389852,0.06055047766563631,0.16943230307516885,-0.1125735572385225,0,1
-0.3182645092190817,0.5124331332182825,0.16370615789665782,-0.03162004395362641,0.07359584277121113,-0.08006290818369136,1,1
0.4241579895746353,-0.1717363793009985,0.41583152533072587,0.039450460845500517,0.17703857381986807,-0.12157861341361645,0,1
-0.3318789954171727,0.5269349225178239,0.15913806920594087,-0.05182183404016205,0.06831368573720313,-0.10211454559457538,1,1
0.42019512914484225,-0.16981737509700057,0.4181151761883898,0.04046189313748782,0.1722048899787558,-0.1292022000808667,0,1
-0.33395906565444144,0.5261787720469276,0.16748862838420456,-0.06090771596894094,0.05515687522252538,-0.10716670182239353,1,1
0.43069179265036367,-0.17299413887027473,0.414703641893417,0.0542754486687006,0.17952844990821382,-0.10057307485798785,0,1
-0.3468456784772918,0.5293024940561246,0.16074263455257654,-0.0533455109303866,0.0717240975496365,-0.08388057283880053,1,1
0.4204743341166244,-0.1704219894092396,0.4391125755181637,0.05101760801737511,0.1615994464673042,-0.12588544016620976,0,1
-0.3366667764455726,0.5286840086911143,0.16244796232494857,-0.05604105598377806,0.07172094274593756,-0.10351804449654524,1,1
0.4200743317201355,-0.16916836457354859,0.451240895848153,0.06800865443965826,0.15339290796213012,-0.11299362535574498,0,1
-0.36061747916782316,0.5369811481542023,0.1523577153467594,-0.07296925775390735,0.06410671272804166,-0.10314983464249512,1,1
0.5047721053663127,0.15208116059477528,-0.37501184850856845,0.07485351644266104,-0.11108264101132365,-0.23999423409751472,0,0
0.36502738280372227,-0.2943988237190116,0.4815843639961126,-0.14107478843050533,0.18145542474788864,-0.1307403741274873,1,0
0.5380741324764434,0.16066565119577134,-0.3849843572890062,0.14944023387712138,-0.08646372370719729,-0.19342567239062766,0,0
0.2820164557319858,-0.3546912901119912,0.23850805649759482,-0.21654877871734918,0.2786005448760978,-0.043405743243047544,1,0
0.5190278051520308,0.1548179111477001,-0.38964157898571816,0.09511073233193885,-0.10420315117306422,-0.23247884128777638,0,0
0.22250413870541222,-0.3641745572108268,0.26355124372974037,-0.19609744997758755,0.30253429941908766,-0.01626438486301839,1,0
0.5154721667081121,0.1568743101414911,-0.3895536128341679,0.11347233965635505,-0.10178951769249829,-0.19948610718129692,1,0
0.21194614899349365,-0.2139903724782641,0.5735808196184227,0.03515577631178501,0.009323616379042915,-0.12362042010971239,0,0
0.47850176788781446,0.14731775487292476,-0.35417609855278226,0.17129676879326367,-0.1204197050432369,-0.10214364724554928,1,0
0.014675611607215052,-0.34798092451829576,0.18263899897535046,-0.041608385749185066,0.25811608066723,0.09073480801656995,0,0
0.5239435067409737,0.15502514952994434,-0.36240959119258986,0.2006762585327228,-0.08961891336828354,-0.11262743909789454,0,0
-0.19239153837176684,-0.43306326245851035,-0.10698684511873559,-0.09202766901225837,0.22232964327052954,0.0739968905779402,1,0
0.4912650528063017,0.1469499068139128,-0.3496955266859581,0.1868809315548483,-0.11223345111207647,-0.10226689368582445,0,0
-0.26069728213357496,-0.4083879774225643,-0.06672834349938106,0.003914654874401348,0.21773545142095932,0.0916120466499067,1,0
0.5310782256189992,0.15593260627451336,-0.3528097514493351,0.21321322939871157,-0.0835027533807948,-0.11882002594192564,0,0
-0.38463358460452424,-0.37818238723557573,-0.21879255924086008,-0.011323350236294714,-0.0038036055464183887,-0.010793174748859444,1,0
0.486047774020376,0.1443614477907547,-0.3216386827072255,0.22545931153099905,-0.10235876662995284,-0.07189238971909526,0,0
-0.2938992485157597,-0.2176364836498139,-0.12639817674775847,0.02788248514546819,-0.26499577482097353,-0.017901997026742503,1,0
0.5425751808109925,0.1601532616570243,-0.362832518776001,0.21110795074390662,-0.07554746878955589,-0.12366210039446894,0,0
-0.45352680565612935,-0.3842247866304358,-0.18673499235811697,0.031097722526113338,0.08525592275828321,0.004989343066201712,1,0
0.514437516568059,0.1535050549627681,-0.3309836469953641,0.24536335898604358,-0.08544306374437868,-0.0797336184642988,0,0
-0.4483567725247184,-0.3557136657198184,-0.17831293412550792,0.06651589428389344,0.05062027017791085,0.00992295904835217,1,0
0.5156714054046186,0.15593404026688357,-0.37149863647845627,0.18679015067483667,-0.09914481737183412,-0.12455030454235617,0,0
-0.47162266539821274,-0.34955428502504104,-0.17733409843120093,0.06316506150618123,0.0822222574298264,-0.0034473953361023064,1,0
0.5466240399393668,0.16120624545923645,-0.35590871233573596,0.2318518763568531,-0.058724930573739224,-0.15367089530246494,0,1
-0.40667975979023385,-0.25220575552898444,0.009342499467374393,0.1627114748940714,0.33728821778497187,-0.003249232708443652,1,1
0.5304769904938856,0.15402571274491006,-0.3207672679607974,0.2748313996374963,-0.05974929673130363,-0.10155776828708281,0,1
-0.4031591172547164,-0.2579543784268899,-0.0026797562473641168,0.18209635376839808,0.30909996264637285,0.015832410824280916,1,1
0.525697523233673,0.15424996291650647,-0.3509218248612945,0.2284402660860119,-0.07280572748553583,-0.1352961719757607,0,1
-0.437406930959677,-0.26267433634744974,-0.02291205372519301,0.17496891860767522,0.313000370611609,0.0076215718289156745,1,1
0.5058829931715406,0.14821555530818456,-0.3250809081405932,0.25072426340130544,-0.07801338578812382,-0.10032175122746481,0,1
-0.43578184347191373,-0.25412265562930436,-0.029473947292977958,0.17989587848089564,0.27804934900916217,0.030541100713238973,1,1
0.5263423620258502,0.15611865624046004,-0.36019335480890613,0.21658913973969354,-0.07591163845143462,-0.12913185747119554,0,1
-0.48397838677168425,-0.27145189560808564,-0.06285409293419651,0.16662936035120393,0.2949822064871216,0.00874835881870011,1,1
0.5233165680585172,0.1503862201502516,-0.31943084886200945,0.2681375818074148,-0.06183650495568831,-0.10023070633967397,0,1
-0.4824441145961075,-0.27381082994735306,-0.07439702922713334,0.16921115754248475,0.26608389881537037,0.02071170901363975,1,1
0.519029453793137,0.14944761203803952,-0.3287498378246768,0.2517938036182938,-0.06752468159729468,-0.1097699453150125,0,1
-0.48778365353392017,-0.2745871660643969,-0.0807319266843392,0.1658183249350725,0.26472146592766344,0.01878018490739969,1,1
0.5203164066379544,0.1517856854856498,-0.3597243785604829,0.20809641328158401,-0.07925596578482692,-0.14544821778170552,0,1
-0.47015033891239383,-0.26902493732782173,-0.05317745198210089,0.16022472727704973,0.30093800689806066,0.01490073515529559,1,1
0.5322012727156269,0.15380462348058435,-0.3523566371754515,0.22646203788778752,-0.06658422913408042,-0.1399311199152361,0,1
-0.48419332306661506,-0.2749070022800845,-0.07232229323021397,0.15593016499888532,0.30097390129401574,0.002018802209380977,1,1
0.5441351963798388,0.15661204173664264,-0.3445981197770781,0.24528923039289463,-0.05554215999428397,-0.1431230393982631,0,1
-0.4665407907778574,-0.27791397684136937,-0.05704811016633704,0.15731338125380184,0.3226910019668081,-0.010024064542819103,1,1
0.5388291928552832,0.15452419365023393,-0.3355080557103537,0.25619770516022033,-0.054580895024409895,-0.12372217053753225,0,1
-0.4516778645161033,-0.27560363659761533,-0.043450637027490004,0.16384341282887993,0.318275835708269,0.009533136650385734,1,1
0.5403467799272691,0.15440731798866744,-0.3377635837380085,0.25193426167162436,-0.05229651879960998,-0.1374024557944499,0,1
-0.45904429751268333,-0.2815899649358252,-0.052397195215690966,0.16189860680024262,0.3205552094868309,-0.003572442823620979,1,1
0.2113982149112952,-0.08163758408882005,0.43744907093687296,0.1132822067179651,-0.1293330892537667,-0.16994408125680247,1,0
0.23715381348729989,0.2330346723026092,-0.1570547315332884,0.15416408961771608,-0.20027816690169398,-0.17865298745877015,0,0
0.20307896199961423,-0.07939534228796612,0.4540594582772235,0.13355389829869138,-0.15778674376738494,-0.1602084050788046,1,0
0.266145923541455,0.2517654401469722,-0.19047882634632674,0.20246750329537885,-0.19092167418288034,-0.14582191595800711,0,0
0.26148191312165975,0.2517456432031787,-0.1886841314587179,0.1992221502703874,-0.19276383498828895,-0.14453924656204406,0,0
0.20244137439909354,-0.0804984807769415,0.4443875843300602,0.13652097714116887,-0.13508346261851537,-0.153060634538693,1,0
0.2577965263314656,0.24935497517293714,-0.19094188841331824,0.19604442498476807,-0.1990458662442131,-0.13597848909581753,0,0
0.2150058193005019,-0.09231166632930779,0.4432575216097136,0.14254297972481203,-0.06454567080198777,-0.12427002348292365,1,0
0.19392113577254846,-0.11150879206000808,0.27449059421229755,0.15763865205664696,0.16016909116424843,-0.0022627493908649694,1,0
0.2489742346923759,0.22275702722100152,-0.1657038983061928,0.2507385183749192,-0.20078751480140836,-0.05998962698945025,0,0
0.0600014415711094,-0.12301152974434679,0.07167356602440281,0.09458251671329194,0.2905806483675559,0.02299518064129114,0,0
0.24573180981987644,0.22084036340320598,-0.1605478360086607,0.2511909392375795,-0.19698912909060812,-0.06707706673577439,1,0
0.2466762270216812,0.21922765436378355,-0.15857807513748248,0.2605240807351193,-0.1964977051528466,-0.055162627447938976,1,0
1.919563584588223e-05,-0.10288361084947087,0.09785126662170661,0.10760658101699434,0.2499869425904679,0.036011017652933054,0,0
0.24584559132011327,0.2179613446127764,-0.16051429615425752,0.2532482829552694,-0.19698894691206498,-0.06349338851503028,1,0
-0.1758620211066063,-0.09140310922649716,-0.05041811838977164,0.03483560279200836,0.19735616331174305,0.011646507168111225,0,0
0.2558196814478798,0.22251721610333003,-0.17279523098817817,0.2503518386373962,-0.19789219330831442,-0.07906063057306324,0,0
-0.2227446841248799,-0.09771203629502916,-0.06994602946904831,0.05496693605428978,0.2471095833021634,-0.02263211017376585,1,0
0.2831881132465814,0.235418805467202,-0.17863070501763934,0.29487180333996077,-0.18024178041432057,-0.06437236030994264,0,0
-0.25237696308559554,-0.08403562736024611,-0.00732396480042388,0.09665886630242589,0.28626225804409655,-0.00131107321877457,1,0
-0.3288917984012163,-0.0707209418492452,-0.050877202137503665,0.07841456444249899,0.21068424705557745,-0.03542633799585704,1,0
0.278188702840895,0.23312688176276133,-0.17593165627922502,0.2880970713694354,-0.1818167851364106,-0.06599238554463013,0,0
-0.35224205417188936,-0.04362332856526098,-0.03158276617333751,0.07154913320199574,0.21806445912769526,-0.05637747115958938,1,0
0.28252499697104094,0.24441124042423826,-0.18272638583620937,0.2773380603848769,-0.178285940976227,-0.08648448855822852,0,0
-0.3226318029826521,0.00972185624275492,0.004177804080686623,0.100998967487363,0.05161446920062425,-0.033969691232222286,1,1
0.20364776358550662,0.18283841392686231,-0.1262558143216674,0.21382826579293185,-0.21846854344539487,-0.06474960834210797,0,1
-0.29450595508998656,0.005309460282478733,0.03558315263030038,0.13272327656835292,0.126604495790363,-0.01972839470756942,1,1
0.20411355578421403,0.18592632008960958,-0.12929262632451136,0.20916969421529555,-0.21954898353412938,-0.07081435310988944,0,1
-0.29526343852101083,0.00181011751769242,0.0350395980104121,0.13280861515426187,0.11626133635203911,-0.021445120792195606,1,1
0.20569539278193621,0.1873319322393535,-0.12674675782726036,0.21755452813838042,-0.21803959587200897,-0.06355597393350434,0,1
-0.30907397091063776,-0.007355258740464285,0.019145759452724752,0.13218725482102464,0.10812188315756815,-0.02824338739845236,1,1
0.21766865163959315,0.18945612525436353,-0.12905168805285425,0.24042121918113593,-0.2093532813448607,-0.05398759050805272,0,1
-0.3207762200856404,-0.002539505472444568,0.01809870541218501,0.12604541501217212,0.09836481491871982,-0.02576765172737342,1,1
0.21668533541125412,0.18987939643289348,-0.12968944055082984,0.23832826240971688,-0.2109386138374711,-0.05476309576915842,0,1
-0.3273667834633847,0.002307681282141759,0.015545028864802813,0.11729655594861126,0.09013067373538475,-0.03212634110388736,1,1
0.21895661387231338,0.19414187871501562,-0.13185607335908953,0.23887256553136965,-0.2094408341392765,-0.05848732582690829,0,1
-0.32193809384428534,-0.003530356366438201,0.012245061796108347,0.12164456727681093,0.09822594584870352,-0.034232276486763726,1,1
0.2237661667631477,0.19327878305175814,-0.1300187189659872,0.25106587661646096,-0.20423882356746803,-0.05369582659785771,0,1
-0.32363974590997524,-0.005637539730778947,0.009333431991945806,0.11936098810208438,0.09403379000879153,-0.03410828907035735,1,1
0.21727664947182546,0.18867499846493194,-0.12969916641664073,0.23684929514793504,-0.20890663492331527,-0.06079502604334987,0,1
-0.31883733711782586,-0.009139916102167857,0.01367766049895637,0.1282157190643724,0.12422623427514341,-0.03602269573235959,1,1
0.2198146962160874,0.1915760525566083,-0.1342922753123369,0.23406902021108417,-0.2076037174954791,-0.06714077847917778,0,1
-0.33767140889870767,-0.006346881695618516,0.005792532528617343,0.12021192120535934,0.14199360802726796,-0.048765086838712356,1,1
0.23634202897174544,0.20930449082519456,-0.14411567094140454,0.2532723469782282,-0.19813189473305046,-0.067326417153863,0,1
-0.3389885784310073,-0.005978309485231794,0.009943796091423441,0.12053883991265248,0.16672524656278156,-0.0532765583957309,1,1
0.23675176487349064,0.20988904258842084,-0.15245342958919014,0.2367888924715831,-0.19828947853925144,-0.08567968756221954,0,1
-0.33371850110757834,-0.00896407764731502,0.01326614452928707,0.12440465019318664,0.1593582146745999,-0.043645256013563206,1,1
0.23201208114886626,0.20527319412855277,-0.147779092988025,0.2363301066620567,-0.2008326387983642,-0.0795612617965301,0,1
0.3283632377487917,-0.30144237154909254,0.19247989513017158,-0.27301657069406987,0.17293877952732592,-0.08290041734445219,1,0
0.32523572529030337,0.2005711180564384,-0.027698059514458532,0.49232474785121866,-0.23209613805221582,0.06596669204646217,0,0
0.33331282969217946,-0.3087036196539294,0.32106902892682015,-0.20253746074872694,0.2383897947561904,-0.09128123205167417,1,0
0.30898920646718075,0.188551271506885,-0.01148233681014858,0.4707488861224455,-0.2366005174972905,0.05468652922892315,0,0
0.29797867523078164,-0.2493393739043945,0.5741931727531709,-0.03344474533085741,0.12051706071760777,-0.138521091410988,1,0
0.3016736751038376,0.18796641025665548,-0.01526282548747779,0.44744917060878453,-0.23646099848515145,0.036324169166980655,0,0
0.1940319527892805,-0.1473845593436616,0.571210702684259,0.06502286307707407,-0.1378039229919489,-0.16789035842326772,1,0
0.32720787214306224,0.20569253912627505,-0.03672538059772703,0.4843538634885607,-0.23150608219714908,0.055836221547643,0,0
0.06371537956176805,-0.3753479678793814,0.13937831778114773,-0.10693825524710644,0.36302795504615143,-0.08388898680760844,1,0
0.31973531860289023,0.19755649834178854,-0.02208657529774547,0.4884648645030414,-0.23582409657548295,0.06567576891385844,0,0
-0.07816228532871286,-0.36931269291236524,0.05095270631866961,-0.0887242247898443,0.31157329063465045,-0.1298595770107425,1,0
0.30234118295128853,0.19288049085609169,-0.025709221633687326,0.43733243588606663,-0.23614533476184615,0.022540804355039575,0,0
-0.16677721441292884,-0.3593235849236224,-0.016057044515679207,-0.05500991550003023,0.2556038818714941,-0.16386406694916672,1,0
0.2874444754820972,0.18580573591739202,-0.019580195705911956,0.41028663607288546,-0.23811404600191768,0.010637402150305971,0,0
-0.2909820788151252,-0.3723643726733647,-0.11187912760953687,-0.02395519669903323,0.16247597443950687,-0.17011366001493708,1,0
0.2946281030941527,0.18831579809705792,-0.018283337845783704,0.42805801101057395,-0.2382276885429401,0.02347564302811364,0,0
-0.30637438922915605,-0.37650049825003534,-0.07620262669715538,0.012738959612586177,0.20773569317354137,-0.16460842263584685,1,0
0.2913061377239148,0.18430197549358843,-0.011119589747134064,0.42853878357045994,-0.2389132783402591,0.02637314628117634,0,0
-0.35967312854786293,-0.3790654103076732,-0.12061024256977106,0.0306553457666091,0.16688918709409034,-0.16827133472127156,1,0
0.30569113812044585,0.19266603079979644,-0.020057161409017615,0.4517575608376887,-0.23535008964890497,0.03887037118758984,0,0
-0.3596157793528162,-0.359832366234541,-0.11874070542340524,0.026076357672220378,0.14288179204217044,-0.1767683429503665,1,0
0.2901405539212224,0.1808101614171463,-0.006668604811843974,0.431117640447361,-0.23865823345566523,0.028597587619737602,0,0
-0.31703395341520585,-0.29620031756144216,-0.10686200091165499,0.003378989555520626,0.06019183632714963,-0.19343092323122,1,0
0.25696067690310925,0.16476468870694555,0.005388147295443977,0.3733937429070688,-0.24386577222645373,0.0022892771895919816,0,0
0.31573991296117054,0.19959294712535994,-0.029302669157631515,0.4648727773247338,-0.23401657131636952,0.04526998781817593,0,1
-0.4218296315940809,-0.33030708147842025,-0.16486551050823614,0.06431688739322888,0.0066203769639058925,-0.18648409614671307,1,1
0.31941240034958646,0.19811019039138458,-0.027215284501402908,0.47492328205539075,-0.23165509534730716,0.049900897335142365,0,1
-0.43183262886717416,-0.34681464328021205,-0.16773788422079186,0.06929716821435353,0.044092919468473976,-0.18157782394331645,1,1
0.30021147256697434,0.1910581504273825,-0.022888482311165415,0.43419339151754893,-0.23559466669726772,0.024557692996084783,0,1
-0.39819927053451715,-0.33456786556710255,-0.1363292424141997,0.05267052350404571,0.09264107973844432,-0.19060401668900664,1,1
-0.36474713256004704,-0.3301867963609184,-0.10549101534256737,0.04645473448897057,0.133527852884831,-0.19072561401052784,1,1
0.2862790502320479,0.18467035406992616,-0.01755211603534564,0.41036067677172455,-0.23883182674035752,0.012240315806988547,0,1
-0.3683269748428419,-0.34743585930973964,-0.10044091523475658,0.048766753919518076,0.1574086630495234,-0.17858613787853106,1,1
0.2932594990128622,0.18881160878792425,-0.021274018389508036,0.42158197643515544,-0.23820372543844762,0.0197641410100208,0,1
-0.33628068468513234,-0.33942013487663864,-0.07912655930959422,0.04450474159753591,0.1763327166234848,-0.18465288970545027,1,1
0.2854986770044788,0.1832067355347645,-0.01628644148342129,0.4093392957466418,-0.23793458372510096,0.01172588467919313,0,1
-0.3341886244887597,-0.3427644931835725,-0.0665529020924308,0.044575622173654,0.19272672660875784,-0.17224872474495603,1,1
0.2908935202160097,0.1886840817387783,-0.024285023589398436,0.4118262637410725,-0.23634643255272567,0.011354054201692618,0,1
-0.35331924141760435,-0.34630193289599626,-0.0870718777195323,0.04265385615435617,0.1814295402947789,-0.17228098022028537,1,1
0.2992577045473086,0.19463276970006055,-0.03211190709678529,0.4208787872147172,-0.2341056457324041,0.012993433419001511,0,1
-0.3535791780140799,-0.35037594542322076,-0.07853650411078043,0.04794047923929399,0.20467861926966938,-0.16591664276180068,1,1
0.30483888874216597,0.1990062665919691,-0.038100888610500684,0.42711825681006277,-0.2337001911062927,0.0149764877333768,0,1
-0.34980936489954717,-0.34294300041381154,-0.0856313884220032,0.043914714396824074,0.1884080044998088,-0.17589030482724108,1,1
0.30319627698762525,0.20026717099062472,-0.041445621761102974,0.4187511546491554,-0.2334605515486925,0.008593525462177004,0,1
-0.3744805087385643,-0.36952872740497894,-0.09004614989557447,0.05873053769174766,0.22486085449895518,-0.15580404836006792,1,1
0.3131931694534887,0.20345269631342264,-0.037259955487153065,0.4499618524763656,-0.23472276928236188,0.033390499817526606,0,1
-0.37323714953224646,-0.3679259479587048,-0.09064465481680245,0.0568679573085035,0.22070115583151168,-0.1573576041095346,1,1
0.3153626212285195,0.20552713956749824,-0.04167306896425323,0.44805504443752125,-0.2329587751621109,0.029767447873104324,0,1
0.351108539735218,-0.27774631862271126,0.5192141784840711,-0.15511537231679867,0.05858305285426797,-0.07595719126762222,0,0
0.23936238205770144,0.1689931513029997,0.022750176695089625,0.4454996208791253,-0.28078615144083485,0.09409521238410411,1,0
0.3538163369117196,-0.2797592115857275,0.5161159156913485,-0.15902610012237695,0.06165018508667195,-0.07559733249177153,0,0
0.2535270787784623,0.17680125723747322,0.014034177355097105,0.46276013850720676,-0.2728802152936229,0.09602383986558634,1,0
0.22536658503357115,0.14908150784493235,0.04786979975533993,0.43078427826564186,-0.27523651635166163,0.09372037226183044,1,0
0.3512047032731821,-0.2776377348252978,0.5209465946460579,-0.1519929073232028,0.05588649438137416,-0.07004510879523436,0,0
0.35564474677657704,-0.27974712213223435,0.5253741455423488,-0.1595143644129286,0.06272135192796358,-0.0864024947613851,0,0
0.2200543844683864,0.14551143644138642,0.06276008119930751,0.4187236277927794,-0.26630623614322346,0.08711651222388196,1,0
0.354400083371322,-0.2801948686858195,0.5177427768609212,-0.158968653448426,0.06041626333767503,-0.07369345539315927,0,0
0.18054001545907403,0.10808007663631451,0.10400635147231288,0.35523319149266225,-0.2604568479362626,0.06568411024641618,1,0
0.35706545910627113,-0.2833551346259582,0.5033035187250636,-0.17740527929407854,0.07216317749870738,-0.0940187602031635,0,0
0.2182276625309172,0.15070094137888193,0.08497168701892573,0.39775041902346037,-0.21557469038256144,0.07790543134204202,1,0
0.3368697726355753,-0.26757050498832274,0.46767890436567233,-0.19990718457913015,0.061240430841374406,-0.12884937480927472,0,0
0.24116026755875836,0.3160149396481164,-0.04875704077359474,0.3335547947354615,-0.07437253445576567,-0.029689817798000256,1,0
0.34919781417935397,-0.27802486743472826,0.47622376824234974,-0.20190593703485665,0.07135992211389765,-0.11860280611067339,0,0
0.09102716870045535,0.3809332843986459,0.026075882565000943,0.19564303532555652,-0.07893021373190987,-0.035843082626513416,1,0
0.334129108707568,-0.2671957206600134,0.4707032369755331,-0.2042844745291579,0.0517574768592183,-0.11906563880735511,0,0
-0.059268829622518754,0.5055204226917829,0.02354949260631448,-0.018497360441632173,-0.05918614821783686,-0.13809830601387907,1,0
0.3406247316856136,-0.2757246187979769,0.46639017829566426,-0.20999560641358095,0.06378107758347762,-0.11272379146958778,0,0
-0.12455527191411646,0.5631992149558583,0.06079008087779083,-0.037013352793666535,-0.025773297746643168,-0.1282397527111678,1,0
0.3335232994796808,-0.26567058711927083,0.4828762798727963,-0.19396086024559123,0.05252835416566017,-0.12500531498288622,0,0
-0.19276879637642672,0.5754342708300058,0.09667210554372059,-0.09409504387113225,-0.04696566110353164,-0.15322382637405385,1,0
0.3391920732536728,-0.2654734632526825,0.4924143614978403,-0.18635730386088561,0.056550100906327304,-0.1355020255663417,0,0
-0.23306601388253972,0.5792908150676922,0.10090549829304905,-0.12392943514482797,-0.04526354838463322,-0.16657711991263435,1,0
0.3470592784654754,-0.27553729683539047,0.5178965615535547,-0.1832950431558337,0.05910288918772478,-0.12206294036649074,0,1
-0.2676888440620305,0.5856381895146777,0.13896614039489452,-0.03945944545074567,0.05592648298445506,-0.08189322987592171,1,1
0.350357317855854,-0.2812821038427594,0.4987635151560992,-0.19820252876551786,0.0655152662796011,-0.11188852176770961,0,1
-0.27648650640880806,0.5906042712449866,0.12629096624011324,-0.05345491507658129,0.05174924169281037,-0.09345465329865521,1,1
0.35058870493392125,-0.28571408322351916,0.48507192668785204,-0.20933795784885809,0.06890309579966747,-0.10155131472330484,0,1
-0.2734000834762646,0.5975650937676397,0.13071653861077742,-0.05359337644069024,0.039774562520336634,-0.09382869775791143,1,1
0.34856448018395114,-0.28100709626677806,0.4747848362870983,-0.20911800057267196,0.06861065319598386,-0.11511779083405606,0,1
-0.24666700952712342,0.5915736230826044,0.14653522201603483,-0.0320429228704569,0.024215821887854757,-0.0851173234989062,1,1
0.34980361254739156,-0.2806324350693105,0.47952929687380696,-0.20605561402976325,0.06862782566115401,-0.11661902749492573,0,1
-0.2221590827804981,0.5787918471410669,0.14763027180613755,-0.00949162266054667,0.01946820847739254,-0.0756155155380333,1,1
0.3420486699387951,-0.2720112825268527,0.48444556105378284,-0.19844660347821694,0.05960445216224895,-0.12748920931973134,0,1
-0.21719565892456313,0.5779413083673764,0.15004345793666157,-0.01810999631860251,0.0028920012838271887,-0.09200902904130533,1,1
0.3577758633492644,-0.29019977335483627,0.4671246176125575,-0.21701721735651494,0.07876425032495181,-0.10441829146440809,0,1
-0.2454357097206268,0.6203738735618562,0.15163216846342814,-0.025566223808655406,0.02002321902803183,-0.07378183554276414,1,1
0.35151751506247725,-0.28363077614789584,0.4731954782743781,-0.21167743115460297,0.07267138280254751,-0.11475285311989268,0,1
-0.2252533000135097,0.594284695454244,0.14756494056184682,-0.014314475353085594,0.01607714822052429,-0.07977951175999727,1,1
0.3513805800080616,-0.28464142519912067,0.47332218762699463,-0.21337907499533823,0.07178767729834384,-0.11009264246811826,0,1
-0.22410092998114606,0.5887456136349032,0.14158663464884486,-0.01332185910107927,0.02121264332262985,-0.07901670429746635,1,1
0.35794056902729976,-0.28519609518131483,0.5126633002161826,-0.19246659552518092,0.06913997757320879,-0.11146678578968176,0,1
-0.22880131108651514,0.5969991158225636,0.14558481244665095,-0.006784806385214352,0.028864914444858676,-0.06185729343657173,1,1
0.35115773394419675,-0.28131822028126124,0.4910199874184451,-0.20205363845087454,0.06856050738806477,-0.11660454715735488,0,1
-0.22054632186609044,0.5844148638972665,0.14472219330188968,-0.008403831754807682,0.022778683400748855,-0.0753551380466673,1,1
0.3467352409867442,-0.2765166864539664,0.5034627600008291,-0.19274966710707142,0.06229315881076313,-0.1207179057576843,0,1
-0.20899706919057962,0.5677516531560529,0.136389811881896,-0.0029450370663644983,0.024931309133146725,-0.08179060251312847,1,1
0.22152881166051272,-0.35138898317430234,0.41624289137235865,-0.07159921201265185,0.3128697143006203,-0.029335953293759924,1,0
0.35307572777927937,0.22258363815993046,-0.0659290865885687,0.5102845177821538,-0.23149325821235173,0.0917771081783784,0,0
0.10866362217480906,-0.3451026115396173,0.2151762963547272,-0.032327500087862726,0.3248422679764102,-0.05646108665107716,1,0
0.34591550849805275,0.21103080001604765,-0.04846691732449984,0.5210085799619762,-0.23189426911027114,0.10870037415044168,0,0
-0.027881414991865916,-0.37184011195595723,0.05872182318614184,-0.07195774409804377,0.36195963411588605,-0.09893956821557466,1,0
0.32653125714554954,0.20237778530582015,-0.031976931907909414,0.4808834246827983,-0.23903455640824575,0.07326333256545352,0,0
0.31659292646481185,0.20129377781411875,-0.032561164910830324,0.45668717328567354,-0.24062089280570428,0.053404790517210324,0,0
-0.14070480915592376,-0.38096119648100524,0.017084771701490444,-0.041308315801803275,0.36005960306945267,-0.1141181082400304,1,0
-0.2740959526767145,-0.3988347244308038,-0.11012314441592297,-0.029704522786911877,0.2951350469012035,-0.12350621051171516,1,0
0.33984197786902925,0.2216252990419908,-0.06566181391079544,0.4713886400438222,-0.23432571824785467,0.05583495974768194,0,0
-0.3309209906287282,-0.39475788172254705,-0.10382402901885981,0.006724544521827487,0.28407429416692925,-0.12261887351494562,1,0
0.33991785559622933,0.2206428511374339,-0.06452637544468173,0.47263726489648994,-0.23371016973712563,0.05321069842346496,0,0
-0.4314333924052175,-0.40547261280424574,-0.18341806231142252,0.04318519896299168,0.16403088663758428,-0.0967165372535158,1,0
0.371004950444615,0.23670251765285635,-0.09974440648727399,0.5138278782916614,-0.22026451465161687,0.07471549799844857,0,0
-0.4327329962956731,-0.39391533565073555,-0.18563206726400155,0.04017692102568401,0.12923607494060682,-0.12280969270193916,1,0
0.35838984816049485,0.23151510744340742,-0.08305726013132028,0.5016139133257456,-0.22826857965267308,0.07657041917690845,0,0
-0.4460928830073286,-0.39546711190499745,-0.17975530473743687,0.04502945353985731,0.12363160433544035,-0.11134955668250494,1,0
0.35407407858064033,0.22869217710740475,-0.07727765579966601,0.5008337104966952,-0.23014410074662298,0.07673363178312712,0,0
-0.4497935817952476,-0.3956122194312615,-0.1949384455188618,0.06080647045966692,0.04911054723500974,-0.07694807022171517,1,0
0.35819619979663814,0.227558286070558,-0.08356996176288321,0.5192948236592384,-0.22641921931663134,0.1019863003861288,0,0
-0.4381978533231958,-0.4061459517559967,-0.1846638373319063,0.05116705211163234,0.06588597155441978,-0.06569807978791709,1,0
0.36073919792546766,0.23233043487882046,-0.09106293962851439,0.5160715190977653,-0.22804783312989899,0.09920616483946156,0,0
-0.4143548788419873,-0.386265691836251,-0.18024075166549616,0.05879922790428086,-0.03827138270706345,-0.025188490529170163,1,0
0.3465156480601495,0.2165380372437542,-0.0774963693252023,0.5180995935215318,-0.22847019497993667,0.11697517962669796,0,0
-0.4641741935011154,-0.3850333583282129,-0.1963364932074676,0.08602129397341095,-0.012268074873267152,-0.14780620981935733,1,1
0.3514891963242901,0.2361453979467818,-0.08685407592824329,0.4882831761478925,-0.23485275673223752,0.08004178081791932,0,1
-0.4603049942098712,-0.37912595159389256,-0.19487774445685568,0.09937124422893027,-0.016730936203899694,-0.14539956396054202,1,1
0.35897299176243314,0.23909486075748632,-0.09505257552645846,0.5006741904605084,-0.23222487694951632,0.09069576233948501,0,1
0.3569705884441974,0.24059354212417644,-0.0961426392182841,0.4922626542187199,-0.23368924688162462,0.0841619047560911,0,1
-0.4755167758962919,-0.3884311433513172,-0.19348787223709407,0.09789041888038504,0.009573347878872108,-0.14244811813771904,1,1
0.3498027244765145,0.23138173190011896,-0.08251910776377987,0.5043352820163178,-0.23614968816375234,0.10485893818512666,0,1
-0.4879860370546377,-0.39508074541703414,-0.19116916712171642,0.11460207631352642,0.035304431390940506,-0.1175625111716426,1,1
0.35384478746104303,0.23498094833848915,-0.08856409679311886,0.5031728193324455,-0.23512163936796174,0.10330198054164377,0,1
-0.49557994839444486,-0.40756462803605925,-0.18401783640565408,0.1156334688131485,0.08170346377257195,-0.10554268408204041,1,1
0.35481030497576277,0.23632612440739453,-0.09038039043965,0.5004032852998125,-0.23424305573000603,0.09614098447514578,0,1
-0.4934438055301969,-0.4021512293764047,-0.1860537610948696,0.10619738661273442,0.0672825193344054,-0.10922848078057924,1,1
0.35582886802886876,0.2313068266613184,-0.08603905803158411,0.5126326464589684,-0.23112050272534213,0.10879304518234884,0,1
-0.49083426840578276,-0.4220659839622531,-0.16876095783011708,0.12017869214688896,0.12018810470513841,-0.07447880281850855,1,1
-0.46170363562152544,-0.43202472097510536,-0.13304896218770113,0.11401741102001416,0.19125018865357835,-0.08621331397647437,1,1
0.36258983747829043,0.24327463183368495,-0.1025424900819077,0.49939847464336506,-0.23064347312010622,0.0903925265428117,0,1
-0.4505060370097968,-0.43593561195927055,-0.11726314619764895,0.11386777405035353,0.21662613388364219,-0.07534484628588371,1,1
0.3542443455980527,0.2344883047476582,-0.08610913198080244,0.5028178534576259,-0.23359893356459818,0.09549290136526696,0,1
-0.443270537651182,-0.4335531540438171,-0.10982662658526765,0.10018708626363951,0.21668041034841454,-0.07809225438279044,1,1
0.3539583545391777,0.2358798614448896,-0.08735457172759258,0.494085717261282,-0.23347216963523723,0.08364915153366105,0,1
-0.44245844048488775,-0.4305300291700806,-0.11351010488910329,0.09683497607491183,0.21789658742070075,-0.08587934374424505,1,1
0.35283050574829516,0.23497346254735957,-0.08612956389153785,0.49162932750856836,-0.23313973663820758,0.07913021978011114,0,1
-0.45567186259208053,-0.43278402673463134,-0.12780024923600958,0.10090406836693784,0.2011840139214817,-0.07564574775865507,1,1
0.3547184716645372,0.2301287385899247,-0.07892502732260069,0.506497232068707,-0.2313956864561121,0.08994270509194023,0,1
0.2814520138184634,-0.23052093482008879,0.6306207074609138,-0.07580184828790365,-0.08674295142415192,-0.07862683329663663,0,0
0.26113237307795306,0.1948299535942867,0.030771013979834613,0.47459077638575603,-0.23573884407473364,0.13005676111897,1,0
0.2894176211683429,-0.23844159607759705,0.6349827607129298,-0.08707351480309015,-0.0738371749085399,-0.08082851022479252,0,0
0.21889467048172645,0.14907949331490622,0.0942606615063049,0.41085598936510875,-0.22149276345324695,0.10147483258186188,1,0
0.28723834173858664,-0.23463399536592083,0.6434329228087022,-0.08490440153369294,-0.08015204388346327,-0.09406932427869666,0,0
0.2787646561995324,0.3433783849582761,-0.04528737963851351,0.4286921169944921,-0.06292728394145485,0.09846281957649977,1,0
0.2793256639555374,-0.23062293683691257,0.6143891042045106,-0.10572918715753134,-0.06964763310501969,-0.10378880744456413,0,0
0.09561581737805484,0.39891305274039945,0.027147384095401454,0.20179935193472143,-0.04194849510431384,-0.015745653152950914,1,0
0.2672826272867847,-0.21971935249055957,0.5931907881552161,-0.10549689715547114,-0.07710563960648734,-0.10863096248049679,0,0
0.011516128502711121,0.4403932268423424,0.05820184334468991,0.112872075221693,-0.007915444651105134,-0.049983070327075066,1,0
0.2911753325283841,-0.23962811338415096,0.6342236904701536,-0.09850058526419721,-0.06654439498393308,-0.09408750351384707,0,0
-0.12673871095709896,0.5490549666949475,0.03413743464838151,-0.007358125214622363,0.045951511613425526,-0.07923299972798813,1,0
0.2869888572423635,-0.23960440109474196,0.6063045845481393,-0.11935101945135414,-0.05295062332627619,-0.09514929781124672,0,0
-0.2271821949120794,0.6026729059208574,0.09921883425332952,-0.0871954755036377,0.012609480897772562,-0.1158684484793401,1,0
-0.2689812652328266,0.5596319310083928,0.10198056758749673,-0.14271723492949734,-0.05002635529744331,-0.159444907272558,1,0
0.28319185800827656,-0.23350435917518747,0.6075424291636496,-0.11124681076361043,-0.05903974676229567,-0.10532452333759518,0,0
-0.2871967660241001,0.5462996739295816,0.09977190294136884,-0.14860156023741447,-0.05098536555439498,-0.15206674941300055,1,0
0.2962082597115927,-0.24716366039335408,0.61399379541312,-0.12348300148616248,-0.044166401020932486,-0.09300644398229552,0,0
-0.27406620956074085,0.5003551701531294,0.08777706878103703,-0.1408167683797747,-0.06247313644811384,-0.1511328337989387,1,0
0.29795897338561617,-0.25021900235530453,0.6151815304720907,-0.12554430884495238,-0.04262338569013306,-0.08484964007052923,0,0
-0.2759877395238252,0.5103993461240068,0.091242844223356,-0.1353098364304558,-0.05079015441631437,-0.14489382305216408,1,0
0.29658328591284583,-0.2514607661645996,0.6137610820942496,-0.1286033510711869,-0.04535239529509447,-0.07547376663493462,0,0
-0.2914117122924488,0.5602898227427207,0.10586172046190125,-0.13508511467261494,-0.03441764946297441,-0.13864543040358332,1,0
0.305707351475384,-0.26119972774554606,0.6064326441681722,-0.14229054444804531,-0.028814850906435093,-0.07192098904536197,0,0
0.30440521907453566,-0.2594824846957171,0.6104533508173694,-0.1431505106391675,-0.03423782367171228,-0.0748462445265865,0,1
-0.37477859770953126,0.5881994028825657,0.1283834636883424,-0.09227534790158923,0.09103847989766298,-0.08559750600416746,1,1
0.30468838731992715,-0.2569749816214969,0.6181944977867714,-0.13719208532345673,-0.03823198085932576,-0.08205738702141745,0,1
-0.36307343733596,0.5802776758379553,0.13139556663434288,-0.07729275948249963,0.10176209834581329,-0.07710147182158923,1,1
0.3020713169452386,-0.2537730887613293,0.617121396733003,-0.13307016815275116,-0.04011511777441609,-0.08793307565833296,0,1
-0.363211165210353,0.5797012787616136,0.13076457268862832,-0.0860293927601348,0.0856847864148588,-0.0893241254011918,1,1
0.3049934602215916,-0.2553186675914987,0.6236689620176638,-0.1293788391401299,-0.03858373460674247,-0.09160406939338056,0,1
-0.35680166620807097,0.586249059887302,0.13959654946872926,-0.07513718470030027,0.08753752594998072,-0.0769765149369922,1,1
0.300339729819496,-0.255705392433168,0.5884488699306405,-0.15168822234461504,-0.027732929996602727,-0.08732344819977163,0,1
-0.3223706638112859,0.5708957753226228,0.14545388805155163,-0.06628744465888485,0.06982121116834974,-0.09353269990486736,1,1
0.30654324635601204,-0.2573361025503671,0.613910916188782,-0.13883839372563525,-0.0319428300903221,-0.09320313929148562,0,1
-0.3194384053483042,0.5737883628601705,0.14253840848514213,-0.05927891342893537,0.06854233528895119,-0.082250481934095,1,1
0.3019622342266505,-0.25624050180769203,0.5857898468880719,-0.1533849131999215,-0.023846412416113075,-0.09394806036793771,0,1
-0.30500278517592144,0.5683991491376784,0.1456980803115887,-0.06514778106039619,0.046820268043115766,-0.10293711823989939,1,1
0.31109140946737035,-0.264175866131192,0.6095910917747092,-0.14660338500191916,-0.024969662236253486,-0.08155463626222863,0,1
-0.3169310460046519,0.5935376050116914,0.1561575813318656,-0.054227724259901536,0.06010184129183994,-0.06915814284074975,1,1
0.31665530892593036,-0.26715401441264897,0.6223648201469124,-0.14076493765909517,-0.025480011973896474,-0.08051356717739695,0,1
-0.3003986894825381,0.5744241146255099,0.14865703552230664,-0.02943047478551995,0.0728702092395057,-0.04577082162159844,1,1
0.30623833679170986,-0.25728823392484024,0.6106850189603615,-0.1408760468528106,-0.030864230667538864,-0.09473904162404086,0,1
-0.29037514200724546,0.5642368997132092,0.1493880528706769,-0.039633432516646215,0.05722219508696727,-0.07410642570502268,1,1
0.3030880418652002,-0.2574029038966497,0.5884128495451038,-0.15333598691110373,-0.02440766724648303,-0.0922851290704338,0,1
-0.29873566514994787,0.5763057192204875,0.1555257798259001,-0.055486284495730634,0.049065316740887606,-0.08923937241411511,1,1
0.3028867640378804,-0.2580446378956022,0.5804770025349805,-0.15829155001773537,-0.020940396383067095,-0.0919456598508674,0,1
-0.29337575416696,0.5687528640317618,0.15521232878773616,-0.05338615990369578,0.04665096202098613,-0.0909345432061308,1,1
0.29863034827396023,0.22312500353045941,-0.09340511934823209,0.3814360893533125,-0.28506321495280984,0.06419807838133768,0,0
0.3028677319337884,-0.2875339427415651,0.5330830592580164,-0.21857155821696075,-0.017766350610252994,-0.018402072943204326,1,0
0.29968938326915806,0.22249469043583858,-0.09048485736350324,0.3930566769196398,-0.28553419127933866,0.07613785210791832,0,0
0.30603578504775536,-0.30235043200314754,0.5119555092098502,-0.22870371661363592,0.0038174324066543213,-0.0007463537951443735,1,0
0.29338388478006777,-0.33078385017360457,0.36820784331906004,-0.3029247851292776,0.044516758014305755,0.037493239224262946,1,0
0.2994454609225497,0.22402661870256865,-0.09386389441767423,0.3864524016099226,-0.2853133033783776,0.06911012652373874,0,0
0.3075927147229179,0.2272006223104039,-0.09690319727083917,0.39713215425673964,-0.280610611344904,0.0680840551202028,0,0
0.3006105669689213,-0.3272013044297146,0.51061815705423,-0.2208387304852282,0.0766613259990714,0.029940268856368434,1,0
0.2923955309365237,0.2232120395542747,-0.09553421883058023,0.3666993411144646,-0.28778478704024657,0.055418679946770785,0,0
0.2530087779480913,-0.2635862060281416,0.6137854627270405,-0.09030201293249696,-0.001869369741736737,-0.028059023172758803,1,0
0.2730494960232273,0.20743828024946642,-0.0706625329008969,0.3429039337586587,-0.2857520482102451,0.032090628228705294,0,0
0.14261695671184169,-0.1253046446446161,0.49350487122415987,0.018861874161848396,-0.20037977161513246,-0.11326301236851823,1,0
0.288155848217428,0.21786172658428424,-0.08457098029416969,0.3700992833889986,-0.2878518998441886,0.06096164044531478,0,0
0.11929222960934124,-0.38224834957989273,0.412580692501659,-0.10206503747199923,0.2246611609327822,0.00375547317903724,1,0
0.29295785782285017,0.223235790667477,-0.09915433386746836,0.3600804847547254,-0.2863350114357367,0.04400520658380421,0,0
-0.17685042443283056,-0.4467820901628369,-0.10348883433949535,-0.1487005660611012,0.13874874765583425,-0.0696964230941803,1,0
0.3076199338230734,0.21933566875263746,-0.08687223175816396,0.41470941209555956,-0.27951992449193164,0.08406421962030954,0,0
-0.2498660568024902,-0.4862988785695959,-0.0013249055018088808,-0.02153131523937298,0.26295670402376453,-0.0077990967654940685,1,0
-0.3830744820347521,-0.4736832282931256,-0.16334104299299065,0.02263141360876022,0.1228567482917125,-0.10184611523401314,1,0
0.31021771695347555,0.22379760000463658,-0.09441190761803638,0.4095693947579839,-0.27994639520237535,0.07413730599869052,0,0
-0.4332230009604555,-0.48001816957823995,-0.1388996843291292,0.09771651119377323,0.13941949930653286,-0.04724042284469833,1,0
0.316902152995113,0.2246377517928472,-0.10516775772681745,0.4277900811927416,-0.27777895998702845,0.10146279847479316,0,0
-0.46057770527305253,-0.4580966419523534,-0.1455995365207158,0.1269070736468893,0.09535077945687774,-0.040609762440995796,1,0
0.30868801070716423,0.21589774994102284,-0.09278661071004254,0.4334701288273892,-0.2767237007423204,0.1163128826954486,0,0
-0.5307480319502327,-0.3972543426131394,-0.18108975946832442,0.13916719362584196,0.020532059607230844,-0.09784872264360071,1,1
0.3210807547255101,0.22506383623089013,-0.10064359974150708,0.43222235544124243,-0.27738732242974934,0.09747299452406943,0,1
-0.5172639283210888,-0.38400326602493645,-0.17863857851291826,0.12841048631671753,0.003746101491729691,-0.11376589671810781,1,1
0.3181139328382325,0.22549826252136346,-0.10133608783995632,0.420629818633175,-0.27830166464886147,0.0864497467203153,0,1
-0.5163349849746118,-0.3765848549205116,-0.17886680600250948,0.12865211312109842,-0.014641678077056563,-0.11594532419570505,1,1
0.3143975413043633,0.21844347936019845,-0.08336755597675405,0.43531399880546395,-0.2773926167989082,0.09731478221858651,0,1
-0.5137961135585811,-0.378254361460899,-0.1745942201934817,0.12936814502259544,-0.005675314190801663,-0.1258600500019592,1,1
0.3144535311352808,0.2201178451636358,-0.0879146664385023,0.426445273428057,-0.27782305846708283,0.08597263003520193,0,1
0.316984547850219,0.22803534097110753,-0.10704581699678442,0.4136173115269425,-0.28033004510263676,0.08194319595369302,0,1
-0.5144587840922059,-0.38855386507165834,-0.18176223143523446,0.1370688061584884,-0.012699464768230143,-0.1301717179606571,1,1
0.31826575418456,0.22842676293720365,-0.10827716534295462,0.4178731574284574,-0.27946140208315634,0.0884847366639735,0,1
-0.5230033713711291,-0.40619358148364004,-0.17918676854912288,0.1510298915913018,0.01427821995573481,-0.12029087937079454,1,1
-0.5269062385929569,-0.41627272153635736,-0.16462852292295285,0.1511764793580531,0.057924867956927986,-0.1131745471494343,1,1
0.31790742394366645,0.23065703393159415,-0.11131391961393225,0.4093827179300684,-0.27996845406979465,0.07713050337114202,0,1
-0.5289487425462326,-0.43102462925368706,-0.1618611234411808,0.15812318747400658,0.05006451900188036,-0.09958659828896595,1,1
0.32108564680132584,0.2288110593851882,-0.10620200512843049,0.42596481549531234,-0.2773388706337599,0.08923248177552298,0,1
-0.5144271966223601,-0.44351987725381464,-0.15684747092050594,0.15287936451044531,0.031412422010647735,-0.10204391493988034,1,1
0.3128510700888347,0.23083882284548682,-0.11294659023514227,0.3974302161393725,-0.28237065892134205,0.07771718704126679,0,1
-0.5082853031643804,-0.46057343998903133,-0.16117266449979034,0.16019678656965367,0.013058280916004519,-0.09773835969306116,1,1
0.3097742971013613,0.22939424034434877,-0.1147054483495297,0.3939713406853003,-0.28479815053005736,0.08522015651164246,0,1
-0.4990535178364924,-0.47457071265015177,-0.13316834369673913,0.15730789702678116,0.0702147861918975,-0.07197316309943401,1,1
0.3109567155405954,0.23179777996275633,-0.1222486400382831,0.385070640656046,-0.2847778396582589,0.07716948125623614,0,1
0.3065523142975744,0.23202406077869636,-0.12332836293901965,0.3760539366891093,-0.28678170216464444,0.07385110890285798,0,1
-0.5019047866791182,-0.473611982837594,-0.15091780230290808,0.1559194826579957,0.05474441318358858,-0.08881186781078858,1,1
0.3151976600499519,-0.2560968150321734,0.5195381982931717,-0.1756508845086778,0.013728998802452033,-0.0932417269807112,0,0
-0.14001133654141829,0.566305794526853,0.09632715730185815,-0.029130069967277912,-0.053690606760700595,-0.13868772963291667,1,0
0.3230998131073832,-0.26330685978872603,0.5047145661784155,-0.1860027315417744,0.02816718510836954,-0.09115530367391504,0,0
-0.1879364287725738,0.5847555679764321,0.12101713003302723,-0.05913763138544891,-0.052536286746192144,-0.1420253371912666,1,0
0.33251136681256255,-0.2733185147537356,0.49716198180809223,-0.19566546082823982,0.039040450015438044,-0.0765258697159134,0,0
-0.23275093277502562,0.573827574013032,0.11934204567382127,-0.11067652926472112,-0.07834016003433589,-0.1630570544635788,1,0
-0.24099775979891652,0.5683228021349435,0.12981484353575107,-0.11831513286598891,-0.08377383796313748,-0.17696953088883705,1,0
0.3237108622985038,-0.26589875224553405,0.4879447100335808,-0.19967228627447023,0.03136948836860485,-0.08746956506937814,0,0
-0.24130745418405533,0.5290080899156401,0.12222144777094585,-0.13136372124189,-0.10724852796768487,-0.18434493365322618,1,0
0.32880122336199863,-0.26634216812499323,0.4951627742501717,-0.19698666049045427,0.035645424265290104,-0.09549604226795583,0,0
-0.22701852021499835,0.48412745225495213,0.1121152580803549,-0.12825508889273476,-0.1230453240953845,-0.1799674685105737,1,0
0.33138281375425804,-0.26964783262981956,0.4887728163167075,-0.20495486255757722,0.037860041210310266,-0.0902183849185484,0,0
-0.21933855950028813,0.4575801719466047,0.11045570957446428,-0.12760328936814097,-0.1409017302320677,-0.17881572754248154,1,0
0.33584259078639445,-0.2709985161185059,0.4917996131058404,-0.20194574342128646,0.0439853153571677,-0.09766364298266987,0,0
0.33621357579848793,-0.2747846899610637,0.48734588665024964,-0.20867223435534266,0.043634566191296166,-0.08578665847025516,0,0
-0.23587353181895945,0.5128808957454205,0.11944404178180627,-0.12802468978456782,-0.11578004611155457,-0.17802975220039086,1,0
0.32913778074742656,-0.2704339796004102,0.4692011613634399,-0.2141623902358754,0.04004833266350454,-0.08835697613987438,0,0
-0.23178890907450814,0.5251272263649124,0.13276749847307037,-0.1279910074962536,-0.13158382460506654,-0.18853291178831028,1,0
0.3318254796784204,-0.2704388297615635,0.4873190250228555,-0.20433657568633298,0.039484410207192344,-0.09119448857874837,0,0
-0.23337720929818925,0.5705553566370509,0.14486430400917766,-0.1120705467544714,-0.10888702231758404,-0.18027192583308796,1,0
-0.23903069233700747,0.5932033883190807,0.15313357521111942,-0.1099846352050953,-0.1052248712545371,-0.1780783707471175,1,0
0.33499662440832967,-0.27165195704123024,0.4901275930827985,-0.20228613100573722,0.04301572860314011,-0.09538873810742626,0,0
0.3328438004251451,-0.27033213424724584,0.4907499927186432,-0.20188977991241328,0.0401230967149043,-0.09501224715183881,0,0
-0.2355722978757194,0.5809167243556786,0.14855086425060882,-0.11048348981008184,-0.1058942145149685,-0.17956170968740406,1,0
-0.2955634997757054,0.5708189532399073,0.14640295700506678,-0.1358565689516509,-0.05736980684975949,-0.18555304743738116,1,1
0.3050010641787736,-0.2472054628740371,0.4553849878965652,-0.19910052579716606,0.017313850390709238,-0.11782689980115434,0,1
0.30552436426901136,-0.24811688318143604,0.45470106145614825,-0.20001053261756577,0.017615141511781906,-0.11744257075808626,0,1
-0.2998814409501292,0.570009231320982,0.14077949790272412,-0.128020376965689,-0.036814529934881275,-0.17944660355982636,1,1
0.2878981146713859,-0.2346788682326613,0.4301447086022854,-0.19664924350133167,0.0033846321686084543,-0.12048928047339193,0,1
-0.27708921256752417,0.5419561561797333,0.1464656160324337,-0.10438903355448527,-0.031199715314068358,-0.17369211752074218,1,1
0.32081906615126266,-0.26088050669454843,0.4696558577888083,-0.20317918871868407,0.03338244543106876,-0.11442805466280359,0,1
-0.3050456649794241,0.5865735992560777,0.1460676786452297,-0.09223006106522284,0.020872263882903017,-0.1444125661240333,1,1
-0.2744217746173083,0.5468901514582521,0.1516586301433712,-0.0858421068375765,-0.014137444197755445,-0.1515227059150924,1,1
0.3016539813831942,-0.2444993253181111,0.44381906612730143,-0.2006156447124182,0.01668696476186012,-0.12420070398102001,0,1
-0.2824610251234112,0.5510005296114577,0.1463732372807228,-0.09438703893903627,-0.01753135862636137,-0.15486170296645752,1,1
0.30685985806019106,-0.24830010395286164,0.4559184441902208,-0.19885218639520075,0.02007825455427684,-0.1232800733767387,0,1
0.30510821830333384,-0.2465420515920992,0.4488186533729996,-0.19981751014983745,0.020067349157719364,-0.1260236003980239,0,1
-0.2913819896654418,0.5603518541018152,0.15065453117826372,-0.11395320625936696,-0.038575971230487505,-0.1681716311579189,1,1
-0.27817794071862156,0.5520838304230737,0.1401622320287683,-0.09902872455341809,-0.027243889737242757,-0.16359784715899217,1,1
0.3096756580781826,-0.2503973186148981,0.45504159374327646,-0.2014968993173379,0.02328087823593311,-0.12295580704005596,0,1
-0.27169300871328067,0.563155088095998,0.1493276000741369,-0.09113606225380712,-0.02920930133995512,-0.15844757687774477,1,1
0.310165229441105,-0.2513533616019653,0.45794598671638304,-0.20089104258743465,0.023900177702560102,-0.12218260993076548,0,1
-0.2368037253293756,0.5293264633160892,0.15714893386615128,-0.0692416449009746,-0.04824765447577176,-0.15298691182671392,1,1
0.2932539415813233,-0.23842923035649483,0.4268215700961268,-0.20277512289562052,0.010038356915875282,-0.12475826928364016,0,1
-0.24764909411322214,0.5509326845684845,0.15993460184931874,-0.07410116577545414,-0.04504884127634763,-0.15331052143971224,1,1
0.302473081552316,-0.24530422984236191,0.4377825898970258,-0.20410490613640417,0.018699925827182357,-0.12462989562971982,0,1
-0.247506267476369,0.5427096532246336,0.1566321219049783,-0.08220255604921776,-0.056878553111284584,-0.16206376206811793,1,1
0.29800536562629204,-0.24248158008672088,0.42055113048016307,-0.20777939510372453,0.017165536177105072,-0.1265754148893807,0,1
0.38611428197654485,0.180114091929338,-0.00850197819080756,0.4494383903881754,-0.15215361024201846,0.0859332880517783,0,0
0.08951555290400542,-0.3658935113440548,0.30662713543845355,-0.08632749459450519,0.20187235382006283,-0.06936774615890062,1,0
0.36758126880693637,0.1704391805407018,0.008227839309083627,0.43152194875124644,-0.15902922264049793,0.07567213176334002,0,0
-0.05046691009197211,-0.41273326902325735,0.12908321509831996,-0.09927913623921243,0.22238348190630083,-0.06137544225775142,1,0
-0.09626913223306761,-0.41422538142407844,0.1610877286106958,-0.04699465252175433,0.23319402439767042,-0.05257098892939928,1,0
0.37055634909703483,0.17540725654334074,-0.0008419018722979547,0.42857771453494,-0.15839817972655706,0.07298998576060171,0,0
0.3727538025413073,0.1784967763468447,-0.010381617258893428,0.42204441970798096,-0.15618396817957994,0.06530295993024031,0,0
-0.17975406406843072,-0.42578273951343787,0.07413958233356527,-0.01728006504435303,0.20814624068691134,-0.07833775432753179,1,0
-0.28297853361019515,-0.4700631685000021,-0.026432512339366682,0.01848362808751255,0.18696107970790687,-0.07814835218864785,1,0
0.3970981857312665,0.18707709901330385,-0.014759652212999469,0.4656900967812911,-0.14834571797399776,0.09707728329407724,0,0
-0.3875621930392077,-0.4919389558760436,-0.12855015657379704,0.05738898393238201,0.09733794171161397,-0.08583248369525258,1,0
0.43359202360340027,0.2095286955775728,-0.05971877392780224,0.49580378755011234,-0.13248451150335128,0.11783198500680597,0,0
0.43096287521476595,0.21081273476145013,-0.06464308829538723,0.4803822018288268,-0.13037563359556797,0.10161026668684395,0,0
-0.4066457390219844,-0.4805105160672934,-0.09853277448853523,0.0713868300371486,0.127767903506646,-0.07476778797368355,1,0
0.4270915834458408,0.21202101358746536,-0.07111082384846285,0.4639044087670696,-0.1315852521022678,0.09226450869527354,0,0
-0.42169992926402755,-0.462691268483283,-0.0985468838229024,0.0770518952165728,0.09916962023134167,-0.07247018791171511,1,0
0.4102176650587592,0.2029829238276512,-0.05183861239992049,0.4517553896069872,-0.13977371700764255,0.08644725947933281,0,0
-0.4288694010914875,-0.4378525084018463,-0.1310996396715811,0.06958489431949454,0.04241207146788025,-0.10290696951691479,1,0
-0.4174767469752593,-0.4109559854266624,-0.1375156544688414,0.06539251912832302,0.008970717850083201,-0.1294493482936559,1,0
0.3990641696040749,0.1972822562956281,-0.05011406005142006,0.4279570394573107,-0.14109428697341328,0.06472429128451156,0,0
-0.44638879443223234,-0.4203444747660606,-0.16198316853132397,0.0732582194383552,-0.017276081997267125,-0.12340779223775458,1,0
0.40771914185482055,0.19869566376322798,-0.04313175264366714,0.45456543274371763,-0.14111240842370676,0.08557028773058276,0,0
-0.43935054243865884,-0.41032196550833566,-0.1615684629546739,0.07052087900111818,-0.03915908032921962,-0.12866030122917055,1,0
0.3954411871988865,0.18944072968089481,-0.023432838563132195,0.4519888554174482,-0.1464708075914509,0.08316074233487096,0,0
-0.46447108576491614,-0.3748025645222482,-0.16722402760232785,0.11205759951765061,-0.1145331710194151,-0.1349153379192882,1,1
0.41692716245115324,0.20407419717076603,-0.057166813750322294,0.45923531578280896,-0.1350387823325564,0.10280678963764867,0,1
-0.49158048608896,-0.3929244991878831,-0.17564326323943927,0.12077998632569067,-0.08690363259808039,-0.12821602399657928,1,1
0.432048734733738,0.21174573319145498,-0.0708452608906093,0.4735885766487586,-0.12822504780501184,0.10546180207716861,0,1
-0.4856796519330918,-0.3951097728464433,-0.17026109494344038,0.12030598143436519,-0.06356048740055298,-0.13623969597150062,1,1
0.42498874580566565,0.20940304379852068,-0.06674503884806213,0.4634384852507445,-0.1316287084246461,0.09751738274850928,0,1
-0.4834468871313367,-0.4096403732179299,-0.15018985507631138,0.12184961834345641,-0.0038668964588099044,-0.12530741037083098,1,1
0.4194688957066836,0.20783620192061503,-0.06650561034284853,0.4518579643271239,-0.13230947267488954,0.09236649682334354,0,1
-0.46456294805387677,-0.41301075511964175,-0.12543728896950135,0.12016272733663473,0.04488550071593779,-0.1281074646256947,1,1
0.40940021507569707,0.20156059263080894,-0.057617911488182086,0.43813650983860797,-0.13592385597816187,0.07413119373553775,0,1
-0.4759569822382759,-0.43128316629805663,-0.12984374980530194,0.12584914237945022,0.0338643854020544,-0.11386957326841064,1,1
0.418820967046669,0.20646332656134275,-0.06347096898354893,0.45199155255911516,-0.13245290785194638,0.08920560922293035,0,1
-0.48760299528919343,-0.446686800509953,-0.1401410044530959,0.1314600523124274,0.010690907129477257,-0.10111938344900953,1,1
0.42738318228914274,0.20955897730537015,-0.06759748235007018,0.46683707971936045,-0.1301954781387729,0.10420136259603319,0,1
-0.4864178751543303,-0.45370520709160167,-0.14153080949913627,0.13383074110269583,0.01674969087702137,-0.10574492339775356,1,1
0.42207599386763633,0.20450271404476145,-0.05178242974659234,0.4763816168804124,-0.13483344547536658,0.10808514876827961,0,1
-0.503217447196315,-0.4738837833031656,-0.14726779677891247,0.14988697952364594,0.024022657822098857,-0.08674390098460812,1,1
0.4381756505070202,0.21304842791623899,-0.06719013227245879,0.4997526783502549,-0.12847723842941353,0.1297385366521455,0,1
-0.488029659778093,-0.46464901162897493,-0.13744687185183344,0.13900459330014722,0.0407885239672872,-0.09855224185731873,1,1
0.42932501238362947,0.2089662632927513,-0.058564061649608326,0.4866064110362509,-0.13202062977848286,0.11700308179693492,0,1
-0.4799935227449721,-0.4579121042360141,-0.13440335853696034,0.13048543431929663,0.04284155690267875,-0.10555119530875547,1,1
0.4202432695616108,0.20466813681437107,-0.050300389672538755,0.4754321919117783,-0.13622601187064104,0.10665191849901509,0,1
-0.48146378416964786,-0.4574264770147651,-0.14676072639836976,0.13024102122270342,0.01982098575928124,-0.11204709207292736,1,1
0.4259461530497312,0.21029731413765973,-0.06191409937102024,0.4750485064935423,-0.13338817131492392,0.10984915617395676,0,1
-0.16842502115482022,0.602824989810197,0.1339380679514042,-0.03822779898500012,-0.08520336336644185,-0.11811308794771867,1,0
0.3202031656231446,-0.2748777915734839,0.3844248176842542,-0.26920278048701207,0.020806472413860303,-0.04801008251097962,0,0
0.3079325404300959,-0.26562110130597966,0.35700021070585686,-0.27481684354031416,0.010474369619889817,-0.05969179099163021,0,0
-0.21640077123000123,0.6027561717465442,0.13910552909573115,-0.10378603560016061,-0.0976135524913396,-0.16932655290608498,1,0
0.30994668432205347,-0.26977327976266846,0.3455507724536807,-0.28473845484934385,0.010765823767752244,-0.0504947333933878,0,0
-0.24327885516127323,0.6136606355499749,0.13959856292931153,-0.11867678476508357,-0.07933183562793424,-0.16762015953533985,1,0
-0.24771079936514653,0.5900121726156027,0.13166990828603733,-0.1287097342632927,-0.08019851168230804,-0.18146975795548956,1,0
0.3122243437114529,-0.2659537000001942,0.36187825107244675,-0.27285042050170455,0.01574189375833125,-0.06897437824785972,0,0
-0.25845903092056,0.6154966856730972,0.14077028136383335,-0.12147392257408485,-0.06408261579584931,-0.17073053707493688,1,0
0.320612175634123,-0.2706994464265264,0.38588223663563653,-0.26391225601238527,0.024257016558169614,-0.07053295229039319,0,0
-0.2478607694326018,0.61090955328347,0.15115531403923976,-0.11419771632488405,-0.07695015738485442,-0.1742659694215863,1,0
0.3138372673639252,-0.26414149638151846,0.38244311071999787,-0.26032928174008607,0.018931474847663957,-0.0783645063217942,0,0
-0.23746520438282473,0.6074883676611287,0.15768288626031499,-0.10240126065078635,-0.08156667297190189,-0.16950046554250014,1,0
0.3036219560540116,-0.2599664501209694,0.37133660525180934,-0.26157690608669676,0.009329681780372953,-0.07037449094583177,0,0
-0.24972681126501667,0.6283399730848639,0.15597277660713482,-0.10497241270392042,-0.06915479144730823,-0.15906420460974904,1,0
0.31785827997896593,-0.2710558244977827,0.40068382589214585,-0.258089528976285,0.02087475268116573,-0.06181627085342943,0,0
-0.25911991671142737,0.6339627094096862,0.15075095882978123,-0.11047579840426053,-0.061564869754630845,-0.1532159753332562,1,0
0.3258933736252098,-0.27770891156021255,0.4067357506141091,-0.2595739978481117,0.02800661157168826,-0.05669602892133777,0,0
-0.2573318623945644,0.6325727865903201,0.15192201579389986,-0.10775718260294956,-0.056517546970549566,-0.15401389045074326,1,0
0.3229050326879585,-0.27377897291939596,0.4155480633685775,-0.2530509313290575,0.025165207853586148,-0.06358183027612833,0,0
-0.26085430053731196,0.6253186450848933,0.14438446326478951,-0.11985584237088272,-0.059542259204111894,-0.1649317563848343,1,0
0.31843844281888345,-0.27531223652754455,0.3593902392106101,-0.2804854540673804,0.02371111194629211,-0.061836869537541035,0,0
-0.27716924751255007,0.6474981398846326,0.14092132607529537,-0.11409937300940495,-0.03472546071299394,-0.13543639464602358,1,0
0.3291733120189328,-0.2880754509218527,0.3661002278956428,-0.28322635936890694,0.029933868178072778,-0.030933929048607367,0,0
0.29683097018405946,-0.2577460121537558,0.3269261320605693,-0.2816200102247754,0.00110128680471306,-0.07134232013411718,0,1
-0.3127772464267113,0.5723125814502134,0.15158428661736637,-0.10052828518662148,0.009424151659531593,-0.1406859554671953,1,1
0.2973764882373433,-0.25728273254481504,0.31832316395856636,-0.2831662456202484,0.004311052819006958,-0.08020995340286942,0,1
-0.3097969414031925,0.5761550097295146,0.16484146485536325,-0.10491268582702236,-0.01499913620775371,-0.14268485012729032,1,1
-0.290589216089357,0.5667933802249872,0.1653133975897352,-0.10074317143231962,-0.03172060534261657,-0.15129245091856003,1,1
0.28660535881733123,-0.24800711464979042,0.30426554879078066,-0.2800597751554449,-0.007171914609313876,-0.08549963741958864,0,1
-0.29402295831928904,0.5902847854233558,0.16804971215998138,-0.09444537666977862,-0.018823318367725016,-0.14287534777482627,1,1
0.3015911303679391,-0.2591501454691393,0.3223454895690436,-0.28302240017754676,0.007827824698925252,-0.08306475743629832,0,1
-0.30903415778697335,0.622709437265143,0.1645663015179119,-0.09127997003243667,0.0005258166958634283,-0.12560077497596356,1,1
0.31753453857803743,-0.27702145735902506,0.3270463611075306,-0.2965964047609217,0.019686573111401772,-0.05836999573692046,0,1
-0.3012348370579909,0.6262311764204972,0.16731353696978826,-0.08562010523452844,0.0001381832838943631,-0.1255372185885761,1,1
0.319097221271323,-0.2768748857212084,0.31696431656181545,-0.3015762398756248,0.021237133533468882,-0.0653924776218374,0,1
-0.3039551079695719,0.6346058642514133,0.16565944840190988,-0.07076883462899354,0.018084888187214265,-0.09936338177607591,1,1
0.32589154818028165,-0.28581407074192505,0.3101266415472595,-0.3079992580548259,0.0249753106403872,-0.04440862226818662,0,1
-0.304009275236056,0.6342973578262833,0.16838835782426664,-0.07160711989719054,0.012561069177975167,-0.0973084466898476,1,1
0.33003587894910225,-0.28722923163481706,0.33104536004735574,-0.29991021919413474,0.02981308013022727,-0.04561884326731565,0,1
-0.3066315210630957,0.6354297844471556,0.16536954738351303,-0.08197180097445751,0.007849279527057192,-0.114473729220349,1,1
0.32627795590448777,-0.283341489171735,0.33098908344265443,-0.2977276771204113,0.02774599271046018,-0.054788124153099374,0,1
-0.29238804456538775,0.6189391834773941,0.16717524524068944,-0.07874677846294584,-0.0019362631286225771,-0.12386257919544869,1,1
0.3186362786276849,-0.2751606842456765,0.3366297831361833,-0.29086485088135794,0.02160816976556111,-0.06660931403801368,0,1
-0.2891872622373597,0.6167799747628875,0.16528210294505263,-0.0728551732218114,0.004784906638483168,-0.12024715436536333,1,1
0.3197024275706415,-0.275189538098394,0.3269375839121364,-0.294826150790479,0.02220060539062373,-0.0693835064574612,0,1
-0.2619689026961102,0.5860272863555176,0.16925514331894984,-0.045850767133606474,0.003810741754445723,-0.10421176398797663,1,1
0.3206001036941099,-0.2728490072033555,0.34550357830709033,-0.28461996974353376,0.024083401589935712,-0.07616826002979696,0,1
0.3369195321065464,0.273199885290203,-0.2497792494476998,0.17886075483143327,-0.20375902947222493,-0.08316128936909585,0,0
-0.2992175978231329,-0.47238776373919755,-0.03651322731073698,0.011305587571492807,0.05943191277041152,-0.06987153796345731,1,0
0.36354973122406403,0.2825380104503527,-0.2815154107645473,0.24968551842773473,-0.19634719719192595,0.007623892725025884,0,0
-0.4000694817391054,-0.5135209173693537,-0.1280423233348265,0.08931365775932242,0.0006889623348123367,-0.034857444210774406,1,0
0.3608365586032767,0.2830135997831271,-0.28277639830707624,0.23712778255763534,-0.19813583680019364,0.0032245813440076204,0,0
-0.4303747989176994,-0.5166722325124073,-0.11580190665062902,0.10917399148319204,0.015789399999841382,-0.01743738401721199,1,0
0.35356571156385297,0.28304024222894414,-0.2787910166621379,0.1873218115715166,-0.1992931876021076,-0.06013910053637641,0,0
-0.4286371830541809,-0.4762332135993762,-0.14959279560806654,0.07645267888149405,-0.03462576260879766,-0.09193650502410329,1,0
0.35580820788801387,0.28086429996625534,-0.2633907583516319,0.19745039657158836,-0.19329081743327745,-0.06504191811910486,0,0
-0.4183766050441123,-0.4518888520336285,-0.1516679303386272,0.06727930654693179,-0.05447385772829069,-0.1126672783525414,1,0
0.3837743416346307,0.29151540987030233,-0.28404452578469297,0.24781632946132529,-0.1776051156045169,-0.018151945626576953,0,0
-0.4508986701460811,-0.4748070521733268,-0.1708139971401446,0.08098878070169892,-0.08773485608595094,-0.06396580406152202,1,0
0.38696815576856736,0.2871906827502399,-0.2889829157448331,0.26994994228969343,-0.17560299165512638,0.009607778279693073,0,0
-0.43887838397617335,-0.4869579551910025,-0.13842485773981242,0.09082381441574146,-0.07233117494717066,0.003318664011093269,1,0
0.39511721919586706,0.28955447951691365,-0.288409558896966,0.27106360859373185,-0.16820464144412306,-0.007444317851424369,0,0
-0.41390930313538743,-0.4922342317238848,-0.12060114290848982,0.07527268260684049,-0.06832851710535841,-0.010579500853715928,1,0
0.3935852225592587,0.2851408755386345,-0.2896471710278006,0.27922725553073574,-0.16813975310076573,0.009044064409059211,0,0
-0.40870975522340525,-0.49134075780685377,-0.1275247783515528,0.07938531724454669,-0.10239533596299458,0.0008973511675433707,1,0
0.36352216421186595,0.25890046747788104,-0.2618592050174632,0.2943132469494177,-0.18058610444669515,0.05360741102948344,0,0
-0.3890025490201575,-0.4599928844244012,-0.1125916689489798,0.10415697237951024,-0.12471991771143816,0.04007933336535175,1,0
0.39419630366441444,0.29223060264449485,-0.2872251299196102,0.26418887748434206,-0.16743404289356542,-0.017019874552603172,0,0
-0.4044295178181461,-0.47825655266834843,-0.13327611403710987,0.06006818217704932,-0.10103630994555388,-0.02317576464991192,1,0
0.3935456040428482,0.2893408675300323,-0.2871743992136111,0.2827634486141046,-0.16939095063227114,0.015325728383058868,0,0
-0.4167915251366163,-0.480808766302672,-0.1527795022803932,0.07342445594141978,-0.1218920347315426,-0.01493323158831109,1,0
0.38183590256657873,0.2873275193789022,-0.27689321394756256,0.241040219515623,-0.17899268477926783,-0.01145601213965365,0,1
-0.47317988811054784,-0.4826398221503739,-0.13732243661211405,0.12634003432818466,0.022261963253085906,-0.07299412819959153,1,1
0.36708153998618914,0.2794528855006402,-0.26356986651461983,0.21159552769596562,-0.18388596571863972,-0.03892270265428862,0,1
-0.4560239896559323,-0.43645779743181984,-0.15150737038655035,0.10687969666086375,-0.017781112434246817,-0.11873696868782359,1,1
0.37433770733113525,0.2864303560724616,-0.27821086290088826,0.22262535134904463,-0.18701816896506024,-0.0025478718250923865,0,1
-0.47823364661265394,-0.4212774621408008,-0.18302382725648908,0.1164337571730407,-0.11960310822102964,-0.10334250608141965,1,1
0.39769587616234203,0.2905183957526969,-0.27733883337829046,0.27953613401943883,-0.16844255529685476,0.03417735179442217,0,1
-0.5074966306820978,-0.4644991155067036,-0.17525116604129587,0.139618531948948,-0.002641682489903237,-0.07792246346447823,1,1
0.42356018857747024,0.28534457112622175,-0.27497053803138594,0.34399408790299396,-0.1420981290113373,0.06354702102060802,0,1
-0.5108652936404361,-0.4710100149794799,-0.16745467249229576,0.15538014385895033,0.016543030330281098,-0.046151025091305274,1,1
0.41324827342192433,0.2853626409293643,-0.29621100189540134,0.2863784284280044,-0.14919064992108327,0.006822032257964379,0,1
-0.5091674539193428,-0.4719192310033969,-0.16772474720529162,0.14139910988465085,0.0037316060665328775,-0.05838664433580129,1,1
0.3949441381111186,0.282706135223012,-0.30599126695507,0.23388214325004159,-0.16787045539223744,-0.017380532824622756,0,1
-0.4994818741727437,-0.47836483788689493,-0.1702017659554692,0.13488814521027914,0.0017493786702738592,-0.07162816896705007,1,1
0.37564348386614915,0.2765046611191544,-0.2754541462798732,0.20339168628151222,-0.1738446250144563,-0.04686975583778545,0,1
-0.4405498455736052,-0.45655748485444186,-0.11530330672950707,0.10647492168279003,0.05526653865277769,-0.09717585026034112,1,1
0.42421651473649785,0.28888455059266815,-0.278352367031838,0.31509714004866046,-0.14282923770672143,0.04666194227123962,0,1
-0.4756685634587322,-0.498573711579279,-0.1385249335185402,0.1350390612630558,0.044371513008528735,-0.051214569059173515,1,1
0.44721015153331045,0.28652535785790284,-0.2582324929366286,0.3682615114088495,-0.11881412003215501,0.05869669173033603,0,1
-0.4521266036944154,-0.49937091269819606,-0.09517152339109074,0.13273926608672515,0.09422606437244382,-0.033801238107146955,1,1
0.4335911882812543,0.28612382863912106,-0.25466526894186603,0.3363304782962565,-0.12989800596672754,0.048080266766574335,0,1
-0.4355607407392921,-0.4926006967592423,-0.08432184627624427,0.11995845252174915,0.10000166484318894,-0.04530138492581063,1,1
0.4435322516074732,0.285505440589786,-0.26044157294476483,0.34890332296508186,-0.11999420647190354,0.04521170570868417,0,1
-0.44934973206365353,-0.4980480582161221,-0.10451904783571025,0.12208920724364376,0.08215876652933199,-0.04720917399349293,1,1
0.32928641783849727,-0.2672671293568887,0.21454956769148903,-0.2884807942083842,0.0271005739351948,-0.04563061478259098,0,0
0.2325294022660414,0.17890985538186985,5.799599193599202e-06,0.435997107517803,-0.30080424845324877,0.09387316222333264,1,0
0.2541971260073567,0.19337933375843577,-0.01305449280601715,0.46293900065235977,-0.285351348577761,0.10076519120535933,1,0
0.3166657897666149,-0.2608850741487725,0.17119512636763454,-0.2964320407799072,0.012192553771044296,-0.04578110603997965,0,0
0.28645034814355874,0.230490116874615,-0.03941265293488998,0.4907989312576385,-0.25677192856923486,0.10834311318272895,1,0
0.31182003260512764,-0.26066942059295534,0.14958653101924607,-0.30886931595293565,0.004150983162143306,-0.04519058801173049,0,0
0.31789526112747,-0.26423159411996094,0.16612354109178137,-0.3080179486239636,0.008542718918659804,-0.037868260310665626,0,0
0.23748927642983717,0.16570428265352963,0.05467149851839291,0.4481307807225166,-0.24462154089216012,0.11060513984409448,1,0
0.3342995199808859,-0.2713208086748207,0.21228895442416792,-0.31242112718461557,0.029095223520369654,-0.06857652593117385,0,0
0.08712442840644997,0.05780836311109354,0.1358235699005577,0.195361013997849,-0.27787277703246593,0.014374832900846318,1,0
0.33702284056290954,-0.2691651259167409,0.22098230315536294,-0.305902406260481,0.03510187567241108,-0.08223498145245363,0,0
0.24800884673707824,0.386695506204779,-0.06746200787339178,0.37545319147872336,-0.04161432312205626,0.03264049766013395,1,0
0.3129316108842359,-0.2542046944675622,0.1677714640819444,-0.333391828049569,0.004177283245121847,-0.10959487906845071,0,0
-0.0015578584257598701,0.4860957849541095,0.007581772866666636,0.043774599207428405,-0.08196972949338843,-0.10621690948658069,1,0
0.3089503683295406,-0.2536070258655109,0.16172157184527633,-0.33807345269423833,-0.002049718060208797,-0.10231049583433409,0,0
-0.011749748230145468,0.4666674147213138,0.07896750376916233,0.11419031847664904,-0.02202702006717483,-0.02735326660452021,1,0
-0.15514711521396543,0.5778571337486532,0.08905043613352544,-0.04002240756311076,-0.01029338095899875,-0.108841100101309,1,0
0.3061512486853682,-0.2487806706322804,0.157171744734678,-0.3339388785404557,-0.004290104894006161,-0.11475274156644724,0,0
0.31754291424730796,-0.2555046577383365,0.1687225479103965,-0.3240370489067048,0.012005125592532794,-0.10611209868807576,0,0
-0.23663366153896429,0.6151389531917735,0.10892181724506492,-0.08612122947095127,0.004740620255247,-0.1103373406381157,1,0
-0.285523148303914,0.6215580367473906,0.1099991280820991,-0.11201381272633724,0.013990270566152027,-0.10529153058697528,1,0
0.3259452238856489,-0.26287774300709293,0.1816926922403216,-0.3209565276350247,0.017946506626522623,-0.08337813641237658,0,0
-0.29967474862261023,0.5984368459762495,0.11268941459564873,-0.1301528469295723,-0.0008385186616049595,-0.13205926899792494,1,0
0.3112696655702964,-0.2572351884456372,0.1535019614780531,-0.33575963937920034,0.0010429117300166423,-0.08624496592389658,0,0
0.3342734345584257,-0.26840562334262874,0.2458170553238704,-0.3167506735540338,0.02938041468788231,-0.08678594905961769,0,1
-0.3064540652261162,0.5904212173288819,0.11323402717020861,-0.09041746096425335,0.08152286509191371,-0.10929506433531841,1,1
0.3228087643520303,-0.26549640025778,0.20296635927681123,-0.33348864104968773,0.013393415581915142,-0.07814979183038706,0,1
-0.3151290494653771,0.5884503737507757,0.12023691789306674,-0.07906634146036726,0.10060114450198222,-0.09750651265682235,1,1
0.34374010864755,-0.2771274068388731,0.24545713965723628,-0.3154104369184788,0.03848695200370938,-0.06448661985215941,0,1
-0.36751050581893563,0.6188253908306461,0.11664152003392543,-0.09650644068539012,0.11333820337836252,-0.07668367352927152,1,1
0.33388131782454233,-0.2762930212869044,0.2019353123502635,-0.33380915132797584,0.021702098063408178,-0.046059045822366584,0,1
-0.3976031771652497,0.61052594100493,0.11420893038708949,-0.11804872458639386,0.08934449641363268,-0.07879737636823023,1,1
0.3340941083690973,-0.2758761108148225,0.2061255957171929,-0.3341767973757143,0.022358817087897487,-0.05278495800779078,0,1
-0.3632819886782954,0.5849647761355856,0.12356334518611578,-0.06689034948353965,0.12183584403250758,-0.0535146280633509,1,1
0.32726724094847104,-0.2685453855737316,0.2029811979651631,-0.3370906312039305,0.016815318213494003,-0.07847795406647219,0,1
-0.33562805856843764,0.5576903005148623,0.1282930233317946,-0.06017586378503689,0.1043868246225301,-0.07449315265113278,1,1
0.323638904764086,-0.26455432499687676,0.20979259519416837,-0.3332972451227192,0.01422142254931939,-0.08610119626308761,0,1
-0.3356799162874846,0.5551327776700912,0.12839442749046295,-0.071845900507571,0.08768777013830287,-0.09079810448698243,1,1
0.3328379690759555,-0.27255824075317986,0.22294112008260042,-0.3308151415034279,0.024156052025464447,-0.07308669110998606,0,1
-0.3549064175679347,0.5593722518367745,0.11789715869262822,-0.08683954560295432,0.07665982968370104,-0.09163763494458105,1,1
0.3313051329267442,-0.2698335926599395,0.22504376866151715,-0.3281383247237213,0.02450465644303328,-0.08328610457888104,0,1
-0.34233909107286264,0.5607174996393647,0.12535682852197488,-0.07931232526697383,0.07646595164708858,-0.09293933510709394,1,1
0.33964513045593536,-0.2777361540568466,0.23187081374731444,-0.32456613558418823,0.03258753516431931,-0.06290984681905164,0,1
-0.34877070323892406,0.5772236124975114,0.13044354080701673,-0.06574941025490129,0.09324623370865004,-0.06412376668630258,1,1
0.3405545588043273,-0.2774957305879313,0.23947384357894297,-0.3244627330773601,0.03371796127428265,-0.06741499217775963,0,1
-0.3198287789605892,0.5567970966298589,0.13032336127494398,-0.04621489288631295,0.09060290039036982,-0.06049116468709011,1,1
0.34277104576398715,-0.2801104078942088,0.2315418779287403,-0.3235924105041931,0.03424057435101131,-0.05486971687184538,0,1
-0.32858815770832883,0.5695190782634166,0.13041234338917324,-0.043226645756164306,0.09924997895876841,-0.044082403629324696,1,1
0.32651180717590955,-0.09903823968678173,-0.29516356051395554,-0.32900256505477943,0.0727375211946429,0.2046704918722424,0,0
-0.4244941889907652,-0.4386943169322342,-0.1521000486482567,0.11808227144128954,-0.24334685840936074,0.007184003014256062,1,0
0.3118505593390647,-0.0979410972909997,-0.3127735510479624,-0.35298521123524296,0.04775220153172469,0.1988471504588048,0,0
-0.42049325251914926,-0.41719939223767744,-0.15734039715803239,0.11504346381047555,-0.2765141250845076,-0.0037449090589738916,1,0
0.3199164871988608,-0.09796251925587292,-0.3134611622797217,-0.36566299063424423,0.05769880541929108,0.16465912534172003,0,0
-0.4297039768219607,-0.4411708813532418,-0.14351808814534664,0.11738994706941336,-0.20694583249776966,-0.0024647124818548225,1,0
0.32058114809484756,-0.09793661779147887,-0.3111474319336835,-0.3578823507207282,0.0597443557222252,0.1794003618454512,0,0
-0.4331508343872411,-0.43788763693487937,-0.1516371248916889,0.12345492345069858,-0.22536795440622973,-0.009920217893458063,1,0
0.3280149094683547,-0.09789762379935373,-0.2973468354049286,-0.3517136185518722,0.07433405487629778,0.17772704675227077,0,0
-0.4319256124329801,-0.43858337242635836,-0.145703790846505,0.12253173974751386,-0.21251323076317713,-0.01101273091606811,1,0
0.3238124428667586,-0.09696392316495052,-0.3101473450975916,-0.370784065285443,0.0644445894499875,0.15014435676249024,0,0
-0.4272752385929751,-0.4426413157546617,-0.1397488700915591,0.12103313762911778,-0.1905325933542588,-0.021926388728926046,1,0
0.3264378713653065,-0.0989076506779706,-0.29413911273808907,-0.321410748786075,0.07461912760181469,0.21284635241318506,0,0
-0.4382545085767265,-0.44271880150503407,-0.1438591606674899,0.14080633705369922,-0.22336899985176448,0.007144378902916459,1,0
0.34396594942293857,-0.0994675734950498,-0.28807653100978525,-0.34177780275745134,0.09872315476405487,0.15854546884637427,0,0
-0.4306941377401425,-0.449554440502623,-0.1367387686241001,0.1305770355005166,-0.18860043141788002,-0.023274432108879,1,0
0.3384625814484513,-0.09926661742201857,-0.2895699266910513,-0.33419361495694727,0.09023844036647809,0.18186358510448233,0,0
-0.4306308210507471,-0.45275767475397266,-0.1354154701608269,0.13628540653128862,-0.1937730162045032,-0.015024224690452713,1,0
0.33509744309763717,-0.0994496222049894,-0.29578738773260216,-0.33769022557784895,0.0840508538322907,0.18408494190199254,0,0
-0.42969791251320494,-0.4544350885566484,-0.12384749191783836,0.13961642864462628,-0.1892383863596089,0.0009813378533392479,1,0
0.3326039767751934,-0.09919338815630643,-0.2957605709174468,-0.3462470548223576,0.07883560569080444,0.18115969349251812,0,0
-0.42619367625075694,-0.45153521265614893,-0.12453867187033053,0.1370914547048055,-0.2016106835744651,-0.004513301986193647,1,0
0.3292001780698802,-0.09936544156152544,-0.30175626490805535,-0.34422581983938455,0.07500815752552276,0.1905625963504745,0,0
-0.41665058186640275,-0.4618128439056634,-0.10426432539930089,0.14273510106080378,-0.16279655368995014,0.0005174950045296219,1,0
0.3318969992252299,-0.09946178222105065,-0.2822625925988218,-0.3095418072575038,0.08619915370873428,0.20980366292831074,0,1
-0.43764449811252015,-0.43376234354451343,-0.13442413425767355,0.1800165739750508,-0.24086308882097554,-0.03404601664016258,1,1
0.32753932302194005,-0.09884145509605116,-0.28213469560623633,-0.31467030975353605,0.07886793739522363,0.21457962763915173,0,1
-0.4388817276684385,-0.437599749537977,-0.12706213781688824,0.17786475438504995,-0.22028629367125033,-0.021542866777410807,1,1
0.306700530449982,-0.09698499256836707,-0.3137691398788759,-0.3428022882248875,0.04468838817813017,0.21387142599662362,0,1
-0.44033893112021233,-0.428031239015609,-0.1404303029895177,0.17263128926859286,-0.2541184485170304,-0.026794839624421505,1,1
0.30723894969218674,-0.0966241628103346,-0.31524938677664754,-0.3401832686683116,0.046202243431244426,0.20880339678748544,0,1
-0.4341999392258822,-0.41382701674308336,-0.14466428058379466,0.16428250328935345,-0.28765643488297926,-0.025171158985110714,1,1
0.3147667069048988,-0.09728792538929713,-0.3180450089054243,-0.3545992269756945,0.05304413578990752,0.18678789967431414,0,1
-0.4368101339499769,-0.4182350720399054,-0.14316874606858127,0.15968957802033762,-0.2780247790641936,-0.02799187160934492,1,1
0.3209885867407354,-0.097999380891003,-0.3017783155716458,-0.33161461663211533,0.0657850522379726,0.20600442677195044,0,1
-0.43413774942161304,-0.41745280216484554,-0.14017392308108007,0.1642624603284826,-0.2859450754913312,-0.021157858070561503,1,1
0.32114430728072646,-0.09845485696612254,-0.304713240064924,-0.32452520707525045,0.0689038165786733,0.20189507098618176,0,1
-0.4435060161891266,-0.43846112765264317,-0.13066728029828362,0.172575062291324,-0.24267686965163415,-0.005736313735037762,1,1
0.32544135732064194,-0.099060538457246,-0.2981116407327422,-0.32368919907106397,0.07564369333096713,0.20135941018020687,0,1
-0.43788394289591204,-0.4530687301629496,-0.10879744892467334,0.1766024608504322,-0.18199949161314632,-0.0023478627519702006,1,1
0.3132829467184096,-0.09777696245665954,-0.3133359319820773,-0.33574532154602704,0.052679696486815815,0.20511735058105343,0,1
-0.43306526507184384,-0.4490328963851249,-0.10366367929410024,0.1731327251555433,-0.19697551286815548,0.013231156585797451,1,1
0.31183208486181413,-0.09712000319049248,-0.31044818886168507,-0.33711147629222454,0.05085400777791012,0.20473276021646056,0,1
-0.41592824165964226,-0.4482113776353021,-0.08070798516708805,0.16757715115931845,-0.15867498279845846,0.020542588034941973,1,1
0.3160435322480773,-0.09772756576345883,-0.30715021301759604,-0.34718450347106744,0.05556816328883596,0.18507691088104425,0,1
-0.40746343778761096,-0.44542958425618845,-0.0742030225568203,0.16011164156603555,-0.15191970624085813,0.014817479207013515,1,1
0.30984366799973573,-0.09596902957511272,-0.32334498069608786,-0.37602987451709796,0.0410453423066003,0.15783745202284086,0,1
-0.40740570010121524,-0.4433654612655504,-0.07851362072115656,0.1518065583984289,-0.15565804314367707,0.004279845632816273,1,1
0.21158548937868718,-0.19058192057119228,-0.15726731712308942,-0.22928238342236743,0.21569584285732119,0.15583125836883902,1,0
0.1929269093895348,-0.18294858206011855,-0.18569463210660114,-0.23997524066501047,0.19562732432723073,0.19175382206362918,1,0
0.1800833380428996,-0.17088225957078176,-0.2011406695765219,-0.26210669348532645,0.20267664179517172,0.2019237519137987,1,0
0.02576333108228861,-0.13949280540805079,-0.2112597785861413,-0.39321610686033337,-0.37405136577280024,0.31278199261188866,0,0
0.20988882531491837,-0.1593075066150008,-0.0991851406845389,-0.1723884003094146,0.2610478355833636,0.26919948254625853,1,0
0.06060158487963577,-0.1715752940478917,-0.14700675597426868,-0.39289376119429226,-0.28336755165782973,0.47846727505219006,0,0
0.1695007564872738,-0.12015651072558375,-0.1569873927733369,-0.14349665246270776,0.2646569971088004,0.24593339488061716,1,0
0.04906592092632119,-0.17101018342982124,-0.16586481625410177,-0.3925031744021617,-0.30434070239983013,0.48083835610472164,0,0
0.10923659529080734,-0.08328709475611917,-0.20502609020899465,-0.141598935613318,0.24840470911927592,0.24754483564911306,1,0
0.056293159744274804,-0.17800809560825667,-0.15881763344708869,-0.38451994530510913,-0.28506542518974076,0.49914977429959906,0,0
0.07466431023986678,-0.18464409046505573,-0.12674235137160925,-0.3634095221388193,-0.23940175026970487,0.5357649861315538,0,0
0.0014800022207610603,-0.03938642225957565,-0.24387152983267907,-0.17213628710285506,0.1968937389235423,0.27073813634406846,1,0
0.08832336347134638,-0.1854921692613194,-0.0955720257986468,-0.3600301408699752,-0.21260887731240713,0.5348139608583496,0,0
-0.008424344635501159,0.006852298097641425,-0.2014246075641713,-0.12575439087050067,0.26059244488380023,0.23497861044213206,1,0
0.06018054722611151,-0.17968345886727527,-0.13220210782505148,-0.3670103015444065,-0.2572606920882769,0.513574131990364,1,0
0.0621384628775379,-0.18152328005274265,-0.13844087816074435,-0.37526054998296815,-0.25775878980632283,0.5067291126286151,1,0
0.059430733200617425,-0.17322470468896142,-0.12761314002599183,-0.3677332151125495,-0.26342053651111674,0.5109228843482972,1,0
0.06645028573116273,-0.18091006810896626,-0.1504538940234892,-0.38631516168836594,-0.2594908466881519,0.5020465774222477,0,0
-0.3576976988564148,0.24764497937958002,-0.04062650893777245,-0.09243586202050967,0.17033308498344002,0.2632600297975143,1,0
0.06985487351639787,-0.17075215414398204,-0.08568230451013109,-0.33571601071076945,-0.2495204875840423,0.564334796928914,0,1
-0.488085523982972,0.21382389307114136,0.010108134154227,-0.037971992797577785,-0.015424516152115984,0.20290618059663593,1,1
0.08270569759589268,-0.17072402252390123,-0.07559901741444039,-0.33046880872375234,-0.22537033902861903,0.5690440254265599,0,1
-0.48523453926268895,0.19550676926059624,-0.004246157178298692,-0.04202871167302913,-0.04694188077046313,0.17396165058066912,1,1
0.0717816260257129,-0.16865025249415064,-0.08415120552607502,-0.33534777591997134,-0.2504818959081768,0.5643705734764088,0,1
-0.49274903502463513,0.20090769657042162,0.003671502942645681,-0.03538838883626566,-0.028042586618605286,0.18540983601291966,1,1
0.0747587909061101,-0.17285884057507092,-0.09059207331230175,-0.3395542262404663,-0.24056605308030413,0.5604873812039839,0,1
-0.5083207968348485,0.1871733367524089,-0.0021408954953532466,-0.021353399702581797,-0.015004592007655438,0.17884737146109794,1,1
-0.5026358593418728,0.1601051746145629,-0.002404419555822484,-0.009317336048821921,-0.06353346074809343,0.16479967273511908,1,1
0.07435622129547502,-0.17202851266954344,-0.07267483711277371,-0.32703446136540976,-0.24350341539257433,0.5670315532618813,0,1
-0.4963807175804166,0.15409129495556453,0.006594007152934832,-0.0014586609722310843,-0.08546275404584469,0.15661786838457192,1,1
0.07161731298456916,-0.17108511925321795,-0.0799991319494128,-0.3322409890109655,-0.25075809713977526,0.5637441847939494,0,1
-0.5125839320142764,0.1384779372305493,0.009454661105369959,0.0389689504464079,0.011447121075582472,0.18212055980497482,1,1
0.06376580487352208,-0.1660983175325554,-0.08187713950408841,-0.32917717437627675,-0.26764923112804345,0.5612090455563944,0,1
-0.510931459607042,0.1296432887877356,0.00812949415631485,0.04280925804288488,0.003144652281639987,0.18354996562082393,1,1
0.06889736418272494,-0.16663434507553113,-0.07528897823960735,-0.32278018528372693,-0.25601848741184846,0.5680773410685934,0,1
-0.5119148404080989,0.12276660344279744,0.0016617179779003551,0.037415663507145334,-0.02396977672635836,0.17767164503348373,1,1
0.07002227366404483,-0.16322783494140214,-0.06363178300410897,-0.31032774617581715,-0.25403492059939914,0.5683763625139155,0,1
-0.5084028392182091,0.13414819479682272,0.0068544608579425735,0.020538027893547348,-0.0450877084727683,0.17050507666900647,1,1
0.068720634977585,-0.16932170549912173,-0.08847377228594565,-0.3379058309782459,-0.25614111207448437,0.5590852490076215,0,1
-0.5065470286301589,0.13738314614719885,0.006460023039894836,0.01707976528061716,-0.04596734111819672,0.17295584188405178,1,1
0.0713238426098378,-0.16819343150746272,-0.08966273406546442,-0.3381723049226307,-0.2526828857181661,0.5610191387421318,0,1
-0.5073557037978771,0.14497542693657442,0.008531437157205113,0.020655428552164776,-0.028748005247870592,0.1848729936028145,1,1
0.08008755782992397,-0.1731570514420667,-0.07269354734431505,-0.3236969751843714,-0.23014787877350903,0.5717599765393349,0,1
0.18235006170794968,-0.1544245101186808,-0.2936704406694916,-0.36735503697442745,-0.12055291550248991,0.016076462301916984,0,0
-0.41928658572038013,-0.41262839544939234,-0.1531739293683476,0.13413249520502385,-0.3047397100913022,-0.004053481010578721,1,0
0.1831816271888155,-0.15432676751508065,-0.2965437329221015,-0.36950323828497966,-0.11956323636183634,0.009879195892979486,0,0
-0.43617740384346454,-0.43118017243746415,-0.14726965838676057,0.1532547812051379,-0.2693000559498739,-0.009175949335670276,1,0
0.18091526926388327,-0.1546951217277118,-0.2931051846555061,-0.36548749545165543,-0.11114353715085941,0.0016547942404063613,1,0
0.1825646721588086,-0.14855035284731835,-0.28236441363272446,-0.34158494272927376,-0.11391818574452678,0.0073453057724963584,0,0
-0.44528014007612327,-0.4251559624285662,-0.14367345147272276,0.1712676710550074,-0.266158567431422,-0.0072185589342875,1,0
0.18256942255793995,-0.15371574554403278,-0.29036478557213674,-0.3576463813728814,-0.11599968219339508,0.016612697249267866,0,0
-0.4511678081515569,-0.4309500356491889,-0.13995282138658646,0.175245981395079,-0.258577127771324,-0.005986284528878273,1,0
0.18073205618401597,-0.15534682256926902,-0.2946151338619995,-0.3648810872136872,-0.11988698039729852,0.02232802156288028,0,0
-0.4521323123492641,-0.4326921240607918,-0.12952502972853958,0.18126955958786203,-0.24073829167628408,0.001028370406973027,1,0
0.17940354815544238,-0.15496809893555008,-0.2952543637658959,-0.3646016127281275,-0.12245259802733544,0.0196995226452751,0,0
-0.4509423960470747,-0.4364575572452291,-0.1294654440002154,0.18306377316597489,-0.24832377974413103,-0.0024739842867870167,1,0
0.1887308054688324,-0.15825396548405243,-0.2968015820803572,-0.37106781327226723,-0.10761063735023277,0.021370760018726963,0,0
-0.441670839827778,-0.4422939474421075,-0.12367060148619263,0.17943894683785513,-0.24083362600565944,-0.006308371151296092,1,0
0.18963365388529035,-0.1592895880116869,-0.2951053669447294,-0.3685224172872005,-0.10364946585121736,0.03175535587974747,0,0
-0.4336937835224894,-0.442949144524948,-0.11832621051233615,0.17858941645314919,-0.2468852278772279,-0.0030927322601203523,1,0
0.17614207790654388,-0.1532466545519693,-0.30758385239643776,-0.38992853035099584,-0.13879471830218873,-0.004729760301100768,0,0
-0.4242296942066189,-0.451820332188032,-0.10530425024930794,0.16921983065256724,-0.22286292170246613,-0.009834399381308413,1,0
0.17445579451036772,-0.154890626144885,-0.3027910203529341,-0.37870764434705034,-0.13462482639782028,0.022983129242684322,0,0
-0.4061769409136583,-0.4528519977145988,-0.07384327464284692,0.17160104708080023,-0.19400167366856644,0.01909151568567991,1,0
0.17785927262148082,-0.1526974972641817,-0.30731789941622734,-0.40032933445204727,-0.13872092815446532,-0.020882332739460586,0,0
-0.39859309568606194,-0.448372673748505,-0.06945951043951061,0.15402398412114351,-0.1874920883550552,0.005871615917238744,1,0
0.17704607138543177,-0.1582897267354723,-0.30514793610866386,-0.38370570158083545,-0.13184189911648136,0.020462936956728864,0,1
-0.3955920116039711,-0.36850622633148034,-0.12706067966772477,0.17485390428766906,-0.37318974740232064,-0.05533521910856563,1,1
0.1633422521767594,-0.14978500931345096,-0.29975379360311893,-0.36867207263941554,-0.1545020817122527,0.015471325777489048,0,1
-0.436503105456836,-0.4158424779269626,-0.12790561102429807,0.20049845196963761,-0.31094617337948816,-0.03184370961254026,1,1
0.15784507018267346,-0.14714435664463815,-0.299089910647433,-0.3714917528163139,-0.16794019528485474,0.008148405386693371,0,1
-0.4421963576572731,-0.4244592348896197,-0.12222410628402355,0.20371312745475872,-0.2847269941677131,-0.026658556246968817,1,1
0.15399340483860294,-0.14493412813136222,-0.30243053013056437,-0.3760156933923097,-0.17622001279954572,-0.008397750025107628,0,1
-0.447127579017734,-0.43748714809704675,-0.11340297360090688,0.20528805936947525,-0.2375448496268891,-0.024237616076442044,1,1
0.16287861763095757,-0.1474663295812697,-0.2988217811645317,-0.3689322466809602,-0.15724267609885365,0.0004963431443361129,0,1
-0.44947215772173366,-0.43021314309228686,-0.1210412321768038,0.2025017814464354,-0.2608451232127325,-0.01887804234576099,1,1
0.1533405011664172,-0.14296811130519926,-0.2966104300631837,-0.36515183377157356,-0.17461668599281333,-0.0051736633016528704,0,1
-0.4320071943778024,-0.39474470268103656,-0.129349616784129,0.18450043011336922,-0.3318941100850675,-0.02020736057879334,1,1
0.1839782115470888,-0.15655185984301087,-0.29603152398935045,-0.3680923986459699,-0.11534181466685096,0.01811361807154718,0,1
-0.4296975195038481,-0.3956280549571649,-0.13322156510007505,0.18507958677358932,-0.3288444377906415,-0.0318347246798354,1,1
0.16888862528969525,-0.15090921690533549,-0.3057825988240459,-0.38199603958042394,-0.14880623926754444,-0.004022881256259713,0,1
-0.4254982033482729,-0.3914790057045759,-0.1303780273817107,0.17723557200984277,-0.3340944280986624,-0.029888542782269767,1,1
0.1636865029049752,-0.14657802314966736,-0.298377080743927,-0.36926888027025506,-0.15629734010913054,-0.005936997294223495,0,1
-0.44584616836675317,-0.4272123770344411,-0.12158411725174491,0.19350651176255637,-0.2810157343702559,-0.01095575651912177,1,1
0.17584055667863213,-0.1549217844979409,-0.3036959851087017,-0.3805429243600554,-0.13368531291484803,0.005620266530680434,0,1
-0.4391759435143185,-0.42726504975871527,-0.1174425465317348,0.19283185340739853,-0.2818069943816319,-0.01450072344942879,1,1
0.1729583548124649,-0.1548923509730284,-0.3022108198753537,-0.3752137294644296,-0.13692100353515843,0.018066405749368027,0,1
-0.4382199867509836,-0.4396236484750611,-0.10623813515307139,0.19909464451263859,-0.25840085986926803,-0.003092587155333581,1,1
0.16716778393502685,-0.1506060714480629,-0.29720338810836483,-0.36439552266682823,-0.14436566598624181,0.011563042228667946,0,1
-0.4240935313765587,-0.43861963745011506,-0.08187900466589644,0.19689720976172814,-0.21692539796629265,0.01412207627582317,1,1
0.24392598382244352,-0.23958855736875595,-0.019254566983608546,-0.22189946395142238,0.20583101793791317,0.26252010129424636,1,0
0.18614161789518863,-0.24395786438946718,-0.1514998818643626,-0.3093602229307679,0.1360648403800142,0.2691442237844832,1,0
0.15318803353114785,-0.2129647775506227,-0.2231727283658534,-0.3062162904652985,0.12479486148347402,0.18226403243108322,1,0
0.1501152935271417,-0.20662539181902875,-0.22238410507800038,-0.3047388867552147,0.14243972684255138,0.19461192975254177,1,0
0.15750860757241134,-0.1916973075448929,-0.18582391667671683,-0.251882442820043,0.17992943298180525,0.22070349849018994,1,0
0.06568379153908237,-0.16618181632467696,-0.10469763487776035,-0.3657882648612344,-0.2679130249385573,0.5272906952485322,0,0
0.18562541563212767,-0.17797257064194968,-0.016436882362248186,-0.13728287849423562,0.24514050953027844,0.34101967600410626,1,0
0.046011898359988763,-0.16618603165701934,-0.14864536115920302,-0.38230482988703807,-0.31520169083747385,0.5003967478412299,0,0
0.15137720516655478,-0.14079276257168166,-0.024118894244018974,-0.11119230824364568,0.25827483980018373,0.34430520876348497,1,0
0.04638713372250904,-0.18061974910634312,-0.1698372054673021,-0.3798050860235888,-0.271085078863203,0.5066382407409085,1,0
0.04848602864964905,-0.18226745632165584,-0.16118501323603285,-0.3870479015959855,-0.26499455915757897,0.5067932925009915,1,0
0.04608142765017227,-0.17675716253413634,-0.1370045761316271,-0.3728335457796505,-0.2738853115969432,0.5175999444391459,1,0
0.047484763976417425,-0.17733058398656715,-0.1346873538819004,-0.37332907671295473,-0.2660859002255558,0.5218430799408467,1,0
0.06876864269634066,-0.18397721402682457,-0.1056524997275595,-0.3657307606493014,-0.23649776833144878,0.5492198279158779,0,0
-0.33720599753227376,0.09417101569132638,-0.15333933210896222,-0.1556962062657725,0.005909879937043834,0.17382416971882367,1,0
-0.4888116370130498,0.17612959500670794,0.011526943304139878,-0.013370408745434959,-0.05772668534355034,0.18093315055930065,1,1
0.06680948967287358,-0.17958388629495764,-0.08377546140445778,-0.33783396497096524,-0.24504765585455948,0.5718032737941552,0,1
-0.49835331604266925,0.1660268484710549,0.011625306256674383,0.002866307472067209,-0.04698351172835682,0.1784783548085746,1,1
0.0653629104290367,-0.17831482040230798,-0.08712450191346528,-0.33731332153144944,-0.24756126619792843,0.5703986590064697,0,1
-0.4770228948218665,0.15714650407779363,0.025590589494939742,0.011491133462673974,-0.08508034188727365,0.1754294643680717,1,1
0.07214670219373048,-0.17430403245540507,-0.05364621905622084,-0.3156184409175832,-0.23946454594317845,0.5781585421810506,0,1
-0.4930082790325328,0.14036798562095404,0.00792605087484294,0.014014075871233966,-0.08092193130853431,0.1530506179652083,1,1
0.06990683731745814,-0.17409560338830332,-0.0666912884673109,-0.32827611413256735,-0.2455780514632768,0.5703220650220564,0,1
-0.49050078093293326,0.12968033182882202,0.022796143978589874,0.05285670752841377,0.006175189772680832,0.18962640368040237,1,1
0.0662879465976645,-0.1641405030142175,-0.048923594349470134,-0.30506174881291725,-0.2525533827340071,0.5767290712626199,0,1
-0.5010329271803571,0.12662221040363425,0.017459404804838763,0.045597794562521436,-0.007521189689186046,0.1794531447480348,1,1
0.07244785317183791,-0.17459509768493442,-0.05320069859132622,-0.31723614601482447,-0.23696365104721734,0.5702039770279176,0,1
-0.5051517006041584,0.11302314062895419,0.008926895444737001,0.04857399404281816,-0.0173531473743593,0.17185948389698602,1,1
0.06707020491668554,-0.18090556093321442,-0.08816020832771307,-0.33984348802083814,-0.24217948963207606,0.5666993314707713,0,1
-0.5088127562014185,0.11342882452781197,0.008060653700983914,0.04256038567643497,-0.02730045555186658,0.17054265359203286,1,1
0.07421818717499708,-0.17313070056086333,-0.05364607663893706,-0.32119225144642755,-0.2377481863667032,0.5711041343704588,0,1
-0.5087072848259186,0.10622157966711389,0.001139374453607015,0.0398220658743319,-0.04788034025688618,0.16212148585721167,1,1
0.08779479312064163,-0.17005671776727874,-0.020197859260325177,-0.29889430398382594,-0.21133225955405152,0.5748025410251475,0,1
-0.5020892306795031,0.10753368027231447,0.00587102030759899,0.04253014568994457,-0.04439524297629419,0.1757446401819129,1,1
0.07131336106146152,-0.17408191029336037,-0.06754813559447186,-0.3248474627068626,-0.24266249629575332,0.5758315041521123,0,1
-0.4981000789640911,0.11792540124690787,0.00587188274242494,0.02954148153376611,-0.06593500498270491,0.1694140836042305,1,1
0.0764049669182351,-0.17783846851700663,-0.06196980402437953,-0.32453956465217865,-0.23276228919620998,0.5754404396842489,0,1
-0.5018080337101927,0.12438001414474517,0.004333337871445929,0.03230148553643725,-0.03968209523256033,0.1738099993760573,1,1
0.06603854997348362,-0.1759321938934302,-0.08436917349115908,-0.3349095170847326,-0.25386023144133196,0.5690403936346893,0,1
0.02757044083953601,-0.12146692572797507,-0.12007291910141298,-0.33677297476938295,-0.41932505880242854,0.3485529008028464,1,0
0.02986111442932227,-0.12120761696840829,-0.114173543174324,-0.3336393409834411,-0.4250904261542908,0.3716070890426279,0,0
-0.38659991125070164,-0.36792702994026294,-0.15539739180197557,0.07836323940176965,-0.33419568282386697,0.0060608355496087766,1,0
0.02742600301105552,-0.12386753549009218,-0.12363274470048514,-0.3378791551876171,-0.4291027475901876,0.3727808122329518,0,0
-0.41717620408570794,-0.44690328593570516,-0.13550009283532294,0.11303162453210142,-0.2450557141455151,0.03566557163599704,1,0
0.020857700128882606,-0.1188006671149793,-0.12212814480520653,-0.3270336613279194,-0.43357136888155307,0.34211370336940733,1,0
0.023076905173283063,-0.10931540253072829,-0.11044532182715698,-0.31853195496013526,-0.43977115753023077,0.3226340166977811,0,0
-0.41290542608896325,-0.4212264680817066,-0.12469525915860827,0.12925623562270344,-0.2736369549102546,-0.00041289917908613534,1,0
0.01967627469664457,-0.117114625569839,-0.1130482228178654,-0.3146083477092772,-0.43392814022752946,0.3633809990942907,1,0
0.013100983422929247,-0.0981990319222557,-0.09621718406799872,-0.28962611083946693,-0.4469584308502408,0.29242137262513856,1,0
0.016375196294567768,-0.10603553544167472,-0.10736642850004907,-0.3070308064369988,-0.44172694014664865,0.3062855872142382,1,0
0.019521107975648207,-0.1117282280981385,-0.12080072033656787,-0.3239205049352098,-0.4344639566618599,0.2989738485877888,1,0
0.0009982368398330408,-0.07939181267650769,-0.06793446911046831,-0.23581178369491723,-0.45721786480556925,0.25953762177397827,1,0
0.020030186039065773,-0.10388036063666048,-0.10924837862404646,-0.3118227996542197,-0.4421921435566224,0.2980784942322354,0,0
-0.3915417206102705,-0.3585378331713865,-0.12818669263719473,0.13713341534219195,-0.3508896468063044,-0.05138197448675742,1,0
0.010717751415442537,-0.10129001411796387,-0.09776014170196784,-0.2883005419163547,-0.44783887387550686,0.3245584783174081,1,0
0.02896388918832642,-0.13521904146795358,-0.13519618874110356,-0.34641054463600846,-0.42085275068131606,0.40426689580866726,0,1
-0.41527984225595543,-0.3926342640418226,-0.12057043613938913,0.1963507420693682,-0.3686386135910517,-0.02887596507423382,1,1
0.011653634590982703,-0.10586150527219076,-0.10920670602568731,-0.29942869125778493,-0.4541909107904939,0.32953049695917236,0,1
-0.3846650961223332,-0.3482172924987687,-0.1106783803207338,0.17360033235690145,-0.4004993496165515,-0.030722638940759484,1,1
0.011631245445026415,-0.11022675796264074,-0.10844056837294841,-0.30018435010420924,-0.443663924055053,0.3484852526019133,1,1
0.021722047209272635,-0.12542068716780846,-0.1302646865612151,-0.3264692595156206,-0.43117976148148174,0.38123941440898124,0,1
-0.4405008139511459,-0.4163414584339089,-0.11482974496620221,0.22133158021104188,-0.3128982367100356,-0.019323893762858715,1,1
0.02894123386646657,-0.12675956733457258,-0.13220598161387936,-0.3484400687292258,-0.42648896616777787,0.3660295272926165,0,1
-0.4438803172285126,-0.42280201915689114,-0.11188365197916035,0.20797918714132224,-0.2770345999069443,-0.03677279823955825,1,1
0.01671523177115247,-0.11530452329756734,-0.12119729588217011,-0.31628923913730284,-0.4461160401159781,0.3539503982752611,0,1
-0.44017160754865947,-0.40936901304360146,-0.12085279179285138,0.20860553148097633,-0.31888507479596645,-0.025232870785319824,1,1
0.02611944569415146,-0.13150826633007123,-0.14063854414457713,-0.3447466615371664,-0.4269484754800264,0.38587367861805805,0,1
-0.4387396165156813,-0.4106578330098373,-0.12054669522177944,0.2082632217771053,-0.3113775364814172,-0.021642622483785533,1,1
0.018499714656929993,-0.11241654924898017,-0.11927094804171826,-0.3202039908054275,-0.44507424874457746,0.33466577929497304,0,1
-0.4440724437363591,-0.41463624824978196,-0.12319095798103227,0.19833498011197867,-0.2950005731656806,-0.034802184218437275,1,1
0.015444276563502309,-0.10804037178176859,-0.10546409397055605,-0.3051209331708391,-0.44092897269995956,0.3444136244583384,1,1
0.024477798989075587,-0.1243241853568896,-0.12457720632925458,-0.33068125993714703,-0.4298427355861422,0.3855389907664118,0,1
-0.4401280969030923,-0.4189672007521858,-0.11283401273786749,0.2081852830781152,-0.2986427064934353,-0.008495853473414005,1,1
0.01696445632520465,-0.10793480889365777,-0.10645189020360633,-0.3077039896505377,-0.4465335581609235,0.3495971757728545,0,1
-0.4342397593651409,-0.433492855640903,-0.09200932591696312,0.21108565169438367,-0.25807849858738097,-0.012525042891473723,1,1
0.01841546173551568,-0.10753024504452537,-0.09847664153651609,-0.30510182067634156,-0.4414730573715658,0.3640555570820913,0,1
-0.42561220543534184,-0.42184793123892506,-0.10822791896417217,0.20670407920088948,-0.31683500550723065,-0.03020845955677273,1,1
0.09591232583632049,-0.1843110768148673,-0.11171827585887609,-0.36622337491461066,-0.16599211911381592,0.5541925646770751,0,0
-0.4377512892773324,0.21547723031668672,-0.055103276986023984,-0.11584633307309249,-0.001615076170327231,0.1806602205604352,1,0
0.09841279440368374,-0.17731177398149509,-0.07364633072776434,-0.335684085554318,-0.15689747311462549,0.5712664715437495,0,0
-0.4009771579198187,0.180364112127415,-0.030449357472936187,-0.09935321615031278,-0.13819446568590063,0.11163140626172476,1,0
0.09544519181410897,-0.17374875397122538,-0.07053615389118251,-0.32974456320710915,-0.1671383799302426,0.577987765530709,0,0
-0.4151907436886218,0.1839464699370895,-0.008012774653311874,-0.08025720672715085,-0.14884841837799506,0.1288398396282299,1,0
0.0805599320847282,-0.17132621008732826,-0.09946362073828831,-0.34774656077456073,-0.19501640189857108,0.5717991345729271,0,0
-0.4537694249083585,0.20138279314538474,-0.003297793402527374,-0.06659691980626958,-0.10308006943651611,0.14577073273341218,1,0
0.09270745114550931,-0.17429281934001306,-0.06642354666157498,-0.326981180671416,-0.1732874902392214,0.5778287242743273,0,0
-0.4648853000095242,0.18984529809617393,-0.003627779856715908,-0.04846130628409909,-0.08712341277711415,0.1350633303768095,1,0
-0.4661148724910871,0.18282986504429066,0.00521774116773284,-0.03521297080355712,-0.09297062435637621,0.14446368919576882,1,0
0.08713297604830832,-0.17467330683280996,-0.07809517162735911,-0.3307803404980886,-0.19173550806162404,0.5799109798643325,0,0
-0.46340247111106714,0.166936430682566,0.002708491398724258,-0.027674182778527855,-0.10309704143486494,0.13515489344109471,1,0
0.08117707656093713,-0.1723622204625761,-0.0874271559594579,-0.33852024423838095,-0.20043148081494774,0.5777375609398596,0,0
-0.4708866991568679,0.16496393641406146,0.0052550798422863155,-0.02409998299217872,-0.1014781843328485,0.1395254302371854,1,0
0.08049131016837309,-0.1767848774735517,-0.09908039140311646,-0.34927455378087835,-0.2013592450573636,0.5729986080674925,0,0
-0.4753541222612469,0.1660778434690677,0.005435394117628839,-0.02426523249912113,-0.09532269752281393,0.14543862678426572,1,0
0.08237279411196091,-0.17130055136764896,-0.0840213597668252,-0.3391379449387722,-0.19820403936041078,0.5776443635881989,0,0
-0.4907568606640537,0.17911811164116584,0.010054402364585479,-0.021542382424254856,-0.060459811211053,0.17030014722785136,1,0
0.07446397286450497,-0.17381934722750514,-0.07573981699685167,-0.3332752774601411,-0.2227824846525877,0.5714633048476406,0,0
0.0908085641614949,-0.1807726636657915,-0.10242239896198327,-0.35352231602264844,-0.17758584204434433,0.5709899117021273,0,0
-0.4854866509383823,0.18414153426331442,0.007717055785276632,-0.029764674647726353,-0.05960084050457054,0.17188084479324128,1,0
0.09676392106222031,-0.17532223509797765,-0.0595476306245,-0.3254310200276869,-0.17250172163272154,0.580419196453565,0,0
-0.48799748417606986,0.20480414412468304,0.015319292973209237,-0.03063246438509655,-0.021541656884864823,0.19118915524600147,1,0
-0.5000856645699452,0.17702974051233075,0.006151018964695937,-0.01621537743498187,-0.03041557329160863,0.19104186895890932,1,1
0.0813247896267359,-0.1689259672084519,-0.08346234004516921,-0.3357432134446532,-0.19972948355689613,0.5819276942244421,0,1
0.07020371057805418,-0.17187089166632613,-0.10985093150015794,-0.35119205445963225,-0.21911116307625458,0.5726884451844018,0,1
-0.5062339711380079,0.1657630667976761,0.004020942516038184,-0.006620689679802624,-0.03470412023476951,0.18476147853574018,1,1
0.07024097726669638,-0.1727107585243182,-0.10739707124230514,-0.3453744121487785,-0.20298063971314034,0.5680590937731972,1,1
0.07207475667194604,-0.17366133593713623,-0.1088745669554035,-0.34827592432026216,-0.20656084911999872,0.5668922199227556,1,1
0.08073730690284596,-0.1693968909495967,-0.045160819441530546,-0.3061509637414067,-0.19224044912781393,0.5784954231946969,1,1
0.08570664793132862,-0.16889948197389534,-0.0639188958442609,-0.3217470074477521,-0.19598512868797685,0.588242387377888,0,1
-0.5047910561986094,0.1230802955985245,0.012852699918426668,0.03760079564848042,-0.010286562162365334,0.19420135195525162,1,1
0.07831696384998417,-0.16870287354462465,-0.07201801890810616,-0.3236827679556442,-0.20617683211358426,0.5832490863731767,0,1
-0.5096387828997351,0.11408617576158825,0.0090713753126826,0.044716396819581464,0.004335068343869001,0.18898548307149793,1,1
0.0788754612449903,-0.17296510774987867,-0.1010318871479226,-0.34093989407907216,-0.2050234354703413,0.5802166717010976,0,1
-0.5109294517316127,0.10109404059523125,-0.003600843346157054,0.039357375130269504,-0.03854344914266137,0.17601854423381758,1,1
0.08291370695089786,-0.17323997468204216,-0.07820307187383473,-0.3297972568536048,-0.19698675938816756,0.5821210036120172,0,1
-0.5151707299805275,0.09530847255483219,-0.007174732888458375,0.042062653123929976,-0.027874519343095167,0.17245947594367972,1,1
-0.5008864140967973,0.08936763030336578,-0.013833096352153998,0.02910804688492045,-0.08406939480057826,0.16063496019127935,1,1
0.0882006256458896,-0.17687706501454423,-0.07146044730458569,-0.3270914236098678,-0.1913569700297784,0.5855875216398625,0,1
0.08820880335975155,-0.17111093498569183,-0.06470513990244946,-0.31612302658491237,-0.19067862994289808,0.5897765150532537,0,1
-0.5049298299849984,0.09837100124838323,-0.00849970947952691,0.03131495397485296,-0.06235028229244756,0.1769119922365732,1,1
-0.5024187789236355,0.10295435612924089,-0.012245936847592974,0.02651718848915176,-0.05682838530558283,0.17514868535209027,1,1
0.08007782603224453,-0.17599418298715702,-0.09051718920770473,-0.3354147691772629,-0.20780052443176464,0.5808583700398,0,1
0.019449112840636308,-0.10767277710035468,-0.09575355026457519,-0.30184992542729366,-0.4396383353266699,0.3391602326000504,0,0
-0.3655208460378978,-0.34516056339152673,-0.13604513238035335,0.11144282165752019,-0.37408609852985836,-0.033327801317540706,1,0
0.01974618565602778,-0.1014987013828084,-0.08570255738964998,-0.29413212650026904,-0.43652788803861187,0.32330826425567416,0,0
-0.40902079515437545,-0.3957976941624783,-0.13471031508125617,0.13250839851454146,-0.3100523942825871,-0.02723079412886064,1,0
0.014170347683838723,-0.11010161166192067,-0.09473104169924977,-0.29624921840808416,-0.4378790035383228,0.3600964322928538,1,0
0.012679086528543203,-0.11244810025084147,-0.09906656687186836,-0.2994525935111386,-0.44048242885281086,0.3585615796655242,1,0
0.013570828498216704,-0.11193479819447802,-0.10086562171062284,-0.298594636592649,-0.43957759161290544,0.3607474914106462,1,0
0.0146052444893636,-0.10587466776594505,-0.09322208775293452,-0.296363123282193,-0.4376520652553898,0.32711848141236405,1,0
-0.45477257672685345,-0.40904245907320125,-0.13045886685131236,0.19659725778465473,-0.3119569032323909,-0.017855354540190445,1,0
0.015285583105667909,-0.10628318968759391,-0.08649394998266474,-0.28791015837231365,-0.44162985507305996,0.3667200073937581,0,0
-0.46048830599627155,-0.4161334011985469,-0.12407065607686775,0.20673738898486255,-0.2969723359227293,-0.01605546413031698,1,0
0.020843613242864416,-0.11952877450085665,-0.09987550920667891,-0.31091135201998876,-0.43135908648273497,0.39406869848268233,0,0
0.017528667061626983,-0.11647324197694758,-0.0999563607924726,-0.30243964493352743,-0.4350381162896583,0.38737485710939895,0,0
-0.44973402395625095,-0.40136405592104757,-0.12827217405731486,0.20733564266337448,-0.3247611980058868,-0.026202189904705287,1,0
-0.45544705467585245,-0.4099081524562129,-0.12774229171209625,0.21036217036516996,-0.3085573520213514,-0.034070327841738676,1,0
0.02250150860728678,-0.1169413141064759,-0.10205021653078301,-0.3107629044126707,-0.4320312588808814,0.38247316901586853,0,0
-0.4574355812257804,-0.4165637768031656,-0.12279248036837816,0.21518400461798767,-0.2979921252145406,-0.03096760647353743,1,0
0.01703741358769277,-0.10890677230708642,-0.09649250065455879,-0.2960410245364401,-0.4426961813355584,0.3588076159925531,0,0
-0.45550139252704985,-0.4283555870868928,-0.11195970834799433,0.21288195753909017,-0.26291620168376495,-0.0350888870424673,1,0
0.019055284466913715,-0.10750753827153875,-0.09055429335791691,-0.2985950712605243,-0.4381680385928645,0.3580296724410499,0,0
-0.4189764298232673,-0.3650311709580677,-0.11205520323337707,0.21691631616726648,-0.3817270239785791,-0.035712382479141075,1,1
0.013220574171235231,-0.11727552359600782,-0.1147275562949938,-0.30363890180488096,-0.4429878933459668,0.37113864911170863,0,1
-0.3930035661682612,-0.33556068477981604,-0.10633867085485707,0.20126677135388613,-0.39582854494863473,-0.05768558469377662,1,1
0.020047148766774072,-0.1216612802214404,-0.11628290993629892,-0.3188066910782477,-0.4370140586655258,0.37828824657804366,0,1
-0.42269393578970954,-0.366214018790745,-0.11296196341903138,0.2214219046025152,-0.36659337349261684,-0.04694671120122719,1,1
0.028594645515640355,-0.13311490494602257,-0.12756204461720974,-0.3349820087085096,-0.4204013390860643,0.4069833735481317,0,1
-0.44147216375316645,-0.381433017695934,-0.11270884148348308,0.23177026191635364,-0.3487630469235343,-0.03430973031344609,1,1
0.034762287696202654,-0.14194165428474942,-0.13416757736824975,-0.3472479526438935,-0.40567529610364916,0.4269572567226056,0,1
-0.4425195019480151,-0.3807294413188532,-0.1134379404687857,0.22810579494972943,-0.3441645687797072,-0.033687459583340754,1,1
0.020216877914831434,-0.11830087514702531,-0.11051113495719582,-0.31172948346563856,-0.4370785541337024,0.38390559398655827,0,1
-0.4384950151767313,-0.3749226094235102,-0.11526854004344451,0.22102924476857205,-0.3488635726386933,-0.03818579857758364,1,1
0.024727878926202044,-0.12273553963325985,-0.11350869249153812,-0.3219145547393824,-0.4305161441573898,0.39068531683553237,0,1
-0.4217089742404647,-0.3551087179151902,-0.11031359936158247,0.21452068242921765,-0.3715266813193068,-0.02872788171617983,1,1
0.02115428158128647,-0.11775630975727708,-0.09781422228351565,-0.30167005946646996,-0.42974723956869343,0.4047416623942858,0,1
-0.42518718951006723,-0.3575547842975344,-0.11389265968289525,0.2121310027290181,-0.36654148879354964,-0.03471451875091882,1,1
0.023938156763237326,-0.12354327539818419,-0.10804483590550583,-0.3163272918892949,-0.4261532703530679,0.40609659869817977,0,1
-0.4221755217911293,-0.3552542059909699,-0.1126316542162526,0.20997070287699313,-0.3720723613821458,-0.03536630988372596,1,1
0.016310679541807163,-0.11299880640765991,-0.09487734787419903,-0.296363873260238,-0.4380329063091563,0.3833435460765572,0,1
0.019969018640049283,-0.11711897465811733,-0.10034189312670648,-0.3055553394094463,-0.43338204556176374,0.39406678143223134,0,1
-0.42325764227170093,-0.36061613010916266,-0.11202770975314923,0.214054211302758,-0.3727122826396173,-0.036577400998335445,1,1
-0.432521338295941,-0.3775082314769332,-0.11233690786334295,0.22628475443391297,-0.35759606367954677,-0.03596921295254199,1,1
0.014200144977735092,-0.11017378301554161,-0.09599466567887611,-0.2905464330056608,-0.44075123341072797,0.373619899115598,0,1
0.014153097994057461,-0.10652153340255249,-0.08649459278795493,-0.2839525280304995,-0.440956863805492,0.3732468590847209,0,1
-0.44549123781740974,-0.40066796805751304,-0.10334109730500457,0.23708984042359163,-0.32761964090107243,-0.021486274210268386,1,1
0.0378287051152476,-0.15569735788832517,-0.15661473694739364,-0.3721263776142582,-0.29124044933628745,0.5149183665670577,0,0
-0.4197484999415511,0.23865703633883276,-0.053073000364123754,-0.10511002707407886,0.07263121186621145,0.21134432702303146,1,0
0.05522480529081055,-0.16244797284102158,-0.11894058411670952,-0.3460558156551335,-0.24679267443930386,0.549975138506071,0,0
-0.45378260936907766,0.24179000735793144,-0.03218628098052497,-0.10203181875877335,-0.0019385099996262324,0.19972580728166495,1,0
0.03952464851373687,-0.1580083669256752,-0.16105256257894304,-0.36328464532163646,-0.2783845378693608,0.5263370119784598,0,0
-0.4515805624511718,0.21726854131646373,-0.02443593774073399,-0.08436329731202202,-0.04708263791134176,0.17409813248589995,1,0
0.03198771998749962,-0.1534387496961142,-0.1547885560415554,-0.3618785763369317,-0.2989865451506175,0.5154776290294171,0,0
-0.45848431978476684,0.21164664138750983,-0.006967471598652532,-0.0785164715567305,-0.0872377473588058,0.16367770221336922,1,0
0.0408424714290749,-0.16195372430422972,-0.15566315330480365,-0.36429009058755113,-0.2824268547794201,0.5250547389208825,0,0
-0.45489192218620517,0.18919383577500204,-0.003636653430782734,-0.062380222057127926,-0.10874181633831455,0.15414606418556165,1,0
0.03287589491608607,-0.15960918944346403,-0.19955552857067282,-0.380174447116089,-0.2912307173505028,0.47793274042382916,0,0
-0.4265703376955087,0.15578317354221297,-0.0030042012545352984,-0.05074468755034708,-0.15757186442302915,0.1310888778546089,1,0
0.0503160239173618,-0.16589123612512274,-0.13203621098383453,-0.35400694002342964,-0.25874848916867577,0.5467693721799349,0,0
-0.4378942562407742,0.14066900308585503,-0.012662650492993454,-0.04152126283796814,-0.14709421051884844,0.12203411308206896,1,0
0.03504835079880644,-0.16116930518227232,-0.14866135507719183,-0.35856423094539597,-0.297759203718477,0.524011748627969,0,0
-0.4587676824302961,0.13755382583695294,-0.01529824644836568,-0.034170366691167554,-0.1258767716615866,0.1422252765067373,1,0
0.036228403176617865,-0.16091165463170617,-0.18333137439786248,-0.3751464721493602,-0.28532249959858524,0.5020021186108307,0,0
-0.47424494700403097,0.13393864719357435,-0.02083141905286394,-0.030162104764443056,-0.1034062961559989,0.15654651322886726,1,0
-0.4819053351267971,0.13653186096334935,-0.023902208682753136,-0.03282792746058972,-0.08261992669245538,0.17321396659763225,1,0
0.03524653439408139,-0.1581992687786133,-0.16891034465813046,-0.3679543435802106,-0.290409091545265,0.5159376687119308,0,0
-0.4848899980105083,0.1584954622147308,-0.013311256437119197,-0.040859169690236785,-0.058156010175319336,0.19919396492349184,1,0
0.050421152418965935,-0.15859900754741402,-0.125186559229052,-0.34745110901324194,-0.25174904652623376,0.5562682620781764,0,0
-0.47904775582103426,0.1665108871320789,-0.01146301125238611,-0.05103006412221538,-0.07068990743476782,0.19623265477676907,1,0
0.048647344236912186,-0.15847674430391306,-0.13649299528245548,-0.35722239350658785,-0.2669395999051945,0.5449197263959005,0,0
-0.5088421294177893,0.11749945303711976,-0.02640381412419459,-0.000764413708234174,-0.04856618103340476,0.18436870958695337,1,1
0.06160752635463691,-0.16872623634500952,-0.10879607612152821,-0.333858001340217,-0.23380505587971814,0.5666884837841277,0,1
-0.5086475894604556,0.11085643320407826,-0.02491671059935139,0.006876548800195777,-0.05652074057647457,0.17065153212189205,1,1
0.06102183741122778,-0.162033458743012,-0.08631949854743116,-0.32193743148560017,-0.23922084606026017,0.5670310868226933,0,1
-0.48263415314842817,0.08278507701893179,-0.033719687304716965,0.009176861954740172,-0.1102502311001798,0.13841240915652758,1,1
0.06079620761821369,-0.16556284571102603,-0.10182032902559934,-0.32921585693895283,-0.23671426692525005,0.5703031730403945,0,1
-0.513726857330918,0.08190128736320061,-0.03092397119106375,0.03166428014961959,-0.03500459472069424,0.16911951213120466,1,1
0.05962531222823767,-0.1583248150016093,-0.077452527123878,-0.31192585383248345,-0.24442160991771092,0.5688251138766564,0,1
-0.5147338981720285,0.07554462713712404,-0.029124812237646392,0.037846981283042924,-0.02190883054016412,0.1692408711648564,1,1
0.05721539568022967,-0.15961778031853327,-0.0907114615692125,-0.32652093590288,-0.2511277097322899,0.563207877926023,0,1
-0.5083334293029673,0.06593888461269627,-0.028875674916494037,0.0462553000370492,-0.02928130702795278,0.17680205195819976,1,1
0.050404611238848554,-0.15850632763828165,-0.102829836331162,-0.3248029918079565,-0.2643081639064914,0.5620403475462264,0,1
-0.5127229217434042,0.0754268107697104,-0.025712194067599194,0.04039259157452912,-0.021545774409096913,0.18085384701203455,1,1
0.04697616057892879,-0.16123145482261084,-0.11162154312112389,-0.3340558025164258,-0.2696093381525406,0.5545509966450588,0,1
-0.5121643176323843,0.08728317499658209,-0.023541665069688723,0.03138745982543101,-0.021898682947330838,0.18199740388089908,1,1
0.04786645173329679,-0.16170820390753607,-0.12588789102929185,-0.34661855839842887,-0.27181899592009784,0.5464502668457262,0,1
-0.5038153856564488,0.08860284061305926,-0.031697990471552966,0.021901773333495914,-0.036630412048780196,0.1717792353535123,1,1
0.04871306577145455,-0.15776856865239128,-0.10424893460888904,-0.3326571514611562,-0.2696370971229509,0.5560932191126897,0,1
-0.5035460692812916,0.10201386302149476,-0.027454687033145127,0.014925583743662627,-0.031433396595431665,0.18815908029496625,1,1
0.05722505926352881,-0.1607012699160593,-0.09311726730745697,-0.3260253663034642,-0.2516306240021938,0.567648916957682,0,1
-0.4989901824937124,0.10806265925110173,-0.025078520404329726,0.018384626593496732,-0.003917875431971148,0.20237099731573263,1,1
0.05214979576781146,-0.1530798443968899,-0.07527861719125045,-0.3106429376004613,-0.2633523146114042,0.5678181515168552,0,1
-0.48973103895052933,0.10459707457236907,-0.03284614447999959,0.007978473727861863,-0.024004390272393806,0.19179875915373124,1,1
0.0589325913018048,-0.16259831222581153,-0.09705284662716111,-0.32841498698892535,-0.2500278721732225,0.563626293914252,0,1
0.13072668150253408,-0.1807451095109567,-0.24692045785911423,-0.36715072346866795,-0.1394406059485123,0.044256784294062164,0,0
-0.3505640655925715,-0.34233761024939,-0.12178477383264705,0.09706702551315882,-0.3852770152981258,-0.0031667515949295225,1,0
0.1419382928841847,-0.1828216995369274,-0.23835195000755893,-0.3607688913295203,-0.11684966290836495,0.04206955973339913,0,0
-0.3920087242523916,-0.4110237641311129,-0.11235709788674608,0.1401836857885956,-0.3118908367281223,-0.006448112585092593,1,0
0.1360339192034416,-0.17969058931103346,-0.2396974233656093,-0.35013636014118554,-0.12480297481235186,0.05010092036905271,0,0
-0.4045786774109782,-0.40046643053754094,-0.1151370511436056,0.16475722455574976,-0.34433646886841,-0.01215333302898735,1,0
0.13621773183968738,-0.17639867265380196,-0.2375528035620984,-0.35286744092859645,-0.12657475454638173,0.03272138199147215,0,0
-0.3908802723472081,-0.3714975573087709,-0.11248018034980611,0.16617939322302425,-0.3686462850759291,-0.039505682308886264,1,0
-0.4148844493498418,-0.39334571415605596,-0.1091249094357594,0.19577145944092358,-0.35097382762227797,-0.03256357037598894,1,0
0.14407579010627278,-0.18436805995538708,-0.23656980692802776,-0.3496874652530225,-0.11037752167389209,0.062392005150907,0,0
-0.4170152463758723,-0.3920294633635032,-0.10169419029041868,0.2045671848423204,-0.3422177071930115,-0.03358311021127826,1,0
0.1462244154783318,-0.18501933167014809,-0.22966848229619935,-0.3468936862812248,-0.1068912488596818,0.0693487043488327,0,0
-0.4329513329261753,-0.40017764086828084,-0.10318567508017662,0.22440696989513118,-0.3365434860799657,-0.02295033887596932,1,0
0.13307139223070388,-0.18097837029845035,-0.23548195302876973,-0.3286105626811444,-0.12338604788816838,0.08279325279692887,0,0
-0.4261223122365978,-0.388686926673277,-0.10476547613152162,0.22598098316011603,-0.3516327729743018,-0.026847767025788838,1,0
0.12747340424966824,-0.17591354369187343,-0.23147354694711658,-0.31453103952081174,-0.1301441976885535,0.08176079858034524,0,0
-0.43380754363918916,-0.39467709712820065,-0.10447024816216416,0.22855778449422356,-0.34223877193036645,-0.027242657643647545,1,0
0.12752571973907953,-0.1759347518073873,-0.23588779395357498,-0.3219636316374371,-0.1327226507549074,0.07189343479958082,0,0
-0.4282476473029734,-0.3911296315922133,-0.10355407243583471,0.22637502390813447,-0.3506032668620069,-0.030092125355601393,1,0
0.13179751221936167,-0.17795409298061174,-0.2357858649543441,-0.3271848202154619,-0.12587120700812182,0.07680249998864823,0,0
-0.43193617173819576,-0.4047297700129322,-0.09711174765809666,0.22284278979512273,-0.32149537874972917,-0.03602540346938435,1,0
0.1394652153409969,-0.17992916686277977,-0.23969708796254902,-0.3457435212653242,-0.11588675579727681,0.04844276002940751,0,0
-0.41946981934112726,-0.4008071687247057,-0.09356069771235713,0.21542034972050528,-0.32459647796482355,-0.04304219383669147,1,0
0.1450987977648354,-0.18354843204818022,-0.23603333883238475,-0.3540067571775962,-0.10851214489136514,0.048589955398872405,0,0
-0.4292385974141001,-0.39750143187495446,-0.10056077759025886,0.23462861012283392,-0.3506541468172541,-0.027110937309604014,1,1
0.13347559460423625,-0.1831445012828691,-0.23112193565714464,-0.326100312811738,-0.12265825390699506,0.09744769471499545,0,1
0.13508960707868728,-0.1844981429650147,-0.2430802666104014,-0.35180202609245836,-0.12372340390107922,0.06844461297925634,0,1
-0.3699879441340412,-0.3247876676745026,-0.09246149465455629,0.1969588884379444,-0.4124216593665118,-0.06000253500664657,1,1
0.13039321716232286,-0.18351650960077515,-0.2375652469007626,-0.33138781981247273,-0.12712541782577666,0.09098527669557678,0,1
-0.42890059626103466,-0.3826535835038725,-0.09943496350280823,0.23872507569659152,-0.36855019782745846,-0.03248385889668719,1,1
-0.4358669682639408,-0.3958658091137965,-0.08990923047571177,0.25114459028696934,-0.33188675978530957,-0.02191310163082674,1,1
0.11740542219764237,-0.17874664566688137,-0.2427332109935058,-0.32944996505505664,-0.1522286511085707,0.09397648843963265,0,1
-0.4337638084665143,-0.391729634173455,-0.08838296824629906,0.24631112691019105,-0.33704047609704474,-0.018040528032874606,1,1
0.12568894091553362,-0.18178879680171967,-0.2382315923810221,-0.3313523513139147,-0.1364595910325308,0.09573323712259972,0,1
0.1180848700023954,-0.17527287347231557,-0.2444640989985345,-0.3342225611918435,-0.15229682018922275,0.07035128559072268,0,1
-0.4329980241871076,-0.38356167986418893,-0.09688618007761254,0.2384759421031778,-0.3570655445789972,-0.02757191456360818,1,1
0.11564437755359287,-0.17479920181043127,-0.24626361083322668,-0.333991172971792,-0.15639041591681113,0.0720995128954288,0,1
-0.40322417085947326,-0.34873991530466,-0.09731301544008347,0.21914876407173803,-0.3962156918037833,-0.03759940750379015,1,1
0.1262367585779006,-0.1799811442938349,-0.24643670225548855,-0.3466150192115118,-0.1414520505289156,0.06852230734710844,0,1
-0.4086429846576652,-0.35530827810041493,-0.09894104249945486,0.21741134209429802,-0.38655672460313156,-0.040692317607571804,1,1
0.11804691672409263,-0.177542971760815,-0.24193715120000028,-0.33092792137239796,-0.15160717709573654,0.09031370360386284,0,1
-0.40715221493294423,-0.35660817965666797,-0.09361853608596707,0.22264738911832402,-0.38611672314940226,-0.021778179097414307,1,1
0.11897758858141977,-0.17287660412284117,-0.23984166925827563,-0.3313758638262473,-0.1540273864429904,0.0658221686854646,0,1
-0.4149145977023928,-0.3704338572624584,-0.09171282553397347,0.22672104250140956,-0.3706386662885002,-0.021719169837849286,1,1
0.1174577695637576,-0.174920997166449,-0.23887184336775946,-0.32758264709006446,-0.1556487743075623,0.08771215421972756,0,1
-0.41559965615269934,-0.3748884110665563,-0.0880229397031095,0.2311210588054767,-0.3682654437453252,-0.009382189638517882,1,1
0.1298003928368937,-0.18124427077581987,-0.2382007890268025,-0.33549717570782417,-0.1327152434408063,0.08194020211228507,0,1
-0.42445989289169306,-0.39307923761851665,-0.08591481885249043,0.2348096870301327,-0.3415365279362299,-0.012039658379816293,1,1
0.023529579679651226,-0.1582386843563755,-0.21454642342301117,-0.3884425298397161,-0.28284367182173986,0.45916869143225697,0,0
-0.46596558296744,0.2641837917320574,-0.003896111700777757,-0.07939114636659114,0.02651539969544096,0.2112000541403395,1,0
0.030583244190286542,-0.1600089183939677,-0.2167516399588863,-0.38432508278681426,-0.25954710999071845,0.4657227439770978,0,0
-0.45815302115230894,0.2289476938455464,0.005192773725959533,-0.0723609192688915,-0.0787248204032622,0.16585912653243143,1,0
0.01667580317227052,-0.15196214791942186,-0.2198898131831191,-0.37971334384622285,-0.2774379481568997,0.4431070892298515,1,0
0.025819691347534326,-0.15894993424865012,-0.215268583718939,-0.38293986233081223,-0.28141639976630695,0.4563779344606658,0,0
-0.44720687708242096,0.17474965785421517,0.004245132601172789,-0.0382637999145962,-0.12098066733051999,0.11793262284023809,1,0
-0.4516740073441319,0.15542124577950514,0.005957069559046081,-0.010011893482260947,-0.10458324946424634,0.14429422241906,1,0
0.009338998313498666,-0.1429649160597424,-0.1903342788292495,-0.34405281117552894,-0.3174753334332532,0.4580452838568383,0,0
-0.4711117770632303,0.1518281689349461,0.0068812195060315474,-0.001183916807950661,-0.08613061598751394,0.15367111992712046,1,0
0.01679982820664621,-0.14835075370191214,-0.16494333727759092,-0.34101693478923184,-0.30606607301226957,0.5059340783689035,0,0
-0.46878305126404035,0.13540104387157717,0.004643408974447853,0.010167109008188213,-0.08617940414065282,0.16023043412161894,1,0
0.01412579621730692,-0.15250697196771024,-0.17718015031946963,-0.33793479211525324,-0.30463139459486654,0.48617509992141855,0,0
-0.47436316765548975,0.1302994925637476,-0.0019137823294725909,0.006904940835127707,-0.08526644002731833,0.15338768382298354,1,0
0.016630129258219377,-0.15268501122975184,-0.17840522268502815,-0.3453033029640254,-0.29855711879724417,0.48866861875368156,0,0
-0.47486625175053415,0.1354427055088878,-0.006645595715877885,-0.0069246044412472575,-0.09448743818513365,0.14531972451753042,1,0
0.03297538167827873,-0.15881722786095936,-0.1867443197999977,-0.3639530614953804,-0.26110665897005264,0.5063331006344659,0,0
-0.4668973175632272,0.13092470529662195,-0.00958674644108453,-0.01423647641704343,-0.11358375492959168,0.14390234736648763,1,0
0.031421452245395456,-0.1576893779704176,-0.17837023578446695,-0.3607556979080871,-0.26291549638604583,0.5164389375140902,0,0
0.028679271693844873,-0.160503292204993,-0.18744627093744154,-0.3621976525796043,-0.2742910688362546,0.4986204481873781,0,0
-0.45534985561568914,0.12941748852549545,-0.010541382422658625,-0.020334207154924146,-0.12866343040625705,0.1421153722347082,1,0
0.034848441177294756,-0.16136523771888958,-0.18732169386552705,-0.36233205641840194,-0.2615770253862801,0.5051882185523812,0,0
-0.4713067406487466,0.13495737900976193,-0.011667796220331114,-0.017565530927844002,-0.10044661877441322,0.1599762502377942,1,0
-0.5010788749594116,0.11707656887349924,-0.01184826471606904,0.011383551161935334,-0.0721234516108903,0.15729454079490376,1,1
0.024132437299656345,-0.1590891263138093,-0.1943743486016559,-0.36723338638527253,-0.28622361201929414,0.4858327237402593,0,1
-0.5136330224575523,0.11737234571626333,-0.004598359570029626,0.02523820154036691,-0.060364401159003434,0.16692068385761022,1,1
0.026012909354151327,-0.15920500569638638,-0.1910146655889629,-0.3650352819149516,-0.2802291278855871,0.493345121542992,0,1
-0.4936093436617888,0.09313394344782727,-0.012246731681010443,0.02839921139129974,-0.10712641461763119,0.13625729038569018,1,1
0.02967636482437277,-0.15726875437534732,-0.16675170855588722,-0.35397569622014324,-0.2760590765695746,0.5191237839409425,0,1
-0.5171258678137395,0.08906687066229829,-0.005161558685342517,0.06048557911236733,-0.016718099575312582,0.16559943249122014,1,1
0.03418688111845972,-0.1598394637898787,-0.17003611051005155,-0.35485111285359927,-0.2638942899834746,0.5245410157821867,0,1
-0.5207958886296287,0.09188076277236333,0.0001636702849514729,0.06312050921462584,-0.0005561059755170826,0.17002079961678554,1,1
0.03304701991586671,-0.1626588103804483,-0.17594138484096536,-0.3616541442054203,-0.26608524925235,0.5140934461082833,0,1
-0.524790036368238,0.087769120588462,-0.007198627926616094,0.056661460068309646,-0.021655573732053263,0.15794252220968177,1,1
0.03374910265993019,-0.16544712842462517,-0.19083826726303205,-0.371453587161716,-0.26105140267003774,0.497296576461498,0,1
-0.5079648041781922,0.08368924618971277,-0.010537333147045223,0.04260054332688895,-0.0858882782310885,0.145739372586173,1,1
0.029360542220044417,-0.16301555068902826,-0.1833980537097342,-0.3614993666194288,-0.27277148020840897,0.500046429372414,0,1
-0.5112446818760057,0.08626332631145005,-0.011300556676742304,0.04239621600767857,-0.06798371093931675,0.14992300795277355,1,1
0.030165866406162475,-0.16276349845102403,-0.17390724049751424,-0.3603606245943035,-0.271182303211831,0.5105817204990991,0,1
-0.5138412221091037,0.09592296344699183,-0.011213234616780804,0.03729924128551506,-0.06305510353035969,0.1524445308353596,1,1
0.0348248891682853,-0.1612985248200474,-0.16723837878604603,-0.3580281543514382,-0.2666457459909738,0.5209169914584731,0,1
-0.5183632634186938,0.1124433661139862,-0.005931724226662343,0.036107099122804624,-0.02619893828307838,0.16913029314068034,1,1
0.034619154688526034,-0.1584325027370708,-0.1508115133608646,-0.3484424728934666,-0.2675767000198373,0.5322285363514112,0,1
-0.5136629604740378,0.1269669514634672,0.003726666134515601,0.03657841712397453,0.0025663669627740433,0.19220338443522905,1,1
0.029519950670992952,-0.15678416607381584,-0.16806396772454876,-0.3576887467889521,-0.28148439330804237,0.5164730924208457,0,1
-0.4984650034583828,0.13795385649866002,0.01646160081197285,0.04256533036835338,0.03472176062440748,0.2134144804746045,1,1
0.03646608810757034,-0.15525600022510108,-0.13072055309684816,-0.33486763372766115,-0.27100011624271747,0.5479524710022249,0,1
0.08776123922325794,-0.1363135027049533,-0.3727908969373905,-0.46649264129918266,-0.22440883605480164,-0.04394949253932337,1,0
0.10295645863082308,-0.1500114334412886,-0.3798217058908708,-0.4791227510338041,-0.17520265506798555,-0.0715555494361183,1,0
0.15522851796717613,-0.18865149243070506,-0.3905469938355582,-0.4845056580802112,-0.03507025122823813,-0.018114946082590563,1,0
0.12455755217409091,-0.18831358750257685,-0.38124516531602093,-0.460115682239384,-0.08738223957455886,-0.053068637271768325,1,0
0.11259385677128786,-0.23681117906696564,-0.36545521888106675,-0.4594031303141399,-0.014520650436438317,-0.001620502344418055,1,0
0.4730849819817313,-0.15835544018284192,0.1300429198227528,-0.06596316012074567,0.3234582300603806,0.07778673713078679,0,0
0.09804798901239171,-0.25405871383952683,-0.3480942728377663,-0.4337473375642633,-0.008600506689808916,-4.330301559017875e-05,1,0
0.45692253233918584,-0.16045833356741007,0.00020426588260304818,-0.13392043337487727,0.3294186597832977,0.10871817924357792,0,0
0.06485749617168188,-0.28158556697898385,-0.32647867579405565,-0.40936527811763085,-0.006444897560660113,0.02016253743518976,1,0
0.46081808733768764,-0.15967711666957113,0.09941897678961281,-0.06748413843988085,0.31803300909669896,0.12298735884517535,0,0
0.026225635439387638,-0.3000501266609354,-0.3081856491245984,-0.3770057036545782,-0.007851863252301798,0.027866827541581617,1,0
-0.022993877984093646,-0.328598209169539,-0.30039335058222866,-0.36364929258856443,0.01833778248049799,0.030474830012761748,1,0
0.4524755326214734,-0.1654478601467187,-0.006423260669893819,-0.13768306988415077,0.33495504936308046,0.10221787261802956,0,0
-0.04959098168963034,-0.3609414243021693,-0.25488126673537,-0.31447746974248003,0.11341809937042834,0.053815554172565394,1,0
0.43038440184888616,-0.16367115051118863,-0.10938007990951652,-0.1984470420440559,0.3213378866810848,0.10281278133837295,0,0
-0.08831458392992636,-0.4027192524153469,-0.17091400425822356,-0.23430829839345538,0.23659113364587858,0.09900917568392946,1,0
0.38233287190488846,-0.15928723031200695,-0.23761273872749084,-0.287787797412117,0.2699339005372559,0.10558044808388889,0,0
-0.16230392768990207,-0.4016954213724954,-0.18295365683084244,-0.2104313947364089,0.22479939803533247,0.050076460419081946,1,0
0.4073624212923569,-0.16300864192983142,-0.17294930057593613,-0.2822961835118406,0.30144689841686423,0.06414771658960745,0,0
-0.5161586513936195,-0.3481988603908006,-0.22157005831489088,0.04745205342233755,-0.03162334906846862,-0.05436377483000478,1,1
0.3287239199452298,-0.1532647168903906,-0.3402219191175089,-0.3802239607420864,0.18669587870821247,0.03612457180735629,0,1
-0.5129350849113055,-0.3366707358908463,-0.2139799647589259,0.06851333082807601,-0.07537782639593922,-0.06378722249231,1,1
0.33300186560119877,-0.15477874050504625,-0.3324986248522422,-0.3658709758513328,0.19469230864265064,0.04504545865963865,0,1
-0.5228813458050788,-0.3560434562657125,-0.2064734466608175,0.08738296269092424,0.01116745590272564,-0.08972041097661436,1,1
0.3624164367948355,-0.16138318581322458,-0.27699375801702547,-0.34688100506389014,0.2413178900115845,0.04774451777123432,0,1
-0.5188523413026153,-0.3606034773220736,-0.1952235397671156,0.11368423823350063,0.02438835572932742,-0.08839619325939307,1,1
0.3485775519252991,-0.16020471503107864,-0.30034790859665333,-0.35547254988537813,0.22113610219572136,0.062228106440086875,0,1
-0.53257338144802,-0.3549475275300971,-0.19689504130152713,0.11737950715192341,-0.018905541157697846,-0.08154570921648188,1,1
0.32557794911100163,-0.1560010573247122,-0.33914104259484346,-0.3808841155016089,0.18270058147133944,0.04674561449608216,0,1
-0.5316411199545577,-0.35751889057615327,-0.19279343007250674,0.11469285207247118,0.008580846426472574,-0.07782296459840872,1,1
0.3503577750024497,-0.16258632860806385,-0.29456279694426923,-0.35876006848942293,0.22313630862473888,0.059135145755957776,0,1
-0.5424669180393086,-0.37195172939199045,-0.19010403373244264,0.1286563549791829,0.05444832837359908,-0.04852479078457848,1,1
-0.5343351451419641,-0.3743999187292352,-0.1892925452815331,0.1137682288259418,0.09308678123386514,-0.0528616026482024,1,1
0.4214020440331172,-0.1702886447690421,-0.13045001960161762,-0.22372683230530438,0.32355987525582847,0.0779499737901347,0,1
-0.5284762380364387,-0.37602766368832546,-0.19888326239196977,0.09844808303039951,0.07914094489848773,-0.04970752378213861,1,1
0.4243856033445616,-0.17299616075096738,-0.09638568462796789,-0.21081219601865392,0.33282757024756554,0.09511140202885895,0,1
-0.5146586365201641,-0.3817271452273176,-0.2071832951805708,0.09088584379634915,0.07309371186083619,-0.04429679817729042,1,1
0.4158887227577412,-0.17305241471628682,-0.09978536295209037,-0.2095020294427666,0.32331499769831046,0.13025402952175666,0,1
-0.5017555323226592,-0.3937858795332326,-0.20337442021789742,0.08296192194415271,0.11613304895454572,-0.04861996159003452,1,1
0.39798636112392904,-0.1702746682133698,-0.16850845493725525,-0.2536866556076595,0.30836437625204294,0.10274058432334064,0,1
-0.498543608807525,-0.40071723674823806,-0.20089726830750582,0.07965009315629093,0.12146946296635648,-0.029381980149419402,1,1
0.3606090196194225,-0.16469998910258216,-0.25699606520887686,-0.3106226167858308,0.2541291764783945,0.0989538618850198,0,1
0.26522998308523055,-0.16049300912316414,-0.30331123125365184,-0.4503269391069016,0.12908631842010065,0.07264473558475384,1,0
0.2830125391858589,-0.17336591640381652,-0.2731161771450877,-0.43545650338700587,0.1617566652854136,0.07344596040598274,1,0
0.3445321750943114,-0.19737424140907714,-0.08679277842367558,-0.3171866087431965,0.2594628499162837,0.20385392174205044,0,0
0.23610227445584286,-0.13008087931761408,-0.41274187702881826,-0.43783031501610187,0.05726225248108034,-0.03979252490139268,1,0
0.22265516353541864,-0.10071963096050199,-0.43286165489776474,-0.4188354709570601,0.01917293124657531,-0.03555347133180946,1,0
0.26562775547506695,-0.08765761870658777,-0.41696854214465195,-0.36994845342971366,0.103754806117182,-0.002451150392365611,1,0
0.2119163584995826,-0.15645688146930997,-0.3874650536663367,-0.4541658863209828,0.02097643257108683,0.09276389253230925,0,0
0.2869938517772496,-0.06629131407819776,-0.40465325318512,-0.3175473512754753,0.16238484103230744,0.002275233969137721,1,0
0.2885711386964731,-0.21038823787695993,0.1631546300424617,-0.19357976585262418,0.18107870069983362,0.32017340774004505,0,0
0.2785993277741699,-0.045073634638061924,-0.3651643751766002,-0.2658466536393366,0.25340940572932835,0.05956244474371361,1,0
0.27320394673451937,-0.21815517584602595,0.2305693490042082,-0.16631914223731442,0.1677404534841729,0.3119425376973841,0,0
0.30346848653882413,-0.027250519826301684,-0.18644616992847202,-0.0812229306390098,0.3968847954527764,0.14784467470568116,1,0
0.2624179285148669,-0.21249001158419853,0.335433548004041,-0.11259822499697533,0.12168263935099129,0.27188327129938555,0,0
0.17408582224796215,0.011050195125966512,-0.20514597527868658,-0.11884674923941037,0.40776253889305714,0.16514341732063853,1,0
0.25662433664645035,-0.23449634332124225,0.2662322303605188,-0.1731819913461152,0.15957023677618856,0.29542087820718993,0,0
0.03404479343639632,0.04552807526079416,-0.22012482981531103,-0.14056380248978498,0.3982818743687153,0.1426713015786669,1,0
0.2255202306470581,-0.24865091840917225,0.15687665535755993,-0.24812231296920048,0.1549811925980251,0.3409659344182802,0,0
-0.16061448817012514,0.09542612256036533,-0.22255296521081266,-0.22239643751833357,0.3138070656729589,0.10015110177873024,1,0
0.22568993760006403,-0.23957387936278135,0.1610654245048587,-0.26053462912739433,0.1531161171784746,0.3039142659656464,0,0
-0.2840701648328667,0.132018923468423,-0.15994905063436543,-0.19369500131850378,0.29526763358380653,0.14650498268478931,1,0
0.225483685847764,-0.2379148745725872,0.13184691376586744,-0.2673526511962183,0.16903851073721207,0.31005082173827114,0,0
-0.42619355942759146,0.08439212214511273,-0.11906232990499802,-0.12493329004630228,-0.050426916792059705,-0.01458707365677172,1,1
0.21112280649888862,-0.2398637092017037,-0.023624384187648794,-0.3529053446414604,0.16919300534362508,0.3122798935328012,0,1
-0.46097888069038295,0.1037831029420208,-0.11233534089808937,-0.12779535789437918,0.0015659773060341632,-0.013334209021509785,1,1
0.2181142353962729,-0.23327904502745642,0.0024642979683314643,-0.34969617506923795,0.16702604504995605,0.28226994914176046,0,1
-0.5123238141263495,0.09599745298833567,-0.12074115151409659,-0.09981821048184865,0.08767078381011757,0.03000418598080557,1,1
0.21018402856919924,-0.23899242360458506,-0.0447370399162238,-0.3631227332475827,0.16460815462806316,0.309527024299577,0,1
-0.5332595730891204,0.08286338012050871,-0.10702286481650884,-0.04493477244859479,0.2233061803555732,0.07211653616470012,1,1
0.2119621864702703,-0.23735998417078225,-0.02384710534816876,-0.33591286640032963,0.1711821833886558,0.32723173600928185,0,1
-0.5044000688204514,0.0833496245064239,-0.11657315180256489,-0.08938713561836814,0.05908399059511377,-0.009187351564008095,1,1
0.21272830565941828,-0.23357037540667308,-0.04312154066199153,-0.37024751923273375,0.16767138073044818,0.27187416710450496,0,1
-0.5323898322864817,0.06046462360786156,-0.12695220746673655,-0.05192169123554959,0.14173585781427592,0.05153672198782592,1,1
0.2153135539631962,-0.23852443949804653,-0.02734086409015557,-0.33589345466529247,0.17490084292821012,0.33030234555116733,0,1
-0.5349974548543062,0.0840214285514616,-0.11686094371188559,-0.06316963783762929,0.16002533097888177,0.06565335698520902,1,1
0.2170366866826864,-0.23744874577893665,-0.020266403140151695,-0.34016256837386055,0.17059321360707902,0.32770270030136583,0,1
-0.528265615246433,0.0900946221231832,-0.10977615557202121,-0.04850478876838737,0.21979316763048268,0.0913485639773669,1,1
0.22848147513172978,-0.23334623426232073,0.04549190744208483,-0.2901732363404152,0.17885894213359668,0.33743873128231866,0,1
-0.5104306225959633,0.10159969409039163,-0.1003447035367894,-0.04137457859969987,0.27023205666583344,0.10196483411567225,1,1
0.2339597595473226,-0.23479141685041205,0.06022588121398959,-0.2822260811504419,0.18789423846151765,0.3321910738071067,0,1
-0.5018830969182705,0.12682882872485934,-0.09938550439568303,-0.06589484597480257,0.27042169650832754,0.08614068541521662,1,1
0.23975335183409627,-0.23351891778625852,0.08077960897041858,-0.28215806989790765,0.19363241312895385,0.30788810143016526,0,1
-0.4957602161934654,0.12948300232511498,-0.10517648161297027,-0.06237467607459922,0.26723769915964535,0.10490377137936695,1,1
0.23187420454556207,-0.23444257663264823,0.06963277541319443,-0.2797932221662969,0.18600289350442092,0.3319520292147763,0,1
-0.4941041521779775,0.13573795504603414,-0.11327911592264536,-0.07963237865274451,0.24611917634378452,0.07824819909781382,1,1
0.2348454172119655,-0.2355150225234103,0.07139490881718118,-0.2870266570647706,0.1909172089560991,0.31644275741083705,0,1
0.2831095705818414,-0.19470625189975999,-0.24007155724066934,-0.4207685264860491,0.15475477555751513,0.17958278772270803,1,0
0.30260416618452346,-0.20565639975535013,-0.2171611352081723,-0.38740775929933224,0.192742605460007,0.18738733297188365,1,0
0.27271030067075647,-0.21073614852450753,-0.2925825455663507,-0.4160687825276915,0.139219261326097,0.13152060503336013,1,0
0.274918391017882,-0.2262650234014617,-0.27790101844908927,-0.40010657427260976,0.17276029535583784,0.08749981728666524,1,0
0.4291205647159971,-0.08560604637298164,-0.1811636434855013,-0.15915663511868922,0.3195328340848343,0.14564984613701676,0,0
0.4703906006289558,-0.06686820088271878,-0.05719574215724533,-0.024311345953704593,0.355656170546675,0.13754742416190735,0,0
0.2321121903237982,-0.2372915082609282,-0.30234204762564004,-0.4036358885417212,0.1542080628338711,0.051764550010636394,1,0
0.20281515667333758,-0.24997188903321002,-0.29219795009979455,-0.39774811385948916,0.17470977098378176,0.022254970430915712,1,0
0.4691758656646989,-0.043023874698453195,-0.03291996923421238,-0.006726423343922163,0.3347042699194842,0.14990203121329965,0,0
0.14477738741246224,-0.2638211125518373,-0.2907800325570768,-0.3576893567210558,0.18596941799853617,0.029828358347797138,1,0
0.4398258028149223,-0.0060415156117299244,-0.1887163407796588,-0.07567145512570674,0.3187732723629809,0.16982661383416384,0,0
0.1641804000467574,-0.2923953133751575,-0.13459379987875464,-0.23703811881345518,0.34559666140998146,0.08216522186364418,1,0
0.46622741662411454,0.005900176972702776,-0.06878463334994933,0.05276338420167886,0.32098526392608595,0.19508102771769661,0,0
0.13671374128964703,-0.303146268634561,-0.023873901682579596,-0.17520160646452707,0.42241439097289396,0.07127776677865177,1,0
0.4955368259265909,0.00022421646225017524,0.07475175747898082,0.15999861162467044,0.2940637570350968,0.10920648343181436,0,0
0.07810911199832005,-0.3005191391296807,0.03941814495308654,-0.11452595907695949,0.44584755076578053,0.07273344450714743,1,0
0.4804354512012721,0.025540344313227735,-0.08723098805512727,0.04279678447136921,0.3150777277741548,0.1284970788006916,0,0
-0.05222870708877089,-0.3001289728855433,-0.04226661009700652,-0.12189684775592778,0.4235400719436178,0.059730046341707775,1,0
0.47250513704115293,0.02907592789067924,-0.13324481326829174,-0.0062899683119194885,0.3162882966335285,0.08764974810730142,0,0
-0.197235755087217,-0.3027448695183731,-0.17456594718580953,-0.13505115990670008,0.3408275023461035,0.023078532212063244,1,0
0.4567942564515216,0.028819260169718953,-0.1353022630760874,-0.024310028874044633,0.3103752966433522,0.12311336255951014,0,0
0.250194284914891,-0.29104021592113777,0.08751303571883894,-0.3115687723468961,0.22142514151661363,0.26015400035982994,0,0
0.30451622719156723,-0.13541604207105837,-0.3437023860167599,-0.36196734376220685,0.20419876688385935,0.04019215599548902,1,0
0.22790175379248312,-0.2886665928175903,-0.002455640078376661,-0.35817161652040963,0.2032496268192847,0.2554336681196196,0,0
0.3378723646913359,-0.1359467129144769,-0.2949680073685032,-0.3128187990889954,0.2636200823350021,0.035017355688108064,1,0
0.245633922369622,-0.2838118668316327,0.07057988098892311,-0.31075851708234997,0.22139944824237123,0.2647721402462782,0,0
0.1897812624424521,-0.12222174996963453,-0.4249973802815829,-0.44919940180010104,0.0010098400017633745,0.024086208959163184,1,0
0.22330145830242554,-0.2870216539135397,-0.03952820422610273,-0.3671668826437061,0.19609993478979237,0.25810507639035574,0,0
0.31716567522120526,-0.12266106161632993,-0.30835128936222156,-0.2933578174749148,0.2787879682775724,0.05014300806168629,1,0
0.2230449960767746,-0.28700586655851634,-0.03129645125426166,-0.3563109477274136,0.2019930910904116,0.265163249973098,0,0
0.28326581353170893,-0.10378188818101759,-0.332978771064351,-0.29331543383813885,0.27523122822213464,0.06253789782931474,1,0
0.29114500110186503,-0.08550343930088411,-0.2536859585926413,-0.19446285706940564,0.3627002362738477,0.11099114008645364,1,0
0.20849111349670388,-0.28505359129519037,-0.06934793178130409,-0.3711808478591153,0.17395367089702546,0.279480877717106,0,0
0.25083851199091156,-0.05594070530633464,-0.21503805534551082,-0.13769624929817284,0.40689152722108135,0.14078443746185165,1,0
0.2424527654879661,-0.28004675273592317,0.0827467746656581,-0.29311531631902243,0.20635021971573142,0.2990078877503528,0,0
0.1934011549010793,-0.01628204259468503,-0.1422224070111778,-0.07759328684978639,0.447761287702338,0.1675798032860501,1,0
0.22583838931688696,-0.28630775430171235,-0.018934135911831802,-0.35504740527733225,0.18888911050583618,0.2843731102605199,0,0
0.2222633811391415,-0.2878548036628021,-0.02818502542001556,-0.35708720781610803,0.18359753970181308,0.286167880027863,0,0
0.06968547461166578,0.04139819701374587,-0.1760667472496839,-0.08964650939523969,0.43798726429350876,0.15328384283750482,1,0
-0.07602754569883817,0.10497474336027704,-0.184851565182432,-0.12759074606774207,0.4126217903632581,0.13746578803680223,1,0
0.2327247065532639,-0.28675936479607883,0.01133150792307321,-0.34883115289942856,0.1965896844101719,0.27884261055735193,0,0
0.24311235156909297,-0.28189892023322727,0.04353339233423392,-0.3416530176402727,0.2076715838595826,0.2530141324702583,0,0
-0.1951341304111268,0.1755340421781901,-0.12737920488032878,-0.13571032992308307,0.38122464954346874,0.13804543396109586,1,0
0.2439513384786125,-0.28061201885351156,0.04472345645568838,-0.33434252927433744,0.21073650134824348,0.2657223285999232,0,0
-0.31344863601518325,0.20528798359107311,-0.16754286062689477,-0.18274063502031218,0.28559283505572336,0.09285637935602503,1,0
-0.4430849136638071,0.23937667439995872,-0.1023454522756168,-0.15459351165797314,0.08947624290716738,0.06860107806622695,1,1
0.21137251937831825,-0.2790164015990927,0.0022653851102819437,-0.3277459646393536,0.17131526226333857,0.3215220704739509,0,1
-0.4547983251638427,0.2495730339152326,-0.09539111732287313,-0.1525270811658182,0.10774609667358559,0.06687945137073853,1,1
0.2157154457124436,-0.28100425562027814,0.013234570667664215,-0.3303997984013949,0.1757388238868309,0.3176662469570537,0,1
-0.4466952393220274,0.22683922254803565,-0.09862591466778284,-0.14880234918499305,0.06273861487124541,0.049754492060117596,1,1
0.22012447314463032,-0.28073549865709413,0.03126458936761292,-0.32128378250865697,0.1746579648992798,0.3251749978557493,0,1
0.2255550043109716,-0.2809751224193798,0.047033443596407695,-0.3138711792191329,0.18112930494495813,0.3199715870247661,0,1
-0.48130218670201674,0.26169560847142265,-0.0735958774545348,-0.13399307229476676,0.12371229969435477,0.0779734278049105,1,1
-0.49935538099220533,0.26531606431368,-0.05528816434429751,-0.09792284631560791,0.17426315541053988,0.11096111768684279,1,1
0.20785008683547138,-0.2787230932326199,0.008172644004706053,-0.3229663409673996,0.1599448500952835,0.3384581940830571,0,1
-0.5129293026743745,0.25069323020822165,-0.05902324646923124,-0.0817231591763369,0.17891110547577876,0.09403430857397327,1,1
0.22251737753430137,-0.27949891941952576,0.039481127159648494,-0.3159501425378263,0.1754938723521822,0.32625206954622316,0,1
-0.4964051920814987,0.22979664922271034,-0.030622984397693592,-0.024376005738971317,0.24177414677384781,0.1514390432007727,1,1
0.21069153590028092,-0.2742288927601344,0.0256303315859357,-0.298410333332021,0.16030744160713284,0.34697887028966695,0,1
-0.4471731184939192,0.20102747375303698,-0.01163049864667502,0.02090318025254086,0.3110942422867801,0.1491868581306122,1,1
0.22591431194626088,-0.27224980107587204,0.07222008401219887,-0.2746184842373005,0.17937731859332756,0.333157180928638,0,1
-0.44900789800618074,0.19881510478565848,-0.011286443652100511,0.016148419508658494,0.31577681395213275,0.1537390346703541,1,1
0.22195560989313512,-0.274784599946034,0.04587947009493198,-0.2932330206285536,0.17842499531124917,0.3303072564040094,0,1
-0.4372062099967366,0.1898269445849603,-0.011821885536571096,0.020657395561723458,0.326653174219898,0.15688082669266162,1,1
0.23269131859713676,-0.2742190682724488,0.08355140917639055,-0.27437401355616775,0.18739467658947978,0.3241949978357466,0,1
0.21373789524373085,-0.2812579163740606,0.0015458242563621731,-0.333358047177679,0.17058759723899022,0.32196643583168466,0,1
-0.46400454732090035,0.20684750740145005,-0.0301901855016482,-0.014103583782571137,0.31197316185988616,0.1468727761646874,1,1
0.20985861861899918,-0.28256063289982297,-0.007401514386903226,-0.3410419590625997,0.16898650972402648,0.31825457829405174,0,1
-0.4476306960029822,0.21652935368316553,-0.016307836155662118,-0.01084976953059165,0.32467541256838717,0.153787606441533,1,1
0.33882237541233184,-0.16049428417342831,0.011226014687096721,-0.21855127792045817,0.26726687133956556,0.21317695701156536,1,0
0.3418552159801602,-0.16073398928087262,0.011447204110229732,-0.21705986468239846,0.2695226691380233,0.2161018790003282,1,0
0.34358070499789894,-0.15909790942434782,0.018320419586449022,-0.2255438384241118,0.27138377511583384,0.18603572323068515,1,0
0.33494866395339473,-0.1598390708383651,-0.09228531085085198,-0.2770640557144739,0.26888243395087696,0.17701159579710493,1,0
0.30547333333912097,-0.15958983206165347,-0.16593844326018992,-0.3239656118048194,0.23640552815657898,0.18076991466735293,1,0
0.31243011510280727,-0.1673966032854253,-0.17124245997011966,-0.3226756263923008,0.24484743709450912,0.1862519873406367,1,0
0.32818280657072685,-0.17041020649815908,-0.16241847766740705,-0.3138052795785104,0.2697521386354618,0.14789843176067466,1,0
0.3412683372718925,-0.1801694579835345,-0.11989322161233715,-0.3057237975697861,0.2911009243052992,0.13203929238419174,1,0
0.33606366443460234,-0.19525128134784048,-0.1661572668564397,-0.31809467658482515,0.2886184192222339,0.11782806957209231,1,0
0.33634157976303264,-0.2135329843041134,-0.12586556396947762,-0.30980659570559776,0.3221447862730733,0.09123959462142348,1,0
0.3131024398443663,-0.23641789561126705,-0.13743143789791026,-0.294740122770539,0.3393425519198275,0.08284166171860817,1,0
0.29101866896747314,-0.2565810279213061,-0.08328162468008328,-0.2639789505016809,0.3848111785362817,0.03084580012877463,1,0
0.2915098787990495,-0.1494024577289064,-0.36544035597631147,-0.46265712366128603,0.09115222890724527,0.04716902493592373,0,0
0.22307252124900134,-0.12416618705973873,-0.41928233245099095,-0.44097120548540325,-0.007612996961246542,-0.07616827026908841,1,0
0.28762516092184454,-0.1528841294106792,-0.37388446963254246,-0.43244458332258107,0.08783143053837457,0.07960153439199309,0,0
0.22281887080466112,-0.12465402559004841,-0.41785090460755725,-0.4090913304376895,0.009393352456956158,-0.029010809309948326,1,0
0.3064290341594568,-0.15785327037492408,-0.34792257397528803,-0.43427491318003586,0.12524612367134244,0.08100286423020568,0,0
0.24779620041285663,-0.13253517959291428,-0.40949462379697005,-0.41543197908624935,0.05487911221824827,-0.04021996488742482,1,0
0.3568043833906486,-0.1722452359943819,-0.2196867349298284,-0.3317540091505934,0.25436238352592555,0.12201810154563146,1,0
0.3501943025132513,-0.17899884895294568,-0.22755943165504278,-0.3635357682227519,0.24189331979250583,0.11666737705273966,0,0
0.18357063291502548,-0.08712456267029021,-0.4236431660860586,-0.41261667668179175,-0.05740267288635471,-0.10593490385717237,1,0
0.2747029905792393,-0.0820572655113717,-0.40139807816322887,-0.32895527945492137,0.1275652529438937,-0.0770064212241121,1,0
0.3206229152546116,-0.18955682359730908,-0.2413052685751037,-0.38535300056656535,0.21371507490800368,0.14869715398593034,0,0
0.29658217749353816,-0.06688572340209267,-0.37399000422968387,-0.288645201184225,0.20810152473919818,-0.054769068056888255,1,0
0.299393627702643,-0.20696835965647106,-0.19703149831302502,-0.3916690695860285,0.21200323779084437,0.17844795356246396,0,0
0.2728216229851687,-0.05043074845219687,-0.369187731991007,-0.26910874067934354,0.2406208451469338,-0.026306429290952952,1,0
0.2965409426832329,-0.2271244085682236,-0.11715622635591418,-0.3560513930866156,0.24612184949577673,0.20816332236973517,0,0
0.2801127882527899,-0.029277178398459485,-0.28885507414594774,-0.18609093480390343,0.34659044276406853,0.050435020557147124,1,0
0.252151883461617,-0.2390942478796044,-0.16075154174045214,-0.3994318889698853,0.20502413940084543,0.21245214397317855,0,0
0.2633851516221702,-0.005402152249851559,-0.16554828114754272,-0.07114869423514689,0.4173487566519739,0.1334051410742406,1,0
0.24145028218655787,-0.25217971802757627,-0.10501122059997026,-0.3730932180270433,0.20182193360328282,0.2630909882758334,0,0
0.173113676116054,0.030599349727140998,-0.1874945182478924,-0.10277706715272061,0.4189431800154977,0.1537272763874046,1,0
0.234815504966743,-0.25607026386131954,-0.09820826786492044,-0.38577711530110786,0.1838546949269101,0.2661441987967819,0,0
0.09494367400830205,0.0637917565530139,-0.18394831042057427,-0.11532921404219433,0.41013510571627915,0.13590652590314536,1,0
0.2267734722650045,-0.255473835635317,-0.11932949327453095,-0.399477273853994,0.1794269227056043,0.2500405852196951,0,0
-0.4528744422171304,0.14329303770944557,-0.11380529512016906,-0.14339541064938116,0.0021219933771323396,0.017275597657023863,1,1
0.19580960464241248,-0.2455702248440852,-0.21940759288689543,-0.44855025687601235,0.11919873468945799,0.2236382014080839,0,1
0.19955701729537326,-0.24391649526318554,-0.2168108328654578,-0.44786422305222945,0.12591200917602022,0.21359516819840554,0,1
-0.4320070374497475,0.13249551918221555,-0.09703898040110584,-0.13046238883367453,-0.05245902615013072,-0.008383934513746695,1,1
-0.43687668944229613,0.12875681093373983,-0.0931001446441199,-0.12069467884283946,-0.04259106965955781,-0.024677801284034743,1,1
0.19075477454998,-0.23954530482546693,-0.22993077012655172,-0.4617360870779532,0.10821567842557864,0.1961217208037982,0,1
-0.4693455078521997,0.13632144844885852,-0.08984032102988879,-0.11373009858407512,-0.0072936436693750075,-0.013358457875549266,1,1
0.18645844939368172,-0.237389805411227,-0.24023161916503,-0.4693917829163546,0.09503539855812693,0.1884153663274405,0,1
-0.5142978334598731,0.14931930629633045,-0.08726318604705541,-0.10047142177577319,0.08032731891949993,0.013934846743100481,1,1
0.1831230447075936,-0.23500413822593433,-0.2492184226211497,-0.47465587534389075,0.0846783173505556,0.18151245742852404,0,1
-0.5119544830883078,0.1595332515345051,-0.07026133069531658,-0.08665274335432649,0.160005823694133,0.009899332594462,1,1
0.19003642465637285,-0.2298008093716348,-0.2180492667766527,-0.4701189369153068,0.09568019777602517,0.1523091773691068,0,1
-0.5114701103829943,0.13552208751926137,-0.09016168892382251,-0.09155906950957127,0.08944778536551055,0.0038346363396882625,1,1
0.20231625751026916,-0.23781175772967394,-0.19918951010508493,-0.4565493695947358,0.12191175292028988,0.18056608212498496,0,1
-0.5229476062652308,0.1273618652516556,-0.09849469044811089,-0.08049326957338651,0.14777771779869595,0.023722318075552515,1,1
0.20925209657524502,-0.24336411307294126,-0.19426024646878784,-0.4484066140047731,0.13685682534919028,0.18901766469085718,0,1
-0.5138511831448266,0.1301883942063623,-0.10135547901237334,-0.07967772857421278,0.18963962398570042,0.03653306966159519,1,1
0.2166473357233926,-0.24413046317660334,-0.17609139592032852,-0.43761021946508777,0.14873304316202093,0.1977692549931614,0,1
-0.516927618877546,0.14204460974898203,-0.09438451066849816,-0.07413921545308169,0.22630839693300756,0.06235059657254986,1,1
0.21331253015160476,-0.2445246384953193,-0.179933756269983,-0.4322330293385234,0.148268426330184,0.2085841163507126,0,1
-0.4947750487925676,0.14278417065624235,-0.09244154357278818,-0.05502673021089374,0.2754120979141601,0.09273877387241533,1,1
0.21909554018155095,-0.249350661678737,-0.16573821003070024,-0.4142000788089798,0.16117733460445047,0.235173116655835,0,1
-0.49037332969667746,0.14905973049210708,-0.10278551009000471,-0.07733273403288367,0.25466614254914605,0.07333809447460017,1,1
0.2215322231701432,-0.24757657267996838,-0.16083531353245406,-0.41983329486088955,0.16404724290328163,0.21925439686239767,0,1
0.04777931559115236,-0.23940693350879533,-0.36177422626002603,-0.40602807599773993,-0.02397832187801304,0.009930616442751554,1,0
0.06301901448406999,-0.31013279158571194,-0.25317119159102014,-0.3519680020356304,0.23756414961755518,0.10273372637190058,1,0
0.037517254139486554,-0.3333277036519442,-0.13665819523582015,-0.24615336955045053,0.3603570358426284,0.11172852400107287,1,0
-0.06457097634876173,-0.3468712647738658,-0.13951989622123395,-0.1982422973502292,0.3660193270582317,0.08239091786139646,1,0
-0.19844739452616658,-0.3501216802675486,-0.20134403872882584,-0.17740906136751242,0.2998286354399387,0.04785517321984999,1,0
-0.319032911859554,-0.3499070650253348,-0.24703180549672177,-0.1485463746661413,0.20056270022530476,0.0222278776265633,1,0
-0.38207064496723875,-0.35020159216967495,-0.2505021405333262,-0.10879941488615545,0.1063986609820817,0.01771056250680459,1,0
-0.4329227671076909,-0.35483165161468877,-0.24890976562026632,-0.06374443999700835,0.09421030979907885,0.018221217467728444,1,0
0.26220257582164774,-0.13751657755198493,-0.3844549497104571,-0.41416788364439144,0.13124150220179975,0.05437071073792919,0,0
-0.4576074483231611,-0.38331725457869825,-0.20413790670201093,0.007567538711981193,0.17872112286702266,0.05285937321076791,1,0
-0.4571750240261198,-0.3875623106007038,-0.16673411027115692,0.0233266124769646,0.21706411810536175,0.05774505636641267,1,0
-0.48772792050171077,-0.3885073766078919,-0.194257182936296,0.03282064073047861,0.16866256474039557,0.030724401254964322,1,0
-0.49951632828680603,-0.37896726737443126,-0.2132477060434931,0.05324470761854919,0.10354466308062367,0.011198927658330977,1,0
0.2299909536596797,-0.1854000786758064,-0.3318453440944835,-0.4866005770666486,0.06797016164546311,0.05872074060794771,0,0
0.2552825353358893,-0.129405012567571,-0.3840922530777821,-0.4078923870942486,0.13245596976180715,-0.07018973389113427,1,0
0.19979909875570911,-0.19053898457139443,-0.34632139685754254,-0.48193536155004557,0.018153942038048442,0.1336268039781137,0,0
0.22648925663236627,-0.10794027507513124,-0.4168364152386612,-0.3963710529102913,0.09270277621407304,-0.025666491980635947,1,0
0.20732698443882006,-0.19817570033660714,-0.32358009104800395,-0.4800442957835823,0.051410623981447155,0.15434426332450354,0,0
0.3503488333767381,-0.1016259190027738,-0.2838494770948038,-0.25153366549393863,0.29969418912995044,0.041104808400865105,1,0
0.19715714552700694,-0.20094533588420543,-0.2977468170139015,-0.47984261096553443,0.049014097571870044,0.19455164211898446,0,0
0.2932495839787844,-0.06301437436331091,-0.34303288108339697,-0.27729105401583487,0.2789690987083562,0.00405983072927983,1,0
0.26058306411793136,-0.03378578938879785,-0.323571342277279,-0.23096276272217775,0.32903377290112984,0.05126111657741172,1,0
0.18599637640816308,-0.19643865992539852,-0.3107844878224984,-0.48563675734022665,0.030475986351199726,0.18296396865911724,0,0
0.2639362465417537,-0.0023271840961301836,-0.09288160842012722,-0.053726177607842776,0.4375897091392516,0.12245076437740597,1,0
0.18278630329434717,-0.19447622121406408,-0.319114384245657,-0.49730612423918635,0.018487818614518942,0.16265551438197187,0,0
0.11619381068948481,0.044491343106467254,-0.1634243769999873,-0.08836225480296837,0.43479431645797245,0.17134894999207587,1,0
0.19773137500479376,-0.1965070761473214,-0.3095922828162166,-0.4707472932532005,0.04878311705190896,0.19848722651355588,0,0
0.18545585492549432,-0.18992239454256127,-0.3238108343812327,-0.48316051965826873,0.026094658782297525,0.1825047486107356,0,0
-0.06917797389315214,0.10401802927142513,-0.20057390766898792,-0.15437505841729884,0.38462885375105327,0.1494838298234184,1,0
0.19205209068184306,-0.18594774742234838,-0.3180251779788357,-0.4938900615183938,0.03426588272302929,0.1478081590981623,0,0
-0.24304144586423246,0.17312906992449667,-0.1748940821717556,-0.21157814175635825,0.28827521684464036,0.12185270046831068,1,0
0.1915173266718772,-0.1858584218155468,-0.3290086899164163,-0.48817668743893466,0.031703040168550516,0.1580355633539026,0,0
-0.3371099184007582,0.19517644587029984,-0.15592623383657542,-0.19857170114077594,0.2401780987068616,0.11601093848207496,1,0
0.1812498137708258,-0.18298773964635368,-0.34036695403386324,-0.4788976123801224,0.014497918343642708,0.16248414860604937,0,0
-0.3970555405191488,0.1799425883946966,-0.15966335577540483,-0.19010372704736106,0.14512349640106523,0.07550846762985754,1,0
0.1778323687672123,-0.18061186147765215,-0.3516831779362092,-0.48424060291905624,0.008423176743000726,0.1333008172245922,0,0
-0.4309661069267661,0.18397626474482848,-0.13585743728111485,-0.1791264338147807,0.09754280567189215,0.05671885414922539,1,0
0.16631724479802518,-0.19007223678081986,-0.32392512251112476,-0.4506387423139463,0.011495586939617494,0.20797948493266563,0,1
-0.4503621169071581,0.17724894383624354,-0.10956377112296607,-0.13462154925899633,0.05194497514211114,0.059446675577465906,1,1
0.16200622900585734,-0.1876958872347274,-0.3354665195434074,-0.4672166303692917,-0.0034473091977461068,0.18985844019157055,0,1
-0.4746690242273049,0.17863460711977788,-0.10661860034855532,-0.12538273176225648,0.07826945986222825,0.05519116851696624,1,1
0.16203747462451523,-0.18686011662402643,-0.3302754344119657,-0.46412545028430074,-0.0042195689840774965,0.20631365078069108,0,1
-0.5145471655502011,0.19257188308592266,-0.08773352970727617,-0.08473339826331457,0.18404856928081953,0.10038469939422989,1,1
0.16031814850486528,-0.18487038961890292,-0.3326586115404749,-0.4653155456280673,-0.00808919857487054,0.19828914628224253,0,1
-0.5297675001732968,0.1877033828449137,-0.07603522866143202,-0.06613352897569642,0.1795775346463314,0.09827151216887607,1,1
0.15722212738734728,-0.18252909031266001,-0.33431120886921145,-0.45556214743156137,-0.012464389482399594,0.20281052278426154,0,1
-0.5074887571502237,0.16895663408900077,-0.057565208145807345,-0.01437311020736135,0.26830050790654664,0.1198203185754409,1,1
0.15495163366961903,-0.18065532029513928,-0.34516349730031426,-0.4642938130255351,-0.02107626217496044,0.18123230014873157,0,1
-0.5129838829519883,0.17504684309903645,-0.049970136279336816,-0.014906699579636242,0.26757757601203713,0.11883023595299815,1,1
0.15035788361157562,-0.17881851076665867,-0.33533353322426623,-0.4468967991797726,-0.024163847825656424,0.20158289862769876,0,1
-0.4990437171623635,0.17016177322124873,-0.0412615769516657,0.00016415213224188672,0.2718970785823132,0.13830960905406442,1,1
0.15730772823413525,-0.1812015206634001,-0.3370602818931453,-0.45680713813324547,-0.013579120894911341,0.19494935474232244,0,1
-0.49947318187593065,0.17985522095773152,-0.04088353126683994,-0.011140266674152608,0.279357264158797,0.13895563524686608,1,1
0.16294066766176316,-0.1840490392125546,-0.3270439435584087,-0.4545473221072276,-0.005352017639177214,0.2120957318603946,0,1
-0.490195392528171,0.1863112298875622,-0.04348242327940357,-0.014485322329354318,0.294176903620099,0.14617930679584387,1,1
0.16780257017642158,-0.182412284127383,-0.3131489759484188,-0.44414464745973503,0.007214510276202062,0.2171051643754903,0,1
-0.4253707251557527,0.19046287473154083,0.00014497343461157918,0.018166753518554096,0.33428007790431347,0.17036464099652743,1,1
0.17359884541963785,-0.18623990710242858,-0.31282180725167846,-0.44992332059134393,0.016995262214305373,0.2194631076748178,0,1
-0.43930861697746715,0.20939453550991166,-0.022125086897782555,-0.004919938537363266,0.32951895834258127,0.16478228569789904,1,1
0.16522995008178498,-0.18405474624400886,-0.3096552701441759,-0.439085788083238,0.004234477965820783,0.23211487099280517,0,1
-0.4062909244887741,0.21875870978531223,0.004361604799319798,0.01337845318312997,0.3254505254328494,0.1915055810991289,1,1
0.16151264739951154,-0.2764961296177883,-0.19624257173531306,-0.2844917212233719,0.32477529652078635,0.10206209978811455,1,0
0.4667363584963259,-0.048287862219897226,0.019128291996966234,0.06149515366360673,0.32132915372811327,0.1529554761103484,0,0
0.1770277022300931,-0.2881746172235164,0.07315015455193757,-0.1069023404910194,0.44563097406568236,0.12073796633998166,1,0
0.4594899530753907,-0.04885387141993787,-0.04023492659459411,0.015816501914271558,0.3244240525223131,0.15840516416146166,0,0
0.11908153940286494,-0.28449290984617287,0.12374060513840947,-0.06059558635484501,0.45618808955482315,0.08241993380192036,1,0
0.43635057240019204,-0.049148822212546746,-0.1679928970866269,-0.10900782600884006,0.33655046141248224,0.13498867434518572,0,0
-0.19427976283983003,-0.2575300606022666,-0.3234093616628156,-0.24533651686866195,0.10451306259740267,-0.015931633514599985,1,0
0.42157521740967396,-0.05099721111722432,-0.17460106561241395,-0.1307625158983601,0.32274391072707886,0.16435760272423752,0,0
-0.3037721432783916,-0.2790279043834148,-0.2940900201516586,-0.17985963386850434,0.14341556722831383,0.025275641669208957,1,0
0.4276478588813501,-0.05384632471505575,-0.20644193704461022,-0.13409091136240134,0.31325772509504995,0.12314547495094086,0,0
-0.38386422246935303,-0.28546331572499756,-0.2746489426754541,-0.11664211787831572,0.10068668249653714,0.0297990603804908,1,0
0.44171153933589713,-0.057871067495442664,-0.1611288025883066,-0.09110189038849416,0.32883744235083173,0.12789835852212586,0,0
-0.4367676542253714,-0.286489233608013,-0.25943547816033524,-0.06117595520373844,0.04335808199559617,0.005520323715366296,1,0
0.44584211316624944,-0.05804038337652753,-0.15043141451562064,-0.06501139385426072,0.33744355693526,0.12515396329732825,0,0
-0.4534517661734994,-0.28672555606334343,-0.24346611453024286,-0.017774704864753976,0.03803190641599946,-0.020792100570019553,1,0
0.4500335076514455,-0.05855665754778123,-0.13545161850611284,-0.055452945059807565,0.3417011612247815,0.12420919518350804,0,0
-0.46982523677970933,-0.2836578525453252,-0.23226225483635607,0.012962455852847795,0.005882204010926283,-0.01799519647137575,1,0
0.4471228490844426,-0.05616622523617945,-0.12242604534671707,-0.02144776726456228,0.33281766126965,0.13905122159386582,0,0
-0.486196630769119,-0.28181870978555873,-0.22219532828978145,0.031338916846546785,-0.003597290695774511,-0.011243600743559543,1,0
0.41818842046805826,-0.050591587698413494,-0.19492283076715142,-0.07279249556841279,0.30644064640411467,0.15042906689831562,0,0
-0.5038065215881591,-0.29553626723009485,-0.22252220106834203,0.038946642823472946,0.037794559157197885,-0.0130169894771014,1,0
0.43620056285006376,-0.05318978020585425,-0.15567437714557228,-0.052102773467956734,0.3233808635602771,0.1484451963177312,0,0
-0.5148236817968044,-0.3030109839333233,-0.2165115997141516,0.05245128232625765,0.05330994854563305,-0.005852304066064021,1,0
0.4294052808448958,-0.051035129969536054,-0.15743236951415945,-0.05109706337720715,0.3161806941108943,0.15741225079106488,0,0
-0.5067185394362154,-0.33647446274382004,-0.21742483392062265,0.05168082461971819,0.08390310052203838,-0.0005656172656232192,1,1
0.41821160047739164,-0.051147978096697314,-0.19556746757920204,-0.0786485294999981,0.305627007084906,0.14407616082774988,0,1
-0.5076431268076007,-0.3277397602519246,-0.21794306620208545,0.0570965815593494,0.04862292588679107,-0.003385631125190357,1,1
0.4184550599041856,-0.05153084556725199,-0.17307290155658506,-0.055893609254034936,0.3000961399066399,0.1580306800506638,0,1
-0.5099220063459751,-0.31833926692923387,-0.22068237619540543,0.05278588173658201,-0.0009425261233244089,-0.01592743691788278,1,1
0.41949626989149486,-0.052371670910200833,-0.18285966998046557,-0.07650395136542011,0.3001204164331204,0.15820823731613032,0,1
-0.4947026726403794,-0.30341641136719705,-0.2151890655542548,0.05723191789746447,-0.046263976776497386,-0.031190283785933904,1,1
0.41677970372430195,-0.051239924886155454,-0.1825911685617946,-0.06551891767240492,0.29879828509565215,0.1584041934289938,0,1
-0.5014774899008254,-0.3081607923746338,-0.21109799589675093,0.0763658855539943,-0.02926701359193486,-0.038327627317768245,1,1
0.43534220496354575,-0.05433422743496334,-0.11731908379611698,-0.01017285166355536,0.314925321946168,0.15564462667074197,0,1
-0.48601928341477213,-0.29636304856419254,-0.20801886436451392,0.07263047419439232,-0.05723484058671833,-0.06952385537846566,1,1
0.44915544485774067,-0.0564558392258843,-0.10877040241901102,-0.01583768024431874,0.3314140240101745,0.1339625253912173,0,1
-0.5231255065640072,-0.33075408133863693,-0.19864750114461255,0.10196088975006125,0.093466819514605,-0.04468480824111418,1,1
0.4412056512583433,-0.054771498465513574,-0.14715421971481055,-0.05245568660643865,0.3309887526216312,0.13360155850912814,0,1
-0.5243959646126799,-0.33352235015125226,-0.18533169688781556,0.12150096146302625,0.11356293461375712,-0.03249988334870974,1,1
0.4291154426835594,-0.05409602356278288,-0.16520035495491692,-0.057082307539652384,0.31409990430200446,0.14092335928676364,0,1
-0.5249506409775248,-0.316468701891502,-0.20114812470348964,0.10486002015305528,0.033331536798736315,-0.05605381325739826,1,1
0.4374138402580604,-0.055338153271878486,-0.14015245917194258,-0.042577983897699435,0.3200808170915624,0.1402805399036915,0,1
-0.5177012123342531,-0.3389718585371002,-0.14705749402908264,0.13681421928546797,0.20707702329514205,0.003354151546202115,1,1
0.44453524859832455,-0.0564952371090147,-0.11297309183492688,-0.01629311691965727,0.3285109166044514,0.14465758852063437,0,1
-0.518784582158977,-0.34403751099809327,-0.15041500914108663,0.13066109508120652,0.21483730201746862,-0.0025035217592139715,1,1
0.4501675812270092,-0.05714496132890135,-0.10094299301509166,-0.015529947896870637,0.33098981538272493,0.13813668032150178,0,1
-0.5356674134538646,-0.34155448347639933,-0.192196706388777,0.10635594418582962,0.13330779487571015,-0.026772852525786418,1,1
0.4500402815488376,-0.05640929216672503,-0.11113850151806387,-0.027390680390623607,0.3328974859893287,0.13338498715454505,0,1
0.17138181091861687,-0.06648936493134489,-0.38561611049036754,-0.34239668575739035,0.20200983081663476,0.040047298695581636,1,0
0.241918789533783,-0.2205707735445481,0.2113401232906324,-0.2068373715912813,0.13039802068086156,0.3159464199063297,0,0
0.07896943186406491,-0.029721404252321715,-0.36450868460962754,-0.3350107815923204,0.220107916196791,0.06468506757024096,1,0
0.24300056783611443,-0.21990268914730593,0.20796887650594942,-0.21404570585372587,0.13339242379146438,0.3073455823633923,0,0
0.012673504212612008,0.011992978121841986,-0.305008906351789,-0.2744912629958623,0.301973099598129,0.07919455713644426,1,0
0.256929663879993,-0.21664953171975754,0.24034999297960694,-0.1939900517891673,0.1431646508531967,0.2803113697455447,0,0
-0.09381573307517033,0.055022909021176805,-0.2588804468252178,-0.22377002454691344,0.3216965744358076,0.13464556584239268,1,0
0.2559126231836357,-0.2204484062854731,0.17458677377633838,-0.2243079061606435,0.1587995494534663,0.32139101301345674,0,0
-0.2397757972355797,0.12415606339987334,-0.19459120809141847,-0.21029807697983846,0.2955810772633966,0.1475640269385721,1,0
0.25302336562836747,-0.22594701519722551,0.08162063964666058,-0.28413161959256716,0.1755730711988975,0.3219736853354361,0,0
-0.3287732972037187,0.16500182706812483,-0.1734291680873835,-0.22129504831119,0.2185182119873248,0.09195715182076242,1,0
0.259291409248042,-0.19662020198262303,0.22480095642478296,-0.19062116455690145,0.14199294667443246,0.2747340181824804,0,0
0.2519612863804485,-0.2068701943711329,0.12578869573264326,-0.24554278641767616,0.15954782740210935,0.3277676928925696,0,0
-0.3942176901586466,0.18474413909299686,-0.1503233033890226,-0.1894830676107619,0.20190484345595766,0.09851361023388434,1,0
-0.4149368859526906,0.1831500162673651,-0.13444922818397473,-0.19725698209718734,0.059884444033175034,0.020366052889783878,1,0
0.2520974303679097,-0.20254563881089815,0.1284139991675163,-0.24844370423858048,0.16417974689041415,0.3012989790958853,0,0
-0.4379488625653096,0.19758185985148768,-0.11220512775648761,-0.18371569205220523,0.04706620868624367,0.029400940663046285,1,0
0.2561612217800471,-0.20209377487422697,0.15347663040881393,-0.23359693908844711,0.15910436024394653,0.3060520339552159,0,0
-0.4622979238905283,0.20374197091657123,-0.11545805783932392,-0.16340809758783797,0.11015419966503259,0.07378625248553165,1,0
0.26458613716296664,-0.19786701995619269,0.2136294903982709,-0.1790534485998717,0.152084571830513,0.3114324510238432,0,0
-0.4591473642551234,0.20184612638926486,-0.11756892748579117,-0.16438161934095377,0.10184241011826668,0.06231577574941431,1,0
0.2535393531141969,-0.1987623340387574,0.17967690347923146,-0.20329049681477512,0.14550466948778112,0.3294448036318358,0,0
-0.4632873543371178,0.2186002611046036,-0.1045266810193487,-0.16230602925476195,0.14301287501777699,0.08792278877536887,1,0
0.25289255920429554,-0.2030717637602593,0.15687425641665387,-0.22191696260562535,0.1547661596527963,0.3288068609251335,0,0
-0.4591566630496837,0.2059894562676614,-0.08996376325422822,-0.1520172852510744,0.0387945678566762,0.020890120637552467,1,1
0.22773110330983787,-0.22060141873164427,-0.004481958575539602,-0.3355002289801948,0.1555444269939883,0.33261500058075577,0,1
-0.45122253250537775,0.18748762882779882,-0.07823059972844489,-0.13902176886879328,-0.010786273534634282,-0.0029503523907530283,1,1
0.2384637588559951,-0.21521772052569033,0.0583565617767863,-0.29857807398251135,0.1633266761469938,0.3263742328372585,0,1
-0.5110370874678624,0.2046402975912722,-0.07510985362423314,-0.11203121447022671,0.12687390294763615,0.025835962174934318,1,1
0.2344798433497419,-0.20729513901109767,0.08359698144320564,-0.2843762991323326,0.1459492990582981,0.3227005684729354,0,1
-0.514580187792661,0.17281718546203473,-0.0774234467116987,-0.09547169922846165,0.06056294348210542,0.013310661847899016,1,1
0.23278917316527867,-0.211994664109727,0.042881097359103004,-0.30349859181369887,0.15231324546079641,0.33142936479565716,0,1
-0.508653155747999,0.16463591799816568,-0.07326314619451196,-0.08950846648682727,0.09204190508521454,-0.00600656232536037,1,1
0.22586510800819123,-0.2079830525228003,-0.0018369062741733916,-0.3424304963956963,0.145435718438995,0.288152483422306,0,1
-0.5292066845559359,0.1607478574541601,-0.07369693906253236,-0.07361573809953371,0.13235795964839306,0.026912492169299813,1,1
0.23178301669832085,-0.2111434935756264,0.020873614768559277,-0.32124166011438415,0.15343508439751574,0.31791092149569683,0,1
-0.5317478146073824,0.15188368163838023,-0.08037755148566998,-0.0663447776455304,0.15327286717752525,0.037747495861589465,1,1
0.23137441540971826,-0.21178423467660587,0.029312967997196893,-0.31248646028859606,0.15055056996696572,0.33386671656653993,0,1
-0.5259103548788153,0.14501262259359032,-0.09122224559322151,-0.06718436379493073,0.1686450278367444,0.040024757303393506,1,1
0.2335622777378647,-0.2137549976686148,0.026869425994869998,-0.3100783665936838,0.15727679810042758,0.3336962119941908,0,1
-0.5117791094175664,0.15328324808362512,-0.08844612131608645,-0.0698432578668933,0.21211771033127216,0.0520242495204356,1,1
0.23688902606793896,-0.21270451880267321,0.054192743368702244,-0.2983138190868102,0.15940064505524448,0.3268093858399748,0,1
0.23900050469661088,-0.20907617581077845,0.08881793869368275,-0.279583187351284,0.1587593973758946,0.31222726206924417,0,1
-0.4918438047827233,0.16690204534551462,-0.08656529941427504,-0.07827578072280103,0.23411763750148612,0.050268899698994,1,1
-0.48521859866326705,0.1744667384886684,-0.08818291392058959,-0.07217822365720145,0.255816894295429,0.071329471957968,1,1
0.24021302123808025,-0.20523447050567295,0.14658958264109204,-0.23604644253749663,0.14401158714398396,0.33059453594715377,0,1
-0.48786750862069167,0.16950589941294972,-0.10670582961432518,-0.08472207627422787,0.20294049592019653,0.062329202749230206,1,1
0.25516768958619834,-0.2067726340468634,0.18563950837260962,-0.2052122601846226,0.15501811638338864,0.3247194667272408,0,1
0.38469977393436855,-0.26233639152289223,0.03118817525339519,-0.33373342286994284,0.2667775711223499,0.0008730470469476242,1,0
0.5377081998504787,0.13504540335549764,-0.26776195874492964,0.0974785380008203,0.17851858725566414,-0.07759339873053925,0,0
0.3617306465736313,-0.27523371591014845,0.09863083315061763,-0.3047965046766549,0.2844762777431693,0.05312696472703475,1,0
0.5455864944216582,0.1371462906345556,-0.2673188289237402,0.11501364956116711,0.1843895930105885,-0.06352949674221305,0,0
0.3470130965519695,-0.2651405080742533,0.30744378680452616,-0.18926195121839676,0.2731251100365828,0.017252094285819503,1,0
0.5243933589664326,0.1338994580820508,-0.26230536234866697,0.08323991146687852,0.16658679383711325,-0.0980291824271691,0,0
0.3139379833665055,-0.2607986759333505,0.390510893559475,-0.11588957759308617,0.26712852130588716,-0.011377892328743927,1,0
0.5334294499778797,0.13495423929189893,-0.2660759883513234,0.09694442564594283,0.1756230191738909,-0.10301622475760805,0,0
0.519943386524908,0.13901013364747253,-0.31786338261294605,0.042723631369626175,0.15260839296178222,-0.12087525468606089,0,0
0.17296951758347562,-0.3115501635335942,0.08708465402911356,-0.2617965394408132,0.33491087939848335,0.0397108146195118,1,0
0.5008881851207921,0.1389034119736944,-0.31402895812757997,0.023414062391046205,0.1415554311756948,-0.13156782843703457,1,0
0.49707800451474976,0.13076359016268227,-0.27966227503843166,0.034764051115987925,0.1460014172321804,-0.14772578762973843,1,0
0.49260644938438347,0.13312228614820348,-0.2977730802363575,0.0175428315264903,0.13922625115855658,-0.15355973663543782,1,0
0.5102962932245746,0.12963614062251003,-0.30152737585187134,0.042596443727201255,0.15661811591933603,-0.15029945874395972,1,0
-0.18478304436906556,-0.37082515273961486,-0.04229182387712429,-0.10583079663363922,0.3470242514666341,-0.04894572468981003,0,0
0.548170350972806,0.13077027271406305,-0.3102899817338588,0.08833864267303461,0.1823604909129342,-0.12674550518067176,0,0
-0.29187766770426316,-0.38255865080332474,-0.06202735351702892,-0.02101109528873889,0.3899182835080022,-0.04034737649558337,1,0
0.5338832244510066,0.13082069339462168,-0.32677769214070945,0.05422146744775759,0.16817794980563494,-0.14039959490099868,0,0
-0.4130828494220672,-0.37981291810182366,-0.18667822029273506,-0.02918758318022697,0.22671336395753494,-0.08181517654162292,1,0
0.5471726602353894,0.1298110920862947,-0.3198374310732311,0.08301082883552212,0.18303375319603762,-0.12078686853984046,0,0
-0.45229506786609464,-0.37903706078295213,-0.19618692297163481,0.004459542334675571,0.20774212743494838,-0.08524891314936,1,0
0.5291304039804537,0.13746615318324373,-0.3622600979147431,0.03973386459829489,0.15899694713054646,-0.125107022434942,0,1
-0.498286175708918,-0.3439874645224147,-0.18900726719214694,0.040849566821881865,0.20236329909930756,-0.09753102311781853,1,1
0.5336391827112138,0.13544459405399284,-0.335000880304588,0.06028131415456913,0.16879591170904645,-0.13448464743862545,0,1
-0.4938905553628301,-0.33510559539480533,-0.18634226993362915,0.03696204557919269,0.1946690992353951,-0.11262180762865799,1,1
0.5360434288246307,0.13151251978286302,-0.3002848624380231,0.07993604510928247,0.17743887632541352,-0.1315163473958125,0,1
-0.48792699472493783,-0.3231480679857848,-0.1624511783317624,0.039635659599491606,0.2198618079901951,-0.10749222303413224,1,1
0.5460799746829995,0.1345882736808842,-0.3240340511313545,0.08948576180516331,0.18112477187324952,-0.11547772480136084,0,1
-0.5225645172940967,-0.330623587931893,-0.17272669173674512,0.06741702484465141,0.19783350568959618,-0.09180419082331141,1,1
0.5508829030981903,0.13226161375829174,-0.31609753642503713,0.10154925336856196,0.18671605179215012,-0.10942192741114157,0,1
-0.5308039486172073,-0.32028156765560617,-0.18789570106022818,0.06431909889460438,0.12364601604045214,-0.09495910279121675,1,1
-0.5266015928147217,-0.3319578690704969,-0.17912980817842594,0.07709603068047075,0.1779054825397732,-0.09903296967518664,1,1
0.553624254060155,0.13280802315280127,-0.3102547878702946,0.1106219584047998,0.18986017907609604,-0.10888179107652966,0,1
-0.5144724519784895,-0.33221852856902806,-0.1473992941045535,0.08620182823613676,0.24122572944072324,-0.08306647634499668,1,1
0.5475448713971134,0.1358074693446536,-0.32175958696366214,0.0983130071272562,0.18244985392294025,-0.11625613605576428,0,1
-0.5197100298051527,-0.33107483599553356,-0.15814264835939398,0.0807592179866451,0.22590778721892796,-0.07710964370522519,1,1
0.5603805309012805,0.13414864146523844,-0.2848703871172396,0.14097894982908757,0.19659928072906224,-0.08714417447759346,0,1
-0.4861284125788192,-0.3215425568019145,-0.12432446832269517,0.07380346945825661,0.2945860674108633,-0.0775228791017709,1,1
0.5545206903487491,0.1317605051083001,-0.2841096990638934,0.12402960207293189,0.19256793383289422,-0.11091868414991339,0,1
-0.4474711085158457,-0.30269816668881827,-0.09848707879947699,0.057161062197177655,0.30467557050668176,-0.09288475649011939,1,1
0.538543918327389,0.1292022467051976,-0.2578872771933452,0.10621929569353104,0.17959545235156837,-0.1259571758507014,0,1
-0.4569061126786476,-0.32285776301316094,-0.10962042549234428,0.06644805108258293,0.32341241543886273,-0.075946817343568,1,1
0.5482781135497254,0.1334964318704847,-0.29568322755295706,0.10406264916744247,0.184578649468674,-0.11255933575544043,0,1
-0.4399202416024823,-0.31619945964787033,-0.09388006810799368,0.059516227080539046,0.33579077164779775,-0.07228087594575516,1,1
0.5460528257154537,0.13129664547852213,-0.28827740709665717,0.10408768824965926,0.18498806755545427,-0.12392852368732211,0,1
0.2751447845029799,-0.09890515079359238,-0.3965251020512992,-0.43849103090614916,0.09068013852116565,-0.0731274997847765,0,0
-0.37663477636985426,0.5898499994930105,0.10625535525154736,-0.1840380941465607,-0.028780234298030474,-0.11141444914703641,1,0
0.27540081212272016,-0.09540210394783602,-0.3830500963992094,-0.439903841215392,0.08471339518155245,-0.09508051270189505,0,0
-0.3866595124788928,0.6322441840314096,0.12265182414151758,-0.17581978824253341,0.014654642409182215,-0.10442609495767358,1,0
0.2849508114178769,-0.09957243852275141,-0.3845161447022127,-0.43280320429517727,0.10475236465644208,-0.08823526829460893,0,0
-0.3901041230837393,0.64767780118464,0.13081112208426485,-0.15386989423964686,0.053733899422697955,-0.07942460624921173,1,0
0.28063429222656966,-0.09984546110029764,-0.38750931102002434,-0.4331467497798088,0.09581549421562456,-0.0808357938705265,0,0
-0.38751735785860114,0.6437745093435576,0.1348924589702012,-0.14277696307256643,0.060266369454078726,-0.05926513787711677,1,0
0.288634415227638,-0.09565323843336529,-0.35941182923689774,-0.4209281083735668,0.11181245812187982,-0.11809465748061197,0,0
-0.36640491870197395,0.6309030146746435,0.14298961080827358,-0.13583844866185574,0.05599485867808267,-0.08288957100633883,1,0
0.28516920491405173,-0.09419175116634217,-0.36319655701516274,-0.42066431111235214,0.10095372873626184,-0.1353329660041565,0,0
-0.3621290380345482,0.6287871678599487,0.1376388597859807,-0.13043657579975212,0.07116694030827184,-0.08336063667558866,1,0
0.2705029247035253,-0.0934001648081816,-0.3783886249383712,-0.43565071152504725,0.07122254346810578,-0.12987915571824146,0,0
-0.3702327476781777,0.6358661584844043,0.13118187429654085,-0.1422878778865136,0.06637171263295914,-0.08601398287760034,1,0
0.27711357255848856,-0.09343912804677537,-0.35692747747923936,-0.42881129568888965,0.08621765529597598,-0.13085285421673126,0,0
-0.34658651155178455,0.6238951783874835,0.13943287799040383,-0.12637803522491045,0.06413206851216341,-0.08491506692463388,1,0
0.27130351304792044,-0.09314926859401162,-0.3602519717624756,-0.4320605923810598,0.07553586115888533,-0.1305484217532574,0,0
-0.3621837283366183,0.6297960893941935,0.1281483156050915,-0.15792391857612334,0.02980516882605167,-0.10623399121046818,1,0
0.27734292732912647,-0.09387878947701114,-0.3543122404154112,-0.42533884246112746,0.0852948397680406,-0.1326566831766635,0,0
-0.3138212834961065,0.6229391813110485,0.14388808215437995,-0.0964635120854627,0.07410898290918176,-0.0699962944115285,1,0
0.2745480590941221,-0.09342836933816476,-0.363796425417634,-0.4267201237048174,0.07462277998635204,-0.14432083577193536,0,0
-0.3190950250761682,0.6305053114667089,0.14904179361290262,-0.10598505998104668,0.055543020768482824,-0.07295381703578828,1,0
0.2905054353314307,-0.0997872175798221,-0.37110356176526826,-0.4185859437591391,0.10437936122049506,-0.1127089715675407,0,0
-0.3431388103736564,0.6551166200183917,0.13688563984882582,-0.11761860661290571,0.07293997060747714,-0.06205667183045726,1,0
0.2708511397704248,-0.09323480329269626,-0.36910643178167307,-0.4344382719646042,0.07240065588522922,-0.13097058309077877,0,1
-0.3439921774599513,0.4884407998716463,0.05976122766793739,-0.1740610683286582,-0.027315758940819234,-0.1412791957441025,1,1
0.28557824738350207,-0.09773608172969947,-0.37330411750117115,-0.4261508366134427,0.09939191181501246,-0.11212485018913085,0,1
-0.3589784612805926,0.49783574993618,0.05657181981702346,-0.17364040231976402,-0.011546431592650796,-0.1263422328117905,1,1
0.3014643806833342,-0.10256941463262255,-0.37366050066689915,-0.4129766093589042,0.12933614620789866,-0.08681145903805372,0,1
-0.29220799590486163,0.37567334118120177,0.044615359582030896,-0.15188012106028667,-0.10775794089453623,-0.12877756945607208,1,1
0.2968819197216661,-0.10022848083990356,-0.3693904801239743,-0.41629991129694033,0.12235018726997664,-0.09941038839185641,0,1
-0.28412786237507065,0.37551476173678233,0.044922476519721505,-0.14942579418932989,-0.10154086438083955,-0.13550211871185924,1,1
0.2919902226431727,-0.0999965683105731,-0.3707276900913876,-0.4227686048664819,0.11553257561004507,-0.09805322724369425,0,1
-0.2683313031530961,0.36272473276200734,0.04585011979906627,-0.14535759928672762,-0.1143968992764913,-0.13870065000205153,1,1
0.2964238625997862,-0.10229216811913504,-0.37948858109773737,-0.4163563865527888,0.12390529870564551,-0.0797163249911628,0,1
-0.2538616817505381,0.34359243641832055,0.050921887003679174,-0.13980313466261077,-0.1441844579737995,-0.13144509350176248,1,1
0.2761698045639527,-0.09540752361572533,-0.3696145340410886,-0.4328440971134266,0.08450457738748056,-0.10909139808872621,0,1
-0.2930854167252781,0.4320762091257378,0.05951783641151113,-0.16197508215976122,-0.0925478201118448,-0.1470199918673883,1,1
0.28699844512868644,-0.0967029874495341,-0.35876749849130546,-0.4242423327525882,0.10290027240704039,-0.11071392941439814,0,1
-0.30615573157564285,0.4776531023167009,0.06337246313697542,-0.16850984944168754,-0.0632784334874019,-0.148818885152698,1,1
0.2825506675450533,-0.0982799234517764,-0.37373491007880855,-0.42767536710163795,0.09783666840214171,-0.10015175190399347,0,1
-0.31463180009469033,0.48070967462295766,0.06335009678855222,-0.16455974909115284,-0.056849455941620795,-0.1397906816807796,1,1
0.2796555602222454,-0.09938358719409761,-0.37806628577490153,-0.430582132235417,0.09434114577522462,-0.09027919970734577,0,1
-0.29990744804503133,0.44776450217892244,0.0583785628508264,-0.15901343187804648,-0.0772790889103546,-0.13760307652741005,1,1
0.2831227474961733,-0.0993502239729653,-0.3734654865585533,-0.4273461659192635,0.09482051062673408,-0.10057224257283853,0,1
-0.3055034964201089,0.45543828193681934,0.06156163573832456,-0.16601185414988653,-0.0836680593320901,-0.13914817640254762,1,1
0.2883699808504479,-0.09498906007743338,-0.342298911069674,-0.41072896949668,0.10453835710040403,-0.13363507457354618,0,1
-0.31125012486252157,0.47963609065878493,0.06883978586108606,-0.16932429828748274,-0.06611756008172186,-0.15331641006101854,1,1
0.37702888211464036,0.05028558367549251,-0.4382669011545549,-0.29436579237676325,-0.019371497507437434,-0.2580467818462469,1,0
0.36038468475313007,0.04800806745250952,-0.4165219500102424,-0.2964596213141513,-0.03297872941404844,-0.27970283573309057,1,0
0.39061739317428107,0.04853192925871304,-0.41559547927414664,-0.279505177236555,-0.0019126388689030926,-0.27026046036641743,0,0
-0.24188856717648202,-0.2752500479180561,-0.17495821057500066,-0.17930872169597883,0.2676260011904211,-0.07943052893769735,1,0
0.4037573493201265,0.04842745347666633,-0.4574273266045156,-0.2869562738998472,-0.0002953882030787478,-0.25152708603274704,0,0
-0.28413721644363155,-0.32621006970077726,-0.11877477878565841,-0.09269413412848583,0.3694060231103007,-0.04031553428791478,1,0
0.39439638784297365,0.04769265634965639,-0.4637960519382454,-0.2950479112934289,-0.01617045934571572,-0.252413391562986,0,0
-0.36499740408781156,-0.33610455142247936,-0.16631530814220177,-0.05778978802375828,0.31047600916918944,-0.07256582622474628,1,0
0.40237851751437415,0.0476023470683163,-0.4732729646524746,-0.2837160963068411,-0.004372214734360205,-0.22226361064421496,0,0
-0.4315012880365812,-0.3437873332432188,-0.214344209335086,-0.03803779724394859,0.22296050215462418,-0.07447729358081036,1,0
-0.3887303376612309,-0.3446923247805758,-0.1397668949793732,-0.0057912400897058985,0.3280702228432111,-0.08206358304053293,1,0
0.40704470136970233,0.04785660080517036,-0.4604617072029362,-0.27559943071396054,0.009934104213467925,-0.24281221729170432,0,0
-0.38432330869540215,-0.3370219090367583,-0.13229686272257116,-0.0006723041805189304,0.3210176051137758,-0.09763780181778507,1,0
0.4029910174633907,0.04971869682125591,-0.45319275261501685,-0.2752669610758165,0.006935838061346173,-0.2551800570658316,0,0
-0.4058874512476377,-0.340760378608918,-0.1636835037251347,-0.010691561737492996,0.28251908127486497,-0.10200697528139979,1,0
0.3980466169095152,0.051713815412787835,-0.45800347611961173,-0.2817155959314212,-0.00029174508799590905,-0.24750739302886432,0,0
0.40634812273544596,0.05354808804900121,-0.4574785708212223,-0.2726244939757971,0.009906470713773994,-0.24860095827845866,0,0
-0.41189075635377065,-0.34331357301179577,-0.17624977892571936,-0.02054635173788459,0.26748946305435967,-0.10361567464050725,1,0
0.40868426364657245,0.05466792031798059,-0.4687160496995631,-0.2636150306353284,0.01145207375476997,-0.2246220941116079,0,0
-0.4200850718391223,-0.3624654688915623,-0.18364160371468038,-0.01008594021216539,0.2761039562106962,-0.08209485482044382,1,0
0.40517032977196665,0.05519728197716477,-0.45205168289839753,-0.2736928209683935,0.008388504822074486,-0.24600155497821988,0,0
-0.373964660370036,-0.3524985371350411,-0.14129609435870233,-0.024003944351594867,0.3014153395429439,-0.08581919619946984,1,0
0.39671523096521255,0.058811773945194615,-0.4335523203727388,-0.2689671835314699,0.005956186800652151,-0.2545216264321825,0,1
-0.41793608816054306,-0.3262157700103448,-0.18398266732947488,-0.016223117438733434,0.1805685036929487,-0.14258819266314043,1,1
-0.43630113043619023,-0.3160332253027307,-0.17680833880215288,0.0007724813797809519,0.1584309190741678,-0.13970539790857447,1,1
0.3887844889791827,0.058459520594014186,-0.4332877350439242,-0.2768562303876022,-0.006437179680426042,-0.2571357096824764,0,1
-0.45737060792821016,-0.3000186027552215,-0.21328923377736794,0.008323942598486796,0.006175656876107318,-0.14777430492714727,1,1
0.40181229344169045,0.05935133707165139,-0.4591069248914937,-0.27458452696532,0.0021459444248118197,-0.2316846895913538,0,1
0.397016357066322,0.057676696974972075,-0.46957865455406916,-0.2776294531582842,-0.009707699687852773,-0.23062576777673868,0,1
-0.4982071183982192,-0.3367818693659625,-0.1916307053823116,0.03740778755993941,0.16985859409879542,-0.10634620696134107,1,1
-0.4876959962390973,-0.3362903508068568,-0.18241742151658483,0.03967573052734345,0.2024234466549998,-0.11216245315880857,1,1
0.4035371735008898,0.05767078172220436,-0.46559554943943293,-0.2705103065116855,0.0008086521741812397,-0.23711977019101585,0,1
-0.48821564123566696,-0.33187915497972414,-0.18278176055984352,0.03764611240191654,0.19390039589790423,-0.11195863403040834,1,1
0.3992937244511311,0.05791929474039302,-0.46673072035696117,-0.2800167347903184,-0.008327817896008654,-0.23467728958649875,0,1
0.3991651294215998,0.05654716841759094,-0.4702688724407012,-0.2747399567571771,-0.007732349567550471,-0.2329354467941814,0,1
-0.49427547489471213,-0.33312306580859846,-0.18792491572707798,0.03956762832219249,0.1837775410516461,-0.10203299807628884,1,1
0.37213428584536656,0.05465102713673643,-0.45248936456716643,-0.3033149796100935,-0.04261735376839402,-0.2592658363993732,0,1
-0.46216118166251485,-0.3172809350506004,-0.1722909282337908,0.018964878021553937,0.18903066344474778,-0.1249790916438914,1,1
0.38769625150886033,0.05532945119417994,-0.4617751949592496,-0.2902796509826374,-0.023871614774245476,-0.24895371033291447,0,1
-0.4751480272813619,-0.3300611251847691,-0.18055907790164183,0.019815050488062935,0.1915785888248156,-0.10907928118014718,1,1
0.386794704708209,0.05485514494362468,-0.46160515555654413,-0.2919855103431051,-0.025267875612637068,-0.24990083210547562,0,1
-0.42882667119942053,-0.34131209134057516,-0.12079751173737333,0.03417778354606425,0.29954742592798045,-0.08769679194062112,1,1
0.3796188525620637,0.05541787116276074,-0.45616808989647994,-0.29471279431087566,-0.03161364345320646,-0.2569550388097766,0,1
-0.4305333131148214,-0.34384791681941884,-0.13279538096712534,0.022652685575977237,0.2720486682826135,-0.09555620782752956,1,1
0.385296039943075,0.05477617968872563,-0.459195118809939,-0.29217227748725233,-0.024796943028617527,-0.24473770810533702,0,1
-0.4389657665731425,-0.3571362750189083,-0.15496557155573526,0.019536057808661564,0.24465471310850048,-0.09792656157072614,1,1
0.2495910151015883,-0.08896658536915021,-0.3874941037304486,-0.44076797433196563,0.0018063266016796022,-0.18124314075003203,0,0
-0.08985268714358903,0.4261233789373394,0.02165425508055646,-0.014675325872761226,0.22374988212350497,0.014857924625902437,1,0
0.25689865371675497,-0.09687294376784153,-0.41004166578575885,-0.44758617590327343,0.016095891032219777,-0.1425235546216491,0,0
-0.28365974222116647,0.5397825367318497,-0.010668735763994346,-0.1708557543984239,0.15171251525802937,-0.017324782844863947,1,0
0.25442227002084916,-0.09599660660432464,-0.4113381098851011,-0.4463644665862889,0.01052611828455494,-0.14366733575535046,0,0
-0.33482916337001684,0.5664684075329925,0.020742393952285002,-0.17347197329615344,0.1347311538693311,-0.03267946236737651,1,0
0.25512987224989103,-0.09341287188344877,-0.40163777400848644,-0.4421297060291334,0.013292635014787762,-0.1590957638790254,0,0
-0.36105955193444234,0.5623612311858718,0.032034393280865395,-0.1893221818917603,0.09269859793706763,-0.07813810099263327,1,0
0.24188298436792627,-0.09537651541579828,-0.4146042355895858,-0.4508132464188664,-0.01151666967761314,-0.13615891125953222,0,0
-0.3846057684573011,0.5903312091075342,0.05584175924911038,-0.17296816508726554,0.10860150891048258,-0.05465634730156657,1,0
0.24979704017899032,-0.09879822905310111,-0.41004306334908336,-0.4518766731588007,0.008616981677099048,-0.13262317636480678,0,0
-0.3931755173463634,0.5946013573161935,0.0744535939818487,-0.16868683321882794,0.10196227138304674,-0.05714847357751656,1,0
0.2538463898543834,-0.10493975410286696,-0.42043672300701007,-0.45004678674527676,0.02257267823964356,-0.08992434510925135,0,0
-0.41000708077222897,0.5990161332128241,0.07474269285366736,-0.1653293704735069,0.10200695036309275,-0.03466456203487895,1,0
0.26534225715242177,-0.10329021602812422,-0.4026268608044983,-0.44580473874688614,0.04519201779343954,-0.11145803624973108,0,0
-0.40232580867676543,0.6011303285963652,0.08442333929568661,-0.17283251019180987,0.07821895101996021,-0.06881102202498629,1,0
0.26537382712207824,-0.1052976692108092,-0.41028853274847354,-0.4392460867718771,0.04322658887587209,-0.09516121341900786,0,0
-0.4092248263016566,0.611464901012528,0.08796251096599032,-0.1514404506993043,0.11406423291172756,-0.03511063671657021,1,0
0.24476511057819228,-0.09854544298459844,-0.41498642242807776,-0.45108220630918644,-0.0046689651771409605,-0.12282223046205486,0,0
-0.40364568675343765,0.6169329942673533,0.09846330415078067,-0.15506138300412103,0.10191190068703879,-0.04208363767268084,1,0
0.2327510333985661,-0.09126621680674568,-0.39724344898834435,-0.4492561929895716,-0.03085894981355555,-0.1581087002190032,0,0
-0.38035505034323,0.6126799520407717,0.09959725677945065,-0.15962633636225182,0.08241495878609627,-0.07223330970753239,1,0
0.23295076285248248,-0.0925722917322495,-0.4038325965034407,-0.45692133527108497,-0.02873494103437779,-0.15326216195936082,0,0
-0.3788879482251162,0.6192304976488732,0.09999990983674968,-0.16555186824425716,0.07032643067300542,-0.07963417533007758,1,0
0.245864835553215,-0.10133128785187613,-0.42396075307684594,-0.4529880937046447,0.006412558908110269,-0.08309885912728399,0,1
-0.40723615204427155,0.6223891964969003,0.1001856562421356,-0.15671041966560822,0.0931864470369123,-0.027383340189520614,1,1
0.2400451083861266,-0.09694887648007502,-0.4143621143889672,-0.45834816122911143,-0.009148022048256998,-0.11990476521398251,0,1
-0.4112092737646477,0.6110274215061524,0.1018513364901375,-0.16741606669671127,0.07464581970623069,-0.05887770697113928,1,1
0.24853573204580978,-0.10014175534585447,-0.4148563636443862,-0.4530479367215691,0.009938399693268506,-0.10809519851007256,0,1
-0.4232923294324212,0.5892642949795213,0.10228234609420354,-0.17650764307769085,0.03497090352777622,-0.06359670253941356,1,1
0.22689462066482063,-0.09443865857934053,-0.41618735467559875,-0.46009132349280063,-0.04300429940235849,-0.12836027791466295,0,1
-0.41535757920578475,0.5469020908065766,0.09278027629622135,-0.1848304792864052,-0.013881828257577153,-0.08234993924986886,1,1
0.2518635338117932,-0.10092231470193774,-0.41772678486340464,-0.44975479793748224,0.012713098203997918,-0.10195220853997326,0,1
-0.43212116705614545,0.562734153343454,0.09264611448089105,-0.17427930072528952,0.02357168530316082,-0.06803110918175051,1,1
0.25035033845362065,-0.09748689369703424,-0.4065955664599445,-0.4482443244961725,0.0013845279389145073,-0.13059921026040486,0,1
-0.42707907090599834,0.5735026203124801,0.10057013416987658,-0.16558659613755092,0.046172088673979685,-0.06708476679642876,1,1
0.24659489883695865,-0.09722967506837547,-0.4128356130175049,-0.4491755252465773,-0.006769681810271756,-0.12540126338360388,0,1
-0.431897543400676,0.5820091923565424,0.10387896602433372,-0.16553121122094044,0.051153777760604695,-0.05523864065871751,1,1
0.245946269335617,-0.09536822360691852,-0.404234027131434,-0.44752690425965597,-0.009213285310762731,-0.13914737630288215,0,1
-0.4237068496526325,0.590577049542563,0.11294304879400725,-0.16547227790695596,0.05563171551431818,-0.05887018534148052,1,1
0.24199676630017017,-0.09599648440825531,-0.4097333477838494,-0.45208666974281936,-0.015491777901848683,-0.12859751862765778,0,1
-0.42307598702207794,0.5754110697689107,0.09972038250605632,-0.16931419097935363,0.03944110899968084,-0.059815792309313255,1,1
0.2468382830415543,-0.09940368401012306,-0.4142164657930888,-0.44896537591857294,-0.0018772873121515774,-0.11510121288301305,0,1
-0.4247319870737373,0.594451978200999,0.1012565239485473,-0.16096070085024117,0.06959082477919404,-0.043928028508226954,1,1
0.2461774843398509,-0.09852820876050834,-0.41055152855859245,-0.4541336146740991,-0.001474612843656149,-0.11601038700420853,0,1
-0.41601635363026296,0.6020288493593234,0.10280378965800925,-0.15919539408446143,0.07951463054232394,-0.047617022348446204,1,1
0.23689851133490644,-0.09466174934777749,-0.40686516749623614,-0.4538081921880478,-0.02352263979256868,-0.143667334933058,0,1
-0.4032005519539852,0.586193524991333,0.09898873924646569,-0.17239163381226702,0.03464668259596978,-0.07641136889744901,1,1
0.2286215979790215,0.05784498414688902,-0.2779902249074599,-0.30256716359035774,-0.17670732860311913,-0.001211143656625399,0,0
0.15166412782555178,-0.18626808448797386,-0.20863609960860685,-0.316825831716618,0.32353778484166146,-0.11222958672704081,1,0
0.0660499330902431,-0.21656424219232198,-0.09780461454008788,-0.23800831563452057,0.40264100590724905,-0.0618006191842133,0,0
0.23246181137635047,0.058912531831801625,-0.2827801420639327,-0.30145621304425035,-0.16239167217932954,-0.0190267087912653,1,0
0.197875813245197,0.05601557588382953,-0.2458565193094176,-0.2989015238440781,-0.2002592870476036,-0.05015422539531774,1,0
0.18276709003562489,0.051659875742889126,-0.25237447424829224,-0.3166942335224525,-0.24018229481102868,-0.06558162273830469,0,0
-0.18749037352247286,-0.20805201861630765,-0.14362648909116443,-0.19176336404963423,0.269463347740362,-0.10073259881542937,1,0
0.19890227553082082,0.0519023561903941,-0.26326876345565103,-0.31723591100985377,-0.21846676962768918,-0.059555970068331555,0,0
-0.264414600958164,-0.23244963196000554,-0.15652453893397,-0.14587124910237828,0.2496518218253236,-0.12354374507422902,1,0
0.21178990627051458,0.05391066248968239,-0.2766098536540294,-0.31392852637485086,-0.19460066398935985,-0.01539944067900591,1,0
-0.34865255191627603,-0.24726372916520098,-0.2275676938106719,-0.13521317486079953,0.08502635699938398,-0.12388277614347223,0,0
0.22573915307023973,0.05160613601944565,-0.29657594024911144,-0.3227312409484994,-0.19065879628004978,-0.022112391220823802,0,0
-0.3062039501037293,-0.2871533260645305,-0.09746011836895412,-0.050902615388451006,0.355012338205532,-0.08639991646045411,1,0
-0.09436121102582858,-0.23312902010057351,0.17310700724052516,0.05101743719572268,0.33298988795052015,-0.07517544156887009,1,0
0.21890910035072622,0.050954048431423024,-0.2906839611498608,-0.3203505532089462,-0.19818458188541274,-0.012201262953615013,0,0
-0.060284692970675346,-0.2184602983792507,0.22778035554900283,0.07320983678681114,0.2910268720672397,-0.06907179653837556,1,0
0.22550783283155368,0.05183397806824256,-0.3001922081402291,-0.3170838481936878,-0.18836613843300434,0.0009349556622878103,0,0
0.020662044702064807,-0.16499182966318557,0.31016469054696544,0.08857699638153149,0.14167509450799506,-0.0861947174281049,1,0
0.23406487111300966,0.05290423852254207,-0.3070628022161483,-0.3164051530720105,-0.17749321211573812,-0.00114390153582068,0,0
0.030602670473917824,-0.16223001055185896,0.3199216252402573,0.08683059704277578,0.1257224122320952,-0.0865410925349839,1,0
0.22953416750705288,0.052859026296469575,-0.3068501555517086,-0.318699042556554,-0.18424205715359862,-0.0020775133087862032,0,0
0.22628192889297685,0.05244436745146571,-0.2976004649130003,-0.30577818554165537,-0.18663842921717047,0.04269182467432282,0,0
-0.33819842287969804,-0.32240474862367163,-0.1128270155389933,-0.02097216785283901,0.38477394690305894,-0.058232924629012764,1,0
-0.40951458826897336,-0.27395974615224344,-0.18840857619788423,-0.025206736621252973,0.1944308609786866,-0.14830041203705485,1,1
0.2216161875333237,0.053913942053202685,-0.3214465333822764,-0.33499408397606134,-0.19330610867381529,-0.050087110415972615,0,1
-0.40642900081894134,-0.2415733987240057,-0.19571982210429303,-0.030819946027069788,0.055907371689189904,-0.17314691129536589,1,1
0.20931653901689695,0.05292512126540355,-0.3049060900228887,-0.3336021674107787,-0.2079318506117301,-0.055595379309985676,0,1
-0.4593413605804951,-0.2726022796686792,-0.19605238868399014,-0.006832827992882179,0.14876537976684823,-0.1399195090803474,1,1
0.22400939799829106,0.05214763901328288,-0.3377856184651935,-0.34299934331690163,-0.19893155979178964,-0.053330407469085406,0,1
-0.4591033761638322,-0.2762581119449832,-0.19052889718030583,-0.001486768931828785,0.17504328733337554,-0.1432619647212714,1,1
0.2267833041319055,0.05199892324928217,-0.335461309954553,-0.3404148124649105,-0.19484982948309196,-0.05542658810101897,0,1
-0.4466232757527767,-0.26207365830974333,-0.18810312470953475,-0.01155965591426394,0.1414427936071909,-0.1556368684823739,1,1
0.217005911419343,0.053437204797060954,-0.3081561765029376,-0.32977342176255786,-0.19983830355539958,-0.04750786743103117,0,1
-0.45596255609001585,-0.26465279654578105,-0.17853504209497287,-0.006448082848655219,0.1738052824803207,-0.13536753597161807,1,1
0.24076929374321981,0.054885627572565404,-0.3176653252219361,-0.32339784000902916,-0.1674379755766652,-0.037622411460536326,0,1
-0.45943095722585475,-0.2666778335284757,-0.19409918889523092,-0.01094771049985628,0.14712145315521458,-0.14043178247272498,1,1
0.24202126207604846,0.05409729217673615,-0.31134613181514414,-0.31779891178155883,-0.16460204235007794,-0.013312648412839741,0,1
-0.4503307518715928,-0.2598510732821023,-0.1888100131065873,-0.0167198105075921,0.14647276293056546,-0.14305293803563143,1,1
0.22651582603289164,0.05456675135722036,-0.30347421556228754,-0.3236967730790111,-0.18431482047388906,-0.023270699342041054,0,1
-0.4546270540810096,-0.27435643592769565,-0.1903656807087643,-0.011117435641654906,0.17804726802527804,-0.12830807712502387,1,1
0.2567633875898202,0.05477298320816044,-0.3216843429506006,-0.31625622261274666,-0.14656767684820107,-0.012456760422403691,0,1
-0.44182328732942117,-0.2733977927634934,-0.18241049579549268,-0.013677749488306992,0.20522570227429873,-0.13873485535898716,1,1
0.23657173288116198,0.0560845764891993,-0.29667530137423404,-0.30850360052560627,-0.16619049291280458,-0.009896757151932754,0,1
-0.4339120762310314,-0.2729346723583174,-0.15365309618960024,-0.012669606705348778,0.2506296809630751,-0.11043424554137332,1,1
0.22128171217982218,0.055561840798191625,-0.3019849610608032,-0.3240586537278692,-0.1904400046679011,-0.019637555594455597,0,1
-0.42995673275125,-0.2762745327587409,-0.17156145870226122,-0.022981243135189136,0.22273876041819313,-0.12542644912935233,1,1
0.23022262282552863,0.05705515891528901,-0.29547183225448526,-0.31521905439501696,-0.17580832323437015,-0.010771273669708151,0,1
0.25442227002084916,-0.09599660660432464,-0.4113381098851011,-0.4463644665862889,0.01052611828455494,-0.14366733575535046,0,0
-0.33482916337001684,0.5664684075329925,0.020742393952285002,-0.17347197329615344,0.1347311538693311,-0.03267946236737651,1,0
0.25512987224989103,-0.09341287188344877,-0.40163777400848644,-0.4421297060291334,0.013292635014787762,-0.1590957638790254,0,0
-0.36105955193444234,0.5623612311858718,0.032034393280865395,-0.1893221818917603,0.09269859793706763,-0.07813810099263327,1,0
0.24188298436792627,-0.09537651541579828,-0.4146042355895858,-0.4508132464188664,-0.01151666967761314,-0.13615891125953222,0,0
-0.3846057684573011,0.5903312091075342,0.05584175924911038,-0.17296816508726554,0.10860150891048258,-0.05465634730156657,1,0
0.24979704017899032,-0.09879822905310111,-0.41004306334908336,-0.4518766731588007,0.008616981677099048,-0.13262317636480678,0,0
-0.3931755173463634,0.5946013573161935,0.0744535939818487,-0.16868683321882794,0.10196227138304674,-0.05714847357751656,1,0
0.2538463898543834,-0.10493975410286696,-0.42043672300701007,-0.45004678674527676,0.02257267823964356,-0.08992434510925135,0,0
-0.41000708077222897,0.5990161332128241,0.07474269285366736,-0.1653293704735069,0.10200695036309275,-0.03466456203487895,1,0
0.26534225715242177,-0.10329021602812422,-0.4026268608044983,-0.44580473874688614,0.04519201779343954,-0.11145803624973108,0,0
-0.40232580867676543,0.6011303285963652,0.08442333929568661,-0.17283251019180987,0.07821895101996021,-0.06881102202498629,1,0
0.26537382712207824,-0.1052976692108092,-0.41028853274847354,-0.4392460867718771,0.04322658887587209,-0.09516121341900786,0,0
-0.4092248263016566,0.611464901012528,0.08796251096599032,-0.1514404506993043,0.11406423291172756,-0.03511063671657021,1,0
0.24476511057819228,-0.09854544298459844,-0.41498642242807776,-0.45108220630918644,-0.0046689651771409605,-0.12282223046205486,0,0
-0.40364568675343765,0.6169329942673533,0.09846330415078067,-0.15506138300412103,0.10191190068703879,-0.04208363767268084,1,0
0.2327510333985661,-0.09126621680674568,-0.39724344898834435,-0.4492561929895716,-0.03085894981355555,-0.1581087002190032,0,0
-0.38035505034323,0.6126799520407717,0.09959725677945065,-0.15962633636225182,0.08241495878609627,-0.07223330970753239,1,0
0.23295076285248248,-0.0925722917322495,-0.4038325965034407,-0.45692133527108497,-0.02873494103437779,-0.15326216195936082,0,0
-0.3788879482251162,0.6192304976488732,0.09999990983674968,-0.16555186824425716,0.07032643067300542,-0.07963417533007758,1,0
0.22285526341910483,-0.09319304767525848,-0.41083068059253064,-0.45834795261284683,-0.0497547584834311,-0.14192433241531832,0,0
-0.3778157975024348,0.6199710012407051,0.09081360909767633,-0.1765489014658633,0.04783104564248565,-0.07808128227342405,1,0
0.22788627837536907,-0.09387176333444881,-0.40852598154024955,-0.45539477677001206,-0.03929038545150299,-0.14896958029173824,0,0
-0.3654395693019596,0.6382934323801664,0.09994734680749658,-0.16167368600350251,0.06719287065080914,-0.06936761080626,1,0
0.25384830973331696,-0.10232374457251125,-0.41553571812168055,-0.4560723369346419,0.024944955649255526,-0.09162857133481482,0,1
-0.41584657751464993,0.6071464612678692,0.09800427088901155,-0.1728396827392657,0.06700712820708848,-0.05440941959669591,1,1
0.2596292257002362,-0.10222383362506014,-0.4065331533603382,-0.4522672176537074,0.03718808211568769,-0.09872665690579005,0,1
-0.40776695162722393,0.55349894320011,0.09598638703080799,-0.18759148249896362,-0.01854500868124218,-0.08539460159255381,1,1
0.24988833012947476,-0.10145536247447097,-0.41859635525342764,-0.4569115992549933,0.014109271700162537,-0.09892022878317465,0,1
-0.4149735265425853,0.5424309830236845,0.08977327022807961,-0.1858994904034834,-0.017887378106810913,-0.08194039800675915,1,1
0.25876351629742866,-0.10523213434394645,-0.4210448740442773,-0.4454418142048679,0.034306831114016875,-0.0773611955888227,0,1
-0.43648917356946804,0.5652600495857559,0.09498079717643472,-0.1689710059934308,0.028731515629024696,-0.053002489961707804,1,1
0.2603013455491067,-0.10275736738045319,-0.4129812652653513,-0.4464952692228982,0.028494329556687424,-0.09830183827367255,0,1
-0.43595446132172916,0.5832781352889972,0.10214007195665206,-0.1596590532482743,0.06281880807048934,-0.05082611813048729,1,1
0.2585100908282604,-0.10260967752556284,-0.4160727533641838,-0.44362679997664434,0.023255158293008688,-0.09859014318744894,0,1
-0.4362342924624627,0.5847104607682089,0.10505579368761407,-0.16044427515272852,0.057610670485361386,-0.04083286887910495,1,1
0.2595560964938346,-0.09989140199411045,-0.40423304373787156,-0.4464752823639796,0.022385723625049463,-0.1168206770812924,0,1
-0.427976363329654,0.5894842322522831,0.10774958370165888,-0.1681924624867633,0.05436294745300098,-0.05980206747890414,1,1
0.24030927373880923,-0.09864164508020763,-0.42097146336264263,-0.4550997250519282,-0.014085085114741722,-0.1053908757865527,0,1
-0.4290606096675122,0.5721515917951815,0.09604218360003965,-0.1657242698467509,0.041015599699754456,-0.04711143932601423,1,1
0.2511172913482495,-0.1016727991730962,-0.41649682806920973,-0.45115884205360324,0.012339480973614538,-0.0955195384089698,0,1
-0.4255807301991201,0.5970735915112336,0.1030820794067791,-0.15789680990885271,0.07415570507888132,-0.036692360083317055,1,1
0.24278867566959472,-0.09635650220487613,-0.4053348851605169,-0.4543932531178558,-0.00948682441560416,-0.13296167525730546,0,1
-0.4096252126474601,0.5980412476054763,0.10387509570429893,-0.16040748024059234,0.07491941174307098,-0.057391574508273396,1,1
0.22389189701820628,-0.09221484887736582,-0.40668584315715217,-0.45093429177655103,-0.051951785565412856,-0.14345154939060523,0,1
-0.4074770203045602,0.5822448014287761,0.09627441380865231,-0.1730517962501459,0.029940949910871314,-0.06533154111205328,1,1
0.24217012364826115,-0.09709309485023615,-0.408888627196121,-0.45125560967548456,-0.014541785039371827,-0.13078626449733766,0,1
-0.40441376029556586,0.5768280130552571,0.09420396199850105,-0.1656377927919483,0.04009004897872576,-0.05996245497603181,1,1
0.4921616033892553,0.11909082767307835,-0.3470959066754457,-0.033837820032572366,0.10977195354458331,-0.2063004125156032,1,0
-0.21950556140357538,-0.3647129854643327,-0.16986735289185834,-0.1795990757610887,0.255194177884049,-0.0774031292762091,0,0
0.512740241587409,0.11875292478234954,-0.35784729994278536,-0.02170239708976396,0.11571266407600375,-0.19314492224711938,0,0
-0.31916804102018415,-0.3771526287095247,-0.21235206178305335,-0.11841559988823462,0.2048858905672357,-0.10148069856743452,1,0
0.5113436117545006,0.11853339453502382,-0.36836633564297666,-0.03495513019039484,0.10954697333765023,-0.1838476388254488,0,0
-0.3830390065486356,-0.3682978509259448,-0.2217260151949937,-0.07885883706033997,0.1535218527708425,-0.10567624480925884,1,0
0.5131602231218346,0.11633525724325923,-0.3610596635411458,-0.02643957369460059,0.11683193660736137,-0.19064058698956535,0,0
-0.39569561440156564,-0.37295830108718586,-0.20164219750061385,-0.047210998144132314,0.19140459225282494,-0.11883086452620871,1,0
0.5140540841176359,0.1153695091147595,-0.3623779509617793,-0.022496119213192296,0.12053406852957291,-0.20189488493711824,0,0
-0.4082291795649393,-0.3711370296903229,-0.1756216022520213,-0.021344102580445074,0.23316517491696695,-0.11671094313599362,1,0
0.497846259098996,0.11394060443073047,-0.3532331935716439,-0.04427800091925508,0.10634329078772677,-0.21281745682333666,0,0
-0.40536774053471214,-0.3522336338238344,-0.17686254824426945,-0.02282964657983531,0.2000331377703988,-0.14102737144752728,1,0
0.4847986066627458,0.11223003112777871,-0.35536373395978416,-0.06226847759980269,0.09198407126927328,-0.23282474166346273,0,0
-0.3894830427870053,-0.3439969222850121,-0.13830487019877613,-0.013884007558718327,0.24285891949101687,-0.13305101839214456,1,0
0.5011241342766865,0.11495529312020276,-0.3626218246040249,-0.0434726189256441,0.10721512748577086,-0.21243432410016072,0,0
-0.40713258918275563,-0.35896429398304275,-0.1521815249483227,-0.005814580979187732,0.2488521155671913,-0.12409647457495848,1,0
0.5001644673415241,0.1144456633868508,-0.36103133279452804,-0.04425665372176266,0.10757263747551554,-0.21989802176835063,0,0
-0.38561614466547717,-0.36100468254978035,-0.11633001304013757,3.2087277188885946e-05,0.28324594156158744,-0.10955510104428856,1,0
0.5019091928826124,0.11392063178704988,-0.32840996124972865,-0.018272574164060373,0.1208293141008339,-0.21497479318192506,0,0
-0.36457782826544544,-0.35929262258187006,-0.10654251768631573,-0.008530562706233974,0.27953492193310175,-0.11592168413714683,1,0
0.5036148843909859,0.11613133017806185,-0.3529977709114692,-0.030402953296946273,0.1159507193249583,-0.21911670947376882,0,0
-0.38546663369936246,-0.36896318327938765,-0.13154911272483188,-0.01133919048872384,0.2634074931647495,-0.1120960421034788,1,0
0.5180747591061398,0.11993393371559202,-0.36564660869531646,-0.011676767519960817,0.12662592225588645,-0.2000943293612376,0,0
-0.39329279247430415,-0.3816376451523048,-0.1259936100923905,0.0010143617469202553,0.2944585916171005,-0.09096807637329435,1,0
-0.4526433252034215,-0.28660431055404106,-0.1910267196398113,0.002560774969674178,0.0787930697313658,-0.1633331268942332,1,1
0.48745905038940684,0.11882412460504879,-0.37101813455590577,-0.05103085839516939,0.09541632050695327,-0.24481074827018734,0,1
-0.44303759019365796,-0.28740257014899034,-0.18758100448153053,0.00025750703274494735,0.12252386029109918,-0.17009953444868964,1,1
0.4857737815140423,0.11904788755027255,-0.3617692721440012,-0.05417219903903423,0.09263769787974722,-0.2373887020334395,0,1
-0.46532230825907583,-0.2955062703195245,-0.17445204283128693,0.017084108744564556,0.20944914186646954,-0.14574382928018068,1,1
0.4964340965179123,0.11992042456419022,-0.3775137927317591,-0.0448528403029854,0.10080663039895668,-0.2338962720390041,0,1
-0.4760579055544355,-0.29259763676979167,-0.19311268328544867,0.01338032325626669,0.17054151192698142,-0.13454935308820565,1,1
0.5101478333216231,0.12167589124681927,-0.37946753250191423,-0.025212486408489148,0.11327188867566795,-0.2140019792405183,0,1
-0.4619449168525997,-0.28829641563940933,-0.18071805884934972,0.010427756331464337,0.22029282762143546,-0.1362416037230314,1,1
0.5043872830091282,0.12063330579848049,-0.3767288198069882,-0.034004151131139464,0.10822329948560176,-0.2185117965475473,0,1
-0.4706771902431323,-0.2784737206366033,-0.2054653720692631,-0.00036825845707374593,0.15437894827290116,-0.14005791824505986,1,1
0.5183415847774101,0.12176390884556657,-0.36997925173490864,-0.008531691595040735,0.12404160047039163,-0.2028809981613375,0,1
-0.44193243688839995,-0.2662317427617258,-0.17113876718735596,-0.007753381583094773,0.23076390660888318,-0.14168683604448978,1,1
0.5117198560631422,0.11914071513565715,-0.3281880826117152,0.002539885802492128,0.12736362037509233,-0.20911055758867658,0,1
0.5165526039621231,0.12213968260581338,-0.346276426933968,0.004542608933833038,0.12890714988221194,-0.20573890414601045,0,1
-0.4458618698278898,-0.2732072512200357,-0.17291298771159025,-0.0019917160775499046,0.2607096913402544,-0.1318334952829593,1,1
0.5177905857791052,0.118880469946718,-0.32092746469629363,0.019301726360809186,0.13509328965693626,-0.21184287088248488,0,1
-0.41678248585587335,-0.26928573861899674,-0.14734275509214684,-0.0026810516420694404,0.30265989742890276,-0.13387629647717605,1,1
0.494527532591531,0.11841370154355582,-0.34369551074811316,-0.02727046433534168,0.10770848956903187,-0.229016997590896,0,1
-0.412414928265963,-0.2687146832294222,-0.16253270609259063,-0.02285187139860758,0.2543302715316734,-0.13900277834313282,1,1
0.4908382460019384,0.11900156324355848,-0.3461262195132378,-0.03417114599929432,0.10356929909818502,-0.22950688515145276,0,1
-0.3913764461400098,-0.2774428428288253,-0.14150225042282052,-0.019296283645151874,0.29394785032537535,-0.1321087081606809,1,1
0.4835637140488546,0.11565760239571087,-0.3412065191158433,-0.042148555743902215,0.0961425677022571,-0.2390378041548818,0,1
-0.38490978106966695,-0.2759658307741623,-0.15140565258253627,-0.027535963859815885,0.26690550520380746,-0.1468765720337413,1,1
0.278819494070347,-0.09948862440104526,-0.3865291879490369,-0.46387064220825236,0.009870764256074843,-0.17190191861692697,0,0
-0.17330084024331366,0.6073815697612122,0.051631530503901686,-0.08428856292949002,0.05426850030886652,-0.07687363581147086,1,0
0.2682872321515051,-0.09516049856629366,-0.38316327522909577,-0.4586880006799045,-0.01322330061452889,-0.19084793520901255,0,0
-0.21933368825943847,0.6320528073262636,0.07551359610467302,-0.11856480589853001,0.021821770520101723,-0.100157293218721,1,0
0.2698860343785909,-0.09580967906648427,-0.38619638342543994,-0.4573698628035343,-0.011827045458115179,-0.18691358507832906,0,0
-0.24103276484647562,0.6477539610782794,0.10057976903996851,-0.11294927619969941,0.021277233419341176,-0.09475504654180117,1,0
0.26920971256857323,-0.09775751911228439,-0.4033972707109793,-0.4598973500343558,-0.015620966376790897,-0.17249067585246217,0,0
-0.2725068368921075,0.6683672971835323,0.10472807899018026,-0.12811500828375588,0.022502405424197437,-0.08962645534917435,1,0
0.25927030253521616,-0.09676202500502125,-0.4130897133645526,-0.45938772675005146,-0.03255074394613149,-0.15990393883903864,0,0
-0.29699911181900096,0.6777455717183154,0.1136087295438023,-0.1358780823371304,0.018615791417313496,-0.07666162299494114,1,0
0.26100737372478694,-0.0970083491563592,-0.41817905278880824,-0.4599808165168353,-0.02619995917079758,-0.14946827853718744,0,0
-0.3066057586999258,0.6794932774266645,0.11719617006853536,-0.1357348889930101,0.023985072410310136,-0.07598610146734386,1,0
0.28554126827249554,-0.1017803546465906,-0.41228501421577074,-0.44901444765907284,0.021739261754836686,-0.1257841772031886,0,0
-0.3157334822187176,0.680216981588694,0.11206870641299294,-0.13997127126469458,0.028784519792854592,-0.07577053009494591,1,0
0.2795654742948656,-0.10000315727678293,-0.4143923100739437,-0.4586879537311912,0.006589008859415345,-0.12971599385603638,0,0
-0.3158316023278336,0.6794176002950948,0.11522407310607015,-0.1435176216658362,0.022357254650894755,-0.07630518130918351,1,0
0.2967496477656039,-0.10206649064050953,-0.4057471427870981,-0.4453214466808615,0.040950452091887815,-0.13074342735155162,0,0
-0.3125712702909447,0.6800281775824648,0.116245709561271,-0.1443106170982268,0.016146440212241486,-0.08234810048711498,1,0
0.29082783807067913,-0.10195171822464279,-0.412026012856838,-0.4413836005460812,0.030506651440113074,-0.11788847215818758,0,0
-0.2941580167718655,0.6786775898581741,0.11691674435445772,-0.11340493259676378,0.03712885578229401,-0.053823518109289176,1,0
0.2980984161252794,-0.10102442093488913,-0.39699765791425395,-0.4453381517220584,0.041405711194609424,-0.1378229495817249,0,0
-0.28720858953929357,0.6767392152162206,0.11733104459515427,-0.12533443462384458,0.019921352353591826,-0.07568016387638467,1,0
0.2856141441134465,-0.10032834043967509,-0.40337222013740637,-0.4559766262718373,0.020504748413145066,-0.15037235658351997,0,0
-0.27956864699268946,0.6739134447233363,0.11266820121802812,-0.12057927889579738,0.027687105539925417,-0.07702300389355261,1,0
0.2806194451568292,-0.10308237407574777,-0.40471461489808647,-0.47232185645899594,0.01790275967873578,-0.11824323162503214,0,1
-0.34288138410381813,0.6583598662767415,0.10936303365895474,-0.16590916697661665,0.02879528153110063,-0.08823027913745878,1,1
0.2799132141249583,-0.10435714765607729,-0.4109715523655438,-0.46991717387212717,0.016665367144623574,-0.1182007716559269,0,1
-0.3614111302794475,0.6347296897969709,0.10503239967459334,-0.18557274778977295,-0.004584772881618538,-0.09718755160741935,1,1
0.28290070520732463,-0.10590515716550478,-0.41301798751166485,-0.46679362391838536,0.02410330308317687,-0.10984072738839894,0,1
-0.37221826490840115,0.6395950188669542,0.1102213702486019,-0.17793092437473684,0.009894054542708438,-0.08322458153075199,1,1
0.2733062024587435,-0.10513110198694374,-0.41732892714181574,-0.4686932153859549,0.0021926322242859795,-0.11321923720158732,0,1
-0.3703825768321723,0.592625920403174,0.09611081684130418,-0.1956525340836288,-0.0369582224414122,-0.09846518070995787,1,1
0.2768283921906469,-0.10659034471963504,-0.4199885532580892,-0.4592733266563714,0.011928120147507715,-0.10745982825876452,0,1
-0.389070393937784,0.6412701692846401,0.11285381802770654,-0.16745419159824118,0.038613452641345795,-0.06116892646617379,1,1
0.2859883037356623,-0.10694710630000799,-0.4106924698811011,-0.4525126977082534,0.028379953585132872,-0.10761846451678861,0,1
-0.35618122197208585,0.6430561664125383,0.13167119192239293,-0.10838285861695467,0.1003756250175577,-0.021242238142688778,1,1
0.28918101512280925,-0.10548441870261527,-0.404328268113685,-0.4550076669019828,0.03151976413781233,-0.12313038743247756,0,1
-0.3822511721918389,0.6420973840313969,0.11218663724238703,-0.16353270702297507,0.04678423621474404,-0.07278124659609615,1,1
0.26779125480878885,-0.10243876893399874,-0.41521001031232546,-0.46589276160809195,-0.013712907594507759,-0.1341306732723765,0,1
-0.3712287248937798,0.6492214642703372,0.1054674725461667,-0.15576626731167584,0.0630319535403841,-0.06786969526049957,1,1
0.2772727184887557,-0.10451237934894346,-0.41216446077517077,-0.45518615511780425,0.00429554746368535,-0.131566086508693,0,1
-0.3682987718749537,0.6465601205177895,0.09820493560653884,-0.16403939664707512,0.044240841190495296,-0.07529467701688608,1,1
0.2803450164635447,-0.10009237048146681,-0.39615323051380014,-0.45427907580060833,0.007351602071254753,-0.16168244985645805,0,1
-0.3450035103808895,0.6536633098481452,0.10772222688738238,-0.15545490687478283,0.04481246925610261,-0.09718872236786229,1,1
0.2826658626709133,-0.10251913922854519,-0.40033744631126167,-0.4605497644010017,0.015545213905484682,-0.14180626244842173,0,1
-0.33107687082616294,0.6654941038874023,0.12431574428487266,-0.13352388149799368,0.04838865238537699,-0.07593690558118028,1,1
0.27176246727814307,-0.10425364332051963,-0.4153278301839872,-0.46362540977903327,-0.0027648151811047426,-0.1270174397077864,0,1
-0.34805763950752394,0.653121918789793,0.10871129344287743,-0.16603255983762605,0.0051010397260992865,-0.08496832492679872,1,1
0.36971113191102906,-0.2416542324087744,0.24751685020615793,-0.2117617880542083,0.25327631856892524,-0.03383827103822716,1,0
0.49904756213369533,0.0829561232685959,-0.349626309071102,-0.09858036847193682,0.08666779608370664,-0.21506401001972703,0,0
0.4906215293479386,0.0822040380505962,-0.3707646626513035,-0.12040722859321933,0.07416231196339579,-0.23039553751787373,0,0
0.3535964625342501,-0.2458921804630602,0.3400545119612268,-0.13899860948750165,0.27847403964314343,-0.05224054856297379,1,0
0.5122351631892874,0.08412027446474213,-0.37497269308937176,-0.09779510393403369,0.09426860588805365,-0.20396825931978446,0,0
0.3178031638042591,-0.22595556033220193,0.46356870657639687,-0.036326556185803036,0.21413907263024978,-0.07228417757637025,1,0
0.4948064884811597,0.08239472538763247,-0.34409676253644544,-0.09727424019641674,0.08675340342577625,-0.22459360758606303,0,0
0.24196345895916593,-0.26641797307785287,0.21360599060199248,-0.15522105888329046,0.34714024451021613,-0.05690213117668738,1,0
0.45831571336961413,0.07948832630959411,-0.36296436960688966,-0.1429043992000734,0.048362298220880014,-0.24570030956596603,1,0
0.09255892683010156,-0.26941731130932917,-0.020756356915864433,-0.24972394266935313,0.35474307965708696,-0.051260581441353946,0,0
0.4640577294517006,0.07779348246134592,-0.34395865395436426,-0.12205250181866842,0.06296286938658406,-0.25013027873728616,1,0
0.46046420890657025,0.07879600455937379,-0.37676984236612165,-0.14418504376820357,0.04995275871252061,-0.2663328215649519,1,0
0.4982394907415495,0.07820602019291882,-0.3674065177803491,-0.09782629500126755,0.08907448065155725,-0.24563918448017963,0,0
-0.2719681502049093,-0.27258441713706966,-0.23008756920818935,-0.21147094271739522,0.1737301427085371,-0.05762555336537884,1,0
0.4851630190576818,0.0769191712985263,-0.32573062291672306,-0.0769421064434678,0.09760870650784242,-0.25177965577501654,1,0
-0.20307117305876396,-0.30752883123055746,-0.10982773750576044,-0.13941216057538444,0.31639837995932324,-0.07946732600852925,0,0
0.4908988398613539,0.08136405227255968,-0.386449568761486,-0.11329192751624069,0.08236749749907975,-0.24077873600477737,1,0
-0.2933750786427079,-0.32013309519885014,-0.1655753387686525,-0.11982693224286765,0.2943168602613072,-0.061232494930145376,0,0
0.5176572049231604,0.08132684205524723,-0.3703255646496512,-0.07037301520372484,0.11045291044527274,-0.2295541319058802,0,0
-0.349115815403582,-0.3169369533901763,-0.17044046317796296,-0.09492412061046589,0.2735419859919895,-0.05012468211692893,1,0
0.5176027963810136,0.08123613821473023,-0.3575248988789868,-0.06607375163357457,0.11784507113126706,-0.2281677356391821,0,0
-0.3204715170348809,-0.310698770074623,-0.11735935254479002,-0.06057353175345816,0.338959629463965,-0.06306030687029039,1,0
0.5304008001050825,0.0843090593177826,-0.3671937210371916,-0.04280371932720192,0.12983098305656235,-0.21613044252275124,0,1
-0.2801009999072324,-0.31873759779159666,-0.02542015214152269,0.01478648433028514,0.4087236281177466,-0.057704075715945595,1,1
0.5273009696575143,0.08312262627868729,-0.36389319903920087,-0.048765953420887694,0.12471599909275889,-0.2162794696607848,0,1
-0.05487360134717321,-0.2274816692439436,0.24642655431039762,0.07576186159956622,0.2782467298065387,-0.05688296366711363,1,1
0.5459811731059273,0.08460439613793226,-0.3577675850115726,-0.016208766416119524,0.14396535502136285,-0.19093414354856136,0,1
-0.003852200743974299,-0.1973450661049661,0.30046450170594907,0.09330171008209301,0.19847605995335527,-0.06596341681924565,1,1
0.5446894616377332,0.08400109307026826,-0.3539796769225544,-0.015055410774865899,0.14562639195361307,-0.20218604383668096,0,1
-0.008506351700372512,-0.19733698687591728,0.2943992643567627,0.09549013249258038,0.2021337784781233,-0.07313020411129946,1,1
0.519655699363744,0.08289488327659342,-0.3565708266783842,-0.05904573746964123,0.11686293345256767,-0.22790826637028805,0,1
-0.4054747041311935,-0.306755501143158,-0.1925753653515569,-0.03668965998845207,0.22374510469164885,-0.12482689332024889,1,1
-0.378033656956801,-0.29972525799225896,-0.14685338435877732,-0.007349348987609251,0.2777023599886658,-0.13378707478769025,1,1
0.5025243029590878,0.08238640175805949,-0.36306766466996476,-0.08423319237551892,0.09846056253819506,-0.2436379147638232,0,1
-0.43839841678294617,-0.27866196802459536,-0.17654157803669868,-0.021672770133982003,0.17052901337149098,-0.12322696927166439,1,1
0.4965506225450327,0.08248400129336464,-0.36569276238205967,-0.0952755324904128,0.08930592112422246,-0.24387563659450354,0,1
0.5006374044330462,0.08169490357602677,-0.36906025212429955,-0.09523171461238338,0.09331105056044979,-0.2416776883235495,0,1
-0.4255073575709053,-0.29040496789815,-0.14116559766188924,-0.0003726017367624507,0.2587088083650238,-0.1061388304018877,1,1
-0.4340447919003988,-0.29414812315136846,-0.13987995936065267,0.004854131690208561,0.27425581423585116,-0.09493321539312784,1,1
0.5031468640333211,0.08400847482420407,-0.386361046634593,-0.10461075468316637,0.08665581687112744,-0.23542948592616658,0,1
-0.43934809577983713,-0.29920741031481113,-0.13675652561151802,0.012707635443561602,0.30311234507259965,-0.07979817558876899,1,1
0.5342223253957328,0.0829172942814068,-0.3563395877091154,-0.041657984647405416,0.1314945040036673,-0.21322182545186952,0,1
0.5015237205184835,0.08367386734365444,-0.3989018889680024,-0.11090091552934903,0.08318295944034945,-0.23878479856931759,0,1
-0.44103126919613156,-0.2921843752595832,-0.15166532002096278,-0.00243272307911792,0.2773438540946668,-0.09168249065141307,1,1
-0.4267150701178629,-0.2925337279337764,-0.1447361217288503,-0.0005803376589724478,0.3038145127311265,-0.09369232160734942,1,1
0.5098399817125814,0.08367155424249027,-0.3893032451485251,-0.09129049843173077,0.09542371336971589,-0.24090735619384074,0,1
0.25435584134875494,-0.08667014680593861,-0.4172458313861221,-0.4493244280760041,-0.029172899413447865,-0.15350433581552458,1,0
0.24510542442355548,-0.08565196904857997,-0.4146221982190524,-0.4493961496337198,-0.044134132534113704,-0.15667925708558614,1,0
0.24674725925614785,-0.08033191959934691,-0.3970050939858601,-0.45160174907484163,-0.060195994399813726,-0.18810325491669433,0,0
-0.10511904384323639,0.44593466261390013,0.0550127264113448,2.2629634833812752e-05,0.19663050193269066,0.040490484564208,1,0
0.2663951638164173,-0.08540511722001837,-0.3957233188079135,-0.45252412369726885,-0.01455777566325522,-0.1615691087006665,0,0
-0.26544647619894346,0.5478157364690415,0.023901253929749452,-0.14676836217715766,0.14128856501202378,-0.03041588429226282,1,0
0.2712524051804681,-0.09561150565374896,-0.4226197004655999,-0.4441585454140468,-0.0008022968716863177,-0.11899772347897371,0,0
-0.3346373144275142,0.5821600036754931,0.03122556510298931,-0.15205694945183187,0.14327818147415775,0.013603518182725193,1,0
0.2578468016431799,-0.09300638031271545,-0.41568917764129093,-0.4475157094570912,-0.014167539723520584,-0.15761473069583118,0,0
-0.35671466965330323,0.5845070423965918,0.038002475631059476,-0.16940468487208074,0.12644216399217592,-0.04262164775477334,1,0
-0.38044869905320444,0.5932670316804254,0.055616699356058764,-0.15590909613062273,0.13256288279123468,-0.004063912435607412,1,0
0.26879709492329407,-0.10201625795373383,-0.4164522763601251,-0.4442082148823479,0.014246073831654585,-0.10967131552589975,0,0
0.262282691768249,-0.10427844403746235,-0.41539607162990916,-0.4463150869560156,0.009711035432091876,-0.09725706083746943,0,0
-0.3894091604009974,0.5827867859983904,0.05389528362514085,-0.14946375515067348,0.14573504970354442,0.0024104701663925604,1,0
-0.3910761174979368,0.5833560243645208,0.07501552164310786,-0.13697645208808512,0.14878683131281611,0.01760422828466154,1,0
0.29046286584938774,-0.11020421822946215,-0.39286617169999294,-0.430244087204497,0.07290779123917296,-0.09003630847862076,0,0
0.287827008500648,-0.11101091890629558,-0.3945942818335291,-0.4292261638649309,0.07359850081461464,-0.07953301430202964,0,0
-0.39544139633551173,0.583073132107287,0.06995431536291057,-0.13419487163414268,0.1572864811418206,0.016915128616763173,1,0
-0.3973764608760124,0.5868597974759641,0.07273103815577488,-0.13228877018311108,0.1509633570137796,0.030953832299080938,1,0
0.27776550484428164,-0.11362140167109867,-0.4048553760546145,-0.44335241511187984,0.0555536012259935,-0.04038230774250486,0,0
0.2731823669381697,-0.11068905884666234,-0.40448141945440524,-0.4519433570446811,0.040525626526369915,-0.07802313743756359,0,0
-0.39698420452375305,0.5960410608521848,0.0653452289049686,-0.1539443805140635,0.13087275010538194,-0.01324444469873864,1,0
0.27450644069799535,-0.11521218790564021,-0.40660392002612683,-0.4514079233608115,0.043369625615853065,-0.04203600322392327,0,1
-0.438386793105023,0.5594317406588731,0.05778298316209507,-0.15592395120465566,0.12822933085582602,-0.0031318286485540275,1,1
0.2774943142727012,-0.11385990256236993,-0.40714390981919374,-0.4442633727362504,0.04475302300211258,-0.05207396290389556,0,1
-0.44177339455841946,0.5593391632150296,0.07027705963043995,-0.13452081640390443,0.15938528154700218,0.010323240864704028,1,1
0.26997737313711434,-0.11214706842929129,-0.40860878074311274,-0.4500790922959912,0.03131004443241016,-0.06024705415240947,0,1
-0.4560688432953361,0.5433233156408493,0.06863933379559602,-0.15606611970340703,0.10436985968040026,-0.011131877514025824,1,1
0.2732629072664676,-0.1108467919850901,-0.4060719233556138,-0.4425726848829519,0.03485540357703518,-0.0744246331348344,0,1
-0.45653003400062636,0.5144034292587645,0.05365898871615468,-0.16395494252154594,0.07876228582705631,-0.03250476245708895,1,1
0.27528276667040275,-0.10879498730943561,-0.40270528321105675,-0.444155165438296,0.03335405689123579,-0.08677365098186134,0,1
-0.46257221550667105,0.5344538914947625,0.0675568245969381,-0.1470026494443054,0.12828893387318438,-0.02136823809106765,1,1
0.27435205664339724,-0.10941730072303466,-0.4042426763293727,-0.44764148584819785,0.029541935886120155,-0.07786601930304839,0,1
-0.46271929308908616,0.5393263959751993,0.07590159490217682,-0.1397886665663986,0.13795809577733345,-0.005550908767801445,1,1
0.2828360049138493,-0.11013842997052543,-0.3976659440123446,-0.4462954519546553,0.05138075776005374,-0.08813588934319914,0,1
-0.46155718101521104,0.5307484054297977,0.07022606326982568,-0.15524557164821098,0.10571996563294311,-0.028233167355018806,1,1
0.2868668047916004,-0.1094515368342785,-0.38574693396083937,-0.4404441150159975,0.061210021142429946,-0.10548495545363064,0,1
-0.4484043843039674,0.5095500777440157,0.057495563569339214,-0.16978536147225404,0.06570328196552735,-0.057303815755835694,1,1
0.2642971641461412,-0.10714086661035094,-0.4114946033199293,-0.4460660475705077,0.012028729569574096,-0.08765875081865408,0,1
-0.46017963184852045,0.5371590792020603,0.059925512524706626,-0.1508259003942162,0.12105255604947306,-0.012314105776347095,1,1
0.27085198727299403,-0.1064473583293336,-0.404783499592978,-0.452742942411398,0.02737738799912,-0.10031579888334248,0,1
-0.44429729790253797,0.5365135967584068,0.057968345333329625,-0.16591565241641362,0.09694284169811447,-0.04580802047641128,1,1
0.2861548356020941,-0.1118196102142854,-0.3959432193214414,-0.4399780441158482,0.06294039036951528,-0.08481289374231982,0,1
-0.44029647678632655,0.542008906820842,0.05597621080158016,-0.16906756118022845,0.08689089732216757,-0.042369537141146836,1,1
0.2862163113692992,-0.11190381284809804,-0.39640659764693703,-0.4433147655824868,0.062137355823715525,-0.09243952743407548,0,1
-0.4325519571805239,0.5481124916961015,0.05315525189420824,-0.1660889902658137,0.09962996987358382,-0.046313033946529386,1,1
0.41146956069390844,0.2815600083616475,-0.08950556772371346,0.4774273656504461,-0.028720644911931683,0.2653241749095405,0,0
-0.4396221977702345,-0.4581614198200074,-0.06513670781500766,0.1622451398347407,0.03524730960111773,-0.0020316509867415156,1,0
0.409678397704815,0.27143534286022697,-0.06821281729082872,0.48870166130311965,-0.03348346565053202,0.26807637989861544,0,0
-0.4383775163159732,-0.44313661683970634,-0.050266099874944556,0.171435715129309,0.0418174328694925,-0.0016846055303408295,1,0
0.4098372916191572,0.27629690497343135,-0.0815376113720167,0.48972780356507795,-0.031398119697418014,0.2797781883683469,0,0
-0.4818870961444612,-0.4413864526521426,-0.10248326443936505,0.1866395525751938,-0.027925415688341976,-0.016524145419896562,1,0
0.40664540406610444,0.2751363892695911,-0.07571193934360045,0.4857151973632381,-0.03464315416749292,0.2797907417394679,0,0
-0.48614725716231477,-0.43566157619463514,-0.0987117093845164,0.19188310817713036,-0.02722584778159359,-0.02025196712817038,1,0
0.41025408232032234,0.2839366993205101,-0.09866972475301802,0.47832196710202973,-0.02802330304872563,0.28068214165705974,0,0
-0.49282123512282916,-0.4332132910371047,-0.10542754322665798,0.19971288729472778,-0.03618670889233796,-0.024748152601326553,1,0
0.40950578759308565,0.2824620303323266,-0.0912711319828379,0.475641740758164,-0.028677113668383627,0.27403940394827214,0,0
-0.48631002695902353,-0.4317983789548159,-0.09634725197895236,0.19803065231035422,-0.022835264468143344,-0.030419137801214028,1,0
-0.4827940949035385,-0.4364213260935563,-0.09418972364023548,0.20584456149071906,-0.03186951030272084,-0.03155455317603557,1,0
0.4097043304343709,0.2811157119559699,-0.09160556339206496,0.48140816799074637,-0.027964951301705433,0.28100799659341724,0,0
0.4088467975120373,0.2829462801063743,-0.09156081486459709,0.4684989836926303,-0.02930223659498568,0.2704703982729257,0,0
-0.47519690984083074,-0.44434931351530466,-0.08719129798937751,0.200337926141258,-0.0419494035834732,-0.03694300281627417,1,0
0.40648604189606313,0.2928922509425319,-0.11411835323618313,0.4579461638829688,-0.027375257707785393,0.27421808482805676,0,0
-0.4698387163466213,-0.45095476466835194,-0.0812414272080358,0.20788299857127626,-0.05002439807832322,-0.0322281454822411,1,0
0.4088148371858014,0.2912357123484204,-0.10916472238893754,0.45600213344186424,-0.026264272212593063,0.26438017619038867,0,0
-0.4551916305553963,-0.4526123653030316,-0.06589350032234102,0.20291268610270996,-0.030014128558714465,-0.03766387327840101,1,0
0.4042211178548491,0.29346559382508175,-0.11788045055740379,0.4525281270644662,-0.02925788824203375,0.28316680196750393,0,0
-0.4676669082097048,-0.4546268165113583,-0.07799391107423634,0.20916820326477337,-0.059663902872239494,-0.024705895391445392,1,0
0.40587138644347726,0.2879650889073052,-0.10301831407085656,0.463476011257753,-0.03061424039880586,0.28049405744452705,0,0
-0.4526805283514445,-0.453617487609008,-0.06406163492723461,0.2066718963047936,-0.03423866464634534,-0.029979654652717246,1,0
0.41122278922979905,0.2831453988655124,-0.09356155089794634,0.476765203817013,-0.026379759320032583,0.26458927011799116,0,1
-0.4880112050311521,-0.4348948083963498,-0.07347095478291323,0.24330191304187748,-0.01182477328032548,-0.058186171319290665,1,1
0.41065849333251925,0.28082653085297343,-0.09332692828864902,0.48422606903607834,-0.027923601847771297,0.27531124733692663,0,1
-0.46527430168353334,-0.4224203823507602,-0.055200181316386696,0.2465154629811259,0.010498684537396816,-0.052305911747653235,1,1
0.4057107822113928,0.28261216535321937,-0.08986000653576635,0.47585217103825767,-0.03251302457341781,0.27027542302399726,0,1
-0.48927794322925294,-0.42329625002389815,-0.08128915675865736,0.24300790788013366,-0.01476379417125089,-0.06335316349957822,1,1
0.40525991067093686,0.28060104823359366,-0.08876607792516557,0.4761921907105184,-0.03191150192802428,0.27274231643565383,0,1
-0.48996305735590373,-0.41490420146641227,-0.08504266169989343,0.2410651561142168,-0.02442341885148421,-0.061884151027729935,1,1
0.40711707181932694,0.2820638189740863,-0.09270145537545159,0.47655097375751315,-0.030098644414027917,0.27032134060099106,0,1
-0.49527639749087815,-0.4130918423103517,-0.08608651146507386,0.241058575976213,-0.015429594590712782,-0.060035079164601435,1,1
0.40825273645976323,0.28752143909463307,-0.10712866874762828,0.46921009616136844,-0.02750677598424231,0.26888914697098604,0,1
-0.48858140272916123,-0.41081430841717426,-0.07924527769534111,0.24253606048055731,0.0004064420084485252,-0.05847198210120031,1,1
0.40583638925582033,0.27920461788633916,-0.08425247381545767,0.47924366335099355,-0.03148179495988094,0.2676559677266513,0,1
-0.49145362445848245,-0.40866788349697686,-0.08411774803175132,0.23933275784744362,-0.010197096150763502,-0.06354063445369211,1,1
0.4037695807796737,0.27880395437971744,-0.08531122428996209,0.48488119846757183,-0.03522672658970112,0.2813576048058248,0,1
-0.49360275336905846,-0.4140619084049945,-0.09897856113170199,0.24355161931313088,-0.03944455942596936,-0.06731480423400835,1,1
0.400780738602792,0.27591450609620016,-0.07575688431689305,0.483546403103554,-0.03832709237497961,0.2793919132189981,0,1
-0.4663889272854321,-0.41349800604172676,-0.05450993615906467,0.24501035152834597,0.013159910769874881,-0.0514763179367015,1,1
0.40241685254807735,0.2673956287194297,-0.057287284266973326,0.4949161974505081,-0.04006367292656122,0.27277533894440154,0,1
-0.47504430614218723,-0.42114458418258954,-0.06385632099692522,0.24341949628612608,0.005754036283308838,-0.05864811170710791,1,1
0.4070012594422216,0.2773938399630221,-0.08020048876189613,0.4772851577935334,-0.03162955294122577,0.2637305874796067,0,1
-0.46208354090789405,-0.4173184291766493,-0.04873098275511304,0.2389455026261775,0.017133245649593752,-0.057399724675771126,1,1
0.4032438582423212,0.2767330662266766,-0.07797770425525649,0.4855111440124324,-0.03628146676078682,0.2754277821076988,0,1
-0.4670521263664638,-0.42034464713694064,-0.051490684301675096,0.24593742515259157,0.015459271836944673,-0.05122952991670296,1,1
0.2216705683746286,-0.37159962467793406,0.37723612882616375,-0.26506721525024285,0.0632205310902438,0.2069514090178965,0,0
-0.39608289951726283,0.5798694969166719,0.11594815878852271,-0.11157278928541386,0.05174407625850755,0.025016960434333036,1,0
0.22675310678077581,-0.36644866825241473,0.39995232158412625,-0.24337215839965426,0.06050672036593168,0.20856613019579154,0,0
-0.40166279667656823,0.5417546728434567,0.10049228046712588,-0.11568791562979622,0.025897047390046394,0.0217086910679105,1,0
0.21970016691917485,-0.37017994699778295,0.3735414196731408,-0.2548679690596425,0.061445528509652625,0.21570284158767536,0,0
-0.4065940022218781,0.5398172166620717,0.10188127006230878,-0.1154805736546178,0.028126881495293174,0.01968156536258552,1,0
0.2238739246631451,-0.36566917637871693,0.39478981719678513,-0.23932336387100991,0.056998304848219924,0.21608488368211984,0,0
-0.40392327800588723,0.51736285525063,0.09747200433978646,-0.11313100125893712,0.01439530162661398,0.02250700536144549,1,0
0.21150838419698265,-0.36976645253152873,0.3549393794723229,-0.2565566034082837,0.05144484122931525,0.23421660032516134,0,0
-0.4051273643291513,0.5117849360259482,0.09485734416525117,-0.11275297071176227,0.012478285593565213,0.02291670761634889,1,0
0.22244780295562194,-0.3637351003048484,0.39854393823244666,-0.23965648147361732,0.05459084638369716,0.21740235277236708,0,0
-0.4045837191064283,0.5087747116492515,0.09437247250463753,-0.11147180621268181,0.016581274619947725,0.017642521011655865,1,0
0.22126381206872783,-0.3650081345554352,0.39239882556435796,-0.24207581867697625,0.056077466323655234,0.21816907573934022,0,0
-0.4046628282187276,0.5087058016601167,0.09519504139350311,-0.10839102499010562,0.021413491638389983,0.018725405343029747,1,0
0.22699064712296488,-0.3655648029104969,0.3995782546480911,-0.25450553267341924,0.0647789298482854,0.1937791580999337,0,0
-0.4027562914770447,0.5227267615561116,0.10153435857530267,-0.12051860417461502,0.017773482531108706,-0.007719021579499413,1,0
0.22292089225456574,-0.36589188463950406,0.39258853838998986,-0.2477608800596794,0.056201862843102385,0.21684212802686698,0,0
-0.4078035464368894,0.5392040968364606,0.10731926190384264,-0.107297760131962,0.03544922132899357,0.02431297807471212,1,0
0.2305504573653508,-0.36211141020695253,0.419102791522249,-0.24440043460566493,0.060912223678067194,0.19289541626515033,0,0
-0.40402008617616597,0.5680188959421584,0.12157849676921365,-0.11687227792679956,0.02882091938195224,0.008702225209899042,1,0
0.22113709657343217,-0.3696717405630773,0.37903775879070917,-0.2572681573125668,0.06175510731553439,0.21391030331500138,0,0
-0.39417190999103935,0.5751233023560475,0.1218228359417287,-0.10804405313768572,0.034778113604477835,0.018720105670257847,1,0
0.22209394374119798,-0.3666890695906287,0.38211090873416487,-0.26506656670062,0.06093551144285111,0.1962654754413709,0,0
-0.3856602778113167,0.5979607605743592,0.1367939768637635,-0.11588636281873305,0.02329268317608257,0.005502289737042671,1,0
0.23153993090437625,-0.35611212699746847,0.43191997442002505,-0.23365898506783897,0.05468515065256641,0.1958379489217218,0,1
-0.43326858602336865,0.5408981358336931,0.11227878901783014,-0.07711644034246376,0.09134222632948663,0.03425375846524499,1,1
0.23222734592142313,-0.346378321827894,0.4592064003122922,-0.20680437115309827,0.037898645208932324,0.20222479960449488,0,1
-0.42133013941140446,0.541279827419106,0.11501612760636515,-0.060972140133663685,0.09409391745883681,0.05842852901133372,1,1
0.23665746554266157,-0.3477510320314092,0.4680817579585521,-0.21238594066869304,0.04251192372083795,0.1918956956152225,0,1
-0.40145147175685747,0.5615103411861299,0.12877713106035574,-0.05500020770694989,0.099072246261505,0.047991747072137596,1,1
0.23240861004252553,-0.3463255056656057,0.4610099854951451,-0.20812530108905727,0.040428670422524564,0.19712176555793368,0,1
-0.40099926888251974,0.5572353697188823,0.11911691197130317,-0.06076470666499665,0.08398177353812254,0.045317812931587334,1,1
0.2280172584538526,-0.3539202485483868,0.43362317927287686,-0.22976672644278093,0.04811636166618236,0.20189603347485757,0,1
-0.39965016146505256,0.5617062923073236,0.11868535931397191,-0.07052660068645852,0.07550906801460996,0.027778921312527842,1,1
0.2313505193575342,-0.35135329363533874,0.44763144975134117,-0.21921882520395752,0.046080074594399216,0.19934930674546186,0,1
-0.4006789073270441,0.5643718133929135,0.12119904126122417,-0.06748945245129434,0.07756082117515026,0.0362517313640755,1,1
0.2308821690021846,-0.3570018763825995,0.4316427212306221,-0.23580625871000013,0.05238250899992826,0.19883506116138314,0,1
-0.4048401071224612,0.5726594019455954,0.12381143575520294,-0.07634316708546343,0.07549416005186159,0.027808999676778714,1,1
0.23125893288407395,-0.35324346007767105,0.440625417046836,-0.22854514898712844,0.04825640444384583,0.1964689807141168,0,1
-0.4073726959100516,0.5725037325943292,0.1264304359542199,-0.07982704887227152,0.06890958601567489,0.02805477835141502,1,1
0.23190939871940258,-0.35201807713412014,0.4488069119856673,-0.2250022167378776,0.04773694249593671,0.1939951217754066,0,1
-0.4123703704917932,0.573941773074833,0.12491145368273243,-0.08342507658940149,0.07057707891683256,0.023976334289386475,1,1
0.2367581505896566,-0.35531300485587375,0.44908333243281107,-0.23366144242286657,0.059528782572243276,0.17627588757179896,0,1
-0.4064581603762365,0.5785873315166512,0.12471189737051984,-0.08443714245333842,0.07718141571738228,0.011579294356276703,1,1
0.23886000235706462,-0.34990231711725145,0.4671089693614829,-0.21744985528369104,0.050780354632796315,0.17777177303793476,0,1
-0.4040764375890136,0.5668711478885435,0.11985471406294122,-0.07893203704993343,0.07113781348912009,0.02319656972867714,1,1
0.23495802836898805,-0.3536768116836687,0.44950082730355795,-0.22460782211642719,0.05245078183779047,0.1900586926142967,0,1
-0.4038059983919232,0.5640433699277273,0.11718707078790128,-0.07504723449842939,0.07589616226700373,0.029169950369608417,1,1
0.3448286171883918,0.24115449251114487,-0.12979793749552976,0.30141970765624976,-0.031883056740170834,0.3761901754437146,0,0
-0.42455465895631145,-0.3561905433122159,-0.05462446490525718,0.2596120788247354,-0.2933070919717513,-0.037147124265804174,1,0
0.3457287914756348,0.2421820558923976,-0.13693932305191445,0.29796311583008805,-0.031088192336387925,0.3758195861183379,0,0
-0.42623840509630134,-0.3537801224139541,-0.059302141301437655,0.26074887341912845,-0.30403975615340284,-0.04068314081985033,1,0
0.34401305225774365,0.24253646746422725,-0.13662376940296234,0.2914683897326372,-0.03183236445868352,0.37016191011615146,0,0
-0.42608218779479634,-0.351524872726429,-0.052934845264228335,0.2594776978279268,-0.29636022243327637,-0.03646690366084102,1,0
0.34806814953871545,0.23924199986628208,-0.13150662410993683,0.30811295823038776,-0.0296597955767773,0.3812855798547997,0,0
-0.42540214485621064,-0.35217333697173114,-0.05613806153272557,0.26305122451838986,-0.30619944160842666,-0.03694865738849132,1,0
0.3451534478291327,0.24549447477527234,-0.14237177378728316,0.28321410218817633,-0.029267159690358188,0.36110327624494487,0,0
-0.41903000965050513,-0.35469894143084196,-0.04556129304970174,0.2614726156326466,-0.2859879918210876,-0.04182164878554433,1,0
0.3479442367171433,0.24200135961568497,-0.12852633235263683,0.29633189708579294,-0.029109082088405066,0.3692754752499115,0,0
-0.41680206120277474,-0.3557154618574093,-0.0437894269928738,0.2621505936998646,-0.2957033551504113,-0.04011188170242672,1,0
0.35225585120253794,0.23740110457978209,-0.12146050203375301,0.3116727799675929,-0.027392468849822216,0.3771426661543313,0,0
-0.4132563395040719,-0.361802206370338,-0.04053574332598514,0.2680607884675251,-0.2944083449487395,-0.0410137981370654,1,0
0.3528624709492871,0.23592290302682808,-0.11546602878470386,0.31044310431160754,-0.026553119333715337,0.36387183666164563,0,0
-0.4010096029808198,-0.35798119881412294,-0.031176024319682725,0.2626744938308798,-0.2848999363864745,-0.04407035677989586,1,0
0.3436282528121998,0.241452495489451,-0.1342536088455807,0.2866645986847678,-0.03311222134851205,0.36368623291998886,0,0
-0.40379245897688415,-0.36042992986765987,-0.03637902727392616,0.2658431267974416,-0.29660378846277524,-0.046759122154519724,1,0
0.34449931548504215,0.24187468192636813,-0.12907028994567943,0.29884132962242704,-0.0339891205612943,0.3743265008843872,0,0
-0.40873261317844667,-0.3599530183487186,-0.0437776783504414,0.267402838003883,-0.31029296035480114,-0.047745848885374496,1,0
0.3453531638144966,0.24018661391980933,-0.12049497302895082,0.2998185702584601,-0.032570332639455246,0.3718527971518779,0,0
-0.40500119225759545,-0.35894082379709574,-0.04176948843656839,0.2639566568498724,-0.3061062876290072,-0.04967565523522291,1,0
0.35030266349449296,0.23570673790958235,-0.11218309979274364,0.3103315626526738,-0.029974790803646182,0.37078428104174743,0,0
-0.4031704936222006,-0.3601800193528655,-0.03786162037077261,0.26334141958168406,-0.29841062117769984,-0.04712392457226665,1,0
0.3452581521102016,0.2455960119489742,-0.13748106103205276,0.29391829280464843,-0.02958430703118908,0.36971524117889976,0,1
-0.4022347969666276,-0.34479110986973505,-0.014350491759337825,0.27856971660202284,-0.21870337731309483,-0.042578339173093074,1,1
0.34267050940625743,0.2430323985879809,-0.13078087595030097,0.3012681901628089,-0.03307648018917174,0.37768167568568506,0,1
-0.40109671450536155,-0.3412271796319849,-0.014842809059168002,0.27963403954083205,-0.22347313053592405,-0.04082151723291427,1,1
0.3459375677656573,0.24592843889535979,-0.1370923153245636,0.2985290796080278,-0.029382072116253256,0.3742777779180696,0,1
-0.41084051498276997,-0.3477461151377783,-0.02109227931706436,0.2828367538912779,-0.22597693054618276,-0.04327062198971261,1,1
0.34880107870875426,0.2470008557059051,-0.14084887286944528,0.3001709487640945,-0.026846721391404232,0.3699222131298972,0,1
-0.41182654272171965,-0.3525868402014739,-0.020958305173900488,0.2844025217477941,-0.22576436628427865,-0.0440991283706552,1,1
0.34590597866869377,0.24442603519573095,-0.1403283516402468,0.2947655872780444,-0.029955740175954367,0.37060633945795896,0,1
-0.41785060527652806,-0.35511713120582794,-0.030095638843883932,0.2862950241971317,-0.25409359669349263,-0.04622014423890839,1,1
0.3509808717065302,0.23830846171489503,-0.11544525030529622,0.3241594638574441,-0.02923517803170463,0.386625778391814,0,1
-0.4150869980866029,-0.35720669299708724,-0.03080867601407527,0.28785566450311145,-0.26328841816428183,-0.04748239015279247,1,1
0.3611487324878196,0.22202147774033146,-0.0566006006028246,0.3777595307532272,-0.029567305761979315,0.38635208116013275,0,1
-0.39881980197979583,-0.3522981633654612,-0.018645146206537372,0.2813623658430447,-0.24533723397074764,-0.05011536731518929,1,1
0.364453389404986,0.23018949981935727,-0.08503951306101369,0.35506522116074224,-0.020794634826418884,0.3746497540634497,0,1
-0.39918453184533126,-0.3541702887704247,-0.019289570068291368,0.2794582668647827,-0.24260340782392256,-0.05236548268362527,1,1
0.364579828930093,0.22831284101844568,-0.07333401288095313,0.3713333944031118,-0.024279539709357516,0.38337490538774055,0,1
-0.40358666627207446,-0.3578656393134576,-0.019940488451657194,0.2842164400632037,-0.24147595736870903,-0.04982941054929026,1,1
0.3612996626527258,0.22354220569466637,-0.06264633585624438,0.37615604566209426,-0.02936944098404542,0.38793052547246465,0,1
-0.39818810307269364,-0.35470081092668,-0.019535922331975257,0.2810643608328583,-0.24318232910045598,-0.04932819594628595,1,1
0.36620817549651524,0.22477238476470626,-0.07255657825904112,0.3715265277198381,-0.022702379205206114,0.37787047418490827,0,1
-0.3969028200851495,-0.3540122066098523,-0.01626183983174105,0.27974431589443505,-0.23892524675162052,-0.048540396373604904,1,1
0.3642344755328436,0.2317092570333098,-0.09141669962431069,0.3562255671583588,-0.0210671046799071,0.38009477772446665,0,1
-0.40533357225801897,-0.35880408260326146,-0.0244100757048132,0.28336610537318585,-0.24752599791194682,-0.05106511794189811,1,1
0.2174395129812983,-0.34829404602586045,0.4354694463264822,-0.25712030291534155,-0.007799366325532067,0.19750133179871587,0,0
-0.3521008344163657,0.6095324229032029,0.1251229895738428,-0.10943026127220092,0.028785075918230534,0.024153626019170305,1,0
0.21904562933031924,-0.34535138068021654,0.4441590206011138,-0.25394355438983995,-0.008961457111742524,0.192255582029171,0,0
-0.3639292636772175,0.6016597483826798,0.13018898276250576,-0.11313263736847398,0.028159058303801242,0.015735652416903962,1,0
0.2154166321345869,-0.3412807600698077,0.42999723590002886,-0.2585539874404626,-0.00849945699393456,0.17880378886912746,0,0
-0.36124294252101313,0.5893183251120125,0.13714451007546086,-0.11058935714166458,0.02226039738629982,0.004032328231462742,1,0
0.2203782619624916,-0.34292686456126714,0.4466470590841376,-0.25121629916446847,-0.004508777628054729,0.17834637274185006,0,0
-0.36893402453334917,0.5907039598872026,0.14233183278427508,-0.10265389934631697,0.03184362342168108,0.01834358149514108,1,0
0.22223288849861927,-0.3453084759043037,0.4584500881541503,-0.24332830056572236,-0.010026771934476479,0.19756680191102283,0,0
-0.38361135931583235,0.5847378765178506,0.13705741126131005,-0.10014427989980422,0.03712495696631212,0.03659195465568307,1,0
0.21301998725062876,-0.3384517003461478,0.4278944759712256,-0.2580875273717699,-0.010910239109612694,0.17826536410102667,0,0
-0.3740928051637891,0.5717157499346603,0.1377403107900674,-0.11250159119281868,0.01979536502991049,-0.0007756192644636843,1,0
0.2155984676044099,-0.33794844376495264,0.4390605003209151,-0.2527304427355029,-0.01095358542850582,0.1766787589322579,0,0
-0.3792635713128565,0.5698002877872479,0.13921735674430574,-0.11159363906106262,0.019570635139491203,0.004420222584224614,1,0
0.21762198569372435,-0.3459513330567941,0.4377391264349005,-0.25685723844669317,-0.008025522705401257,0.18971190150634518,0,0
-0.39225723166862303,0.5729929780303782,0.13746261098438817,-0.11431674854392776,0.020114556734492438,0.013282927521966135,1,0
0.2177190364409334,-0.3362169004182962,0.45375051045257536,-0.24541657204135403,-0.013740584652590504,0.17577107359614533,0,0
-0.3886547455689301,0.5663250458416654,0.1375030359974066,-0.11934034216403253,0.008846928363029331,-0.00012597989000899206,1,0
0.2116595401526981,-0.3545411804172205,0.4073312476489444,-0.2714110695027621,-0.009639992826839403,0.2119665975752769,0,0
-0.39496002750021286,0.5719322070274873,0.13788425196530033,-0.1100997331876602,0.020266138955245625,0.025359433801658563,1,0
0.21217304617790075,-0.35140872885907715,0.41905482317763404,-0.2650161522236379,-0.015140608968582162,0.2151001470179901,0,0
-0.3981863115134786,0.5628937732910025,0.13258681758019056,-0.1192736050078712,0.0027019445059777276,0.017120634252635103,1,0
0.21444595539402583,-0.3454447431776862,0.4314167762040618,-0.2587857131466765,-0.01427276922456306,0.19788143070128184,0,0
-0.3860877040250883,0.5691354978991237,0.13987777024318335,-0.11299636762591038,0.007900542154626976,0.012941346485211483,1,0
0.21765928120825714,-0.33939200021537974,0.45258541847775435,-0.24379098556465456,-0.016537138034976112,0.19362715786748294,0,1
-0.39206844106412997,0.5546312632808578,0.14615993205705635,-0.0627567198975172,0.07004756468220219,0.03976570604824621,1,1
0.22086743310178827,-0.3321416376827637,0.4706908940418364,-0.23301206387213838,-0.01657340508727594,0.174657141754868,0,1
-0.38926624400595816,0.5505956477054748,0.14564953133472344,-0.06378146626137765,0.06949049185985555,0.030813973868645237,1,1
0.22209520396426474,-0.3378448630841883,0.4713524047017306,-0.23408623843066895,-0.015165418352844778,0.18731740447029127,0,1
-0.4041188096100116,0.5476355843599979,0.13457869545214762,-0.06915366582387573,0.0698342766427757,0.037362443025647396,1,1
0.21816566523183625,-0.33626163095784767,0.4594740406940238,-0.23975769668909122,-0.016085568260157047,0.18517444679461373,0,1
-0.39966570667358586,0.5404453542623371,0.1331458001000242,-0.07018443312307489,0.06503192574808837,0.028496186736590018,1,1
0.2201423625308425,-0.3381253425266939,0.4630929153833596,-0.23987731844751353,-0.013202280099727074,0.1836164716442983,0,1
-0.39788597325201924,0.5482089186989215,0.13861548901324794,-0.06581216422875198,0.07343177582867604,0.03239940896155507,1,1
0.21672441547601237,-0.3455561158986437,0.43812105139509333,-0.2518401903841,-0.01027439456023644,0.19918919384069647,0,1
-0.3919397691342331,0.556815323459245,0.14952750295672973,-0.06001229281563629,0.0742958283648623,0.04191088857006753,1,1
0.21987462606733488,-0.34451253907515106,0.45243355716563605,-0.24454972199222305,-0.008318811643265997,0.19280389287627947,0,1
-0.40097126328332455,0.5677431178340839,0.14596712482992819,-0.07346803647406866,0.06067135860319374,0.032528177121708475,1,1
0.22336966979563916,-0.3338260337103602,0.47257040549296614,-0.2344686496626896,-0.010444093591016305,0.166667044985827,0,1
-0.38674378078545124,0.5699608955154412,0.15243060203275322,-0.07481402882480104,0.05787269841490849,0.016378162899559647,1,1
0.22500385672773274,-0.3377313277154394,0.4774700855284898,-0.23253622873966634,-0.010435449314766287,0.17655567164875258,0,1
-0.39083269212032495,0.5750979878933364,0.15510539141104132,-0.07147961926076556,0.0566599342392456,0.030108594303367008,1,1
0.22660498703569032,-0.33758880641475697,0.4758063330315225,-0.234795127128552,-0.005246155339254466,0.16466910466459225,0,1
-0.38994725089237947,0.5743249015348553,0.15208800304400777,-0.07929711018746115,0.050207984352977825,0.015585153241532609,1,1
0.21999008206631934,-0.34637112577724805,0.4481607573996646,-0.24912777027450142,-0.005142384503824238,0.18972440955019013,0,1
-0.39404861700441113,0.5761699938274736,0.14997493921135716,-0.07624230941315317,0.05544864173402968,0.024285650249754303,1,1
0.2177483569530894,-0.3469983370464157,0.437780414168501,-0.25431767400499217,-0.007232142205264832,0.19346154090073747,0,1
-0.39096525210731026,0.5754697579429531,0.15155150557894775,-0.0746994510541848,0.05385195933558463,0.02612791348011363,1,1
-0.34600788680158984,-0.33362078143640517,-0.0061248967107436795,0.24099476994039276,-0.33003875942664673,-0.006448945385489471,1,0
0.2765087031217046,0.16685687882625524,0.024594946245142947,0.2871031052124949,-0.02931674923564219,0.4501917974611969,0,0
0.2735160680349523,0.1761481145737583,-0.002091457794462832,0.2675500238319521,-0.023489425603510364,0.46567199197755743,0,0
-0.3556718022571462,-0.33207802175703244,-0.022011686250665505,0.24490535370718147,-0.3525865297758807,-0.015701314887924672,1,0
-0.3559353584961083,-0.3309922425270927,-0.016912510782835538,0.24658807792891185,-0.34561551729861534,-0.018465312810805903,1,0
0.2731189120203226,0.17995419891538636,-0.007793035068740563,0.2588412938118123,-0.02022439971827342,0.4580181864457469,0,0
0.27045316889677523,0.1790717423308096,-0.008171074330616653,0.25481082334779187,-0.02244622928082168,0.45662283666599845,0,0
-0.34478339076794434,-0.3240531015254654,-0.005310691210908892,0.2448518483549394,-0.33655249195921594,-0.016410089740905427,1,0
0.2726771368429559,0.1768633086475053,0.0015287047261326224,0.26925162336646036,-0.023650155030065956,0.46475471585033745,0,0
-0.3571633852432587,-0.3288951273628341,-0.021160459888979247,0.25202789431232686,-0.3640212031586124,-0.022520969834842537,1,0
0.2731581726533542,0.17651784515693275,0.0002717086995131995,0.2721005385983041,-0.02274156932813126,0.4657473013157022,0,0
-0.3410223915952368,-0.3279142567155935,-0.0011147097010037312,0.2521087523982464,-0.34014334750340025,-0.017492247842702195,1,0
0.2696231932590274,0.1774879030487171,-0.008607615212497888,0.2563376231457746,-0.024693812286953224,0.46389632840033973,0,0
-0.33996239664195843,-0.3252061975579629,-0.008781915687884691,0.25009365751207624,-0.36276983413536945,-0.025149147654242008,1,0
0.2744524790456517,0.17528671821377914,-0.0017386411970060644,0.27153119463860886,-0.02242422598557856,0.46584437809746626,0,0
-0.3413269842815507,-0.3295931535957371,-0.007999716938139783,0.2539486163050482,-0.36799424280904114,-0.022020805114195678,1,0
0.2711823210631643,0.1695270755252227,0.010987115247356192,0.27392341518304725,-0.03052643956830242,0.46269834708150864,0,0
-0.3313260063692473,-0.3251458690037926,-0.0013098903403074742,0.25019945678165956,-0.3686803923193218,-0.020221930909398864,1,0
0.27255671246616564,0.17544608504011064,-0.001970026005129057,0.2652315411938698,-0.023155414754706914,0.46272083162422994,0,0
-0.3315683921658278,-0.32791220852130765,-0.0010313672669509393,0.2507594156362477,-0.36579786845711765,-0.023636440935045445,1,0
0.26570943430602684,0.18051371066833016,-0.019997590234290447,0.24583882017085446,-0.02543618703926606,0.46619395704470357,0,0
-0.32461763396070215,-0.32398480503201205,0.005456276210185856,0.24773443425524694,-0.36101599567426246,-0.020972544141545955,1,0
0.26694047407108207,0.17377363327828804,-0.0005140981727637842,0.2640413209907414,-0.031386268522960004,0.467729426323003,0,0
-0.3270240017698701,-0.3236998446703784,-0.00012418527301029917,0.2502518688210191,-0.3689514027858329,-0.024050681011689414,1,0
0.2807254732280905,0.16750796998478404,0.02378748038009696,0.2883319174082577,-0.022716091569669045,0.4436136999826571,0,1
-0.34446245578409274,-0.3101132999552982,0.003704659593492804,0.2621351277454775,-0.31339097461888576,-0.028942942702988455,1,1
0.2809424188377743,0.1637311585809459,0.034064097707151644,0.29658238981195917,-0.025585858011539724,0.44406409532457025,0,1
-0.34588972975902615,-0.309339878027989,0.00022261492593262755,0.2632665438019652,-0.31733459290627575,-0.030352711734006006,1,1
0.2837398837392805,0.1649541216963801,0.030920832290258788,0.29937916477484267,-0.02193630389988552,0.4454556549033269,0,1
-0.35490466974962803,-0.31455505336717365,-0.006331864209192333,0.268351018043165,-0.32831147597043464,-0.031609384572289276,1,1
0.2758507523402765,0.16355567964143225,0.03101659407773851,0.2907883275926328,-0.02943634443715168,0.44283115335333323,0,1
-0.33880149412246824,-0.30610408277155,0.006422283550261431,0.26327745654414014,-0.3248072424305527,-0.02910635181960743,1,1
-0.3377702650973381,-0.3107994008627207,0.011475752095908343,0.26480231250671776,-0.3170628986721914,-0.026633931270042228,1,1
0.2830341233706607,0.15737595728159387,0.051699981419537376,0.30976427392527706,-0.030059566823245166,0.4340439572219784,0,1
0.2824356698334648,0.15695310485131675,0.0494412295990414,0.30626777975427516,-0.029749497602236333,0.4301799363911452,0,1
-0.33176885035639303,-0.30791908076930846,0.013474803833318696,0.26280805456693734,-0.3212647914395133,-0.02993691470014758,1,1
0.28636758416830815,0.1683600571744206,0.026061410839545534,0.2948831347934567,-0.01734271893182037,0.44337128914761786,0,1
-0.3405664671022854,-0.31663288295909675,0.00848661298849719,0.26689467809453815,-0.32028958632450133,-0.03236329006888086,1,1
0.27985248173579547,0.16966880071617174,0.020555625378056573,0.2859891541987105,-0.021702264123124166,0.4426269203666985,0,1
-0.33294349751950675,-0.31035165836008777,0.010719185228831533,0.26334503276859905,-0.3229900094053609,-0.03442602401510925,1,1
0.2797786945996108,0.16712077782684193,0.027564136091179473,0.2908052290823845,-0.025144006375103202,0.44504611651105613,0,1
-0.33766383171950903,-0.31271668029639255,0.008818339603509985,0.26517877569640286,-0.32497047800199724,-0.031642404027346194,1,1
-0.33227750004578255,-0.30985264220730596,0.011141033983326911,0.2638673878539234,-0.3230990785352601,-0.03131007906966306,1,1
0.28135059303639515,0.16046653026410085,0.04000702308514347,0.30458093791748214,-0.029540354630393974,0.4381356766780663,0,1
-0.33973109892285375,-0.31370333487848795,0.006795537139099977,0.2659281125906835,-0.3278263399017176,-0.0293928512588533,1,1
0.27529241374658664,0.17319809409010692,0.009773979200944994,0.2793064383131721,-0.02473426355415495,0.45462367320797575,0,1
-0.33989387236892904,-0.3144033246603717,0.007937228826300763,0.2660026944279889,-0.3253756501899809,-0.02922770997431829,1,1
0.2802330140029753,0.1678890039369658,0.02606492924188986,0.2938733809975079,-0.025607075955492404,0.4461095255605807,0,1
0.11217588241278502,-0.3243096045991202,0.32280064994488544,-0.22315941093192285,-0.16641126640140097,0.27052569520038944,0,0
-0.39379488440055854,0.33506630947922766,0.09994243291028398,-0.0452672384476502,-0.0782324128559262,0.13002075815575842,1,0
0.11018221081256499,-0.3229170926785331,0.3220900103644753,-0.21831444301834213,-0.16971259297606348,0.2756662779978572,0,0
-0.3882448160442746,0.31936340703432087,0.0949703565405569,-0.03999182212537718,-0.08592493048961407,0.1286424227080766,1,0
0.1097275051660127,-0.3252651420518941,0.3192414848092886,-0.2199375868872681,-0.16867152955797793,0.2773560955913556,0,0
-0.39522205719489717,0.3225611689244226,0.0976716130608043,-0.033975909715111705,-0.07307207097041347,0.13715818163763366,1,0
0.11027519964787429,-0.3269889137687154,0.32075386575152004,-0.22034121688265607,-0.16685826492554198,0.2778704570002128,0,0
-0.39278826339281125,0.3146827405435799,0.09224677633337505,-0.03808439167177888,-0.08478668754180244,0.12562626049707956,1,0
0.11221872578572951,-0.32473029133557146,0.32481606379802525,-0.2213040411656584,-0.16600070270482312,0.2724685518183908,0,0
-0.3920553691174434,0.32152027585414333,0.09636261107846254,-0.03949266564824309,-0.08074454349609124,0.12570529238711808,1,0
0.11288412646721382,-0.3249691451351755,0.3279011129138932,-0.21998126666150358,-0.16599479243602958,0.2743643791055985,0,0
-0.39307205971873876,0.3308909123936322,0.10024800162393523,-0.038843018058799014,-0.07382080830640146,0.13345148131260173,1,0
0.11283569760160904,-0.32071930846274277,0.33043769855830146,-0.21394518932465592,-0.1709180349901015,0.27702784777638795,0,0
-0.3893557430811511,0.33232716561201997,0.10160496581815565,-0.04048047809581431,-0.08546228962272194,0.13738930615462144,1,0
0.11368513890852396,-0.3230433013390111,0.3260354036713849,-0.22005634167679203,-0.16519865405037554,0.26797482832840136,0,0
-0.38738977357168103,0.340135185489611,0.10387134039457727,-0.04678293610670526,-0.08552205075898925,0.12578857504852944,1,0
0.11143876448139561,-0.3228928730883658,0.32319840237972675,-0.21517849998423177,-0.17049255031678642,0.27768400110489755,0,0
-0.3856480759966273,0.33923569277721366,0.10473656654844606,-0.03644266575147946,-0.07375757195567954,0.1444536904941171,1,0
0.10807236384723354,-0.3243175640973678,0.3140913788078156,-0.22169144800597648,-0.17055850116646784,0.2773337288287005,0,0
-0.3869333694993835,0.34219137244066605,0.10433567224495119,-0.0436588723173142,-0.08048150851686599,0.1309148931939417,1,0
0.1082315280962121,-0.32397397395397454,0.3156734668198027,-0.21963391438036126,-0.17225827096093863,0.28073435251503676,0,0
-0.38977093974745103,0.34201163360542847,0.10457614888065266,-0.04412912317537915,-0.08438899460072577,0.1364119942273788,1,0
0.11184181948886285,-0.3213109900047313,0.32662766262949,-0.218713083198854,-0.16807397306706517,0.269838831312135,0,0
-0.3889285125966566,0.3442806083724146,0.10530033700756136,-0.049945248027155234,-0.09012641805717421,0.12631442159684553,1,0
0.10258445907708134,-0.31102874733828034,0.336507795043201,-0.19858963770834734,-0.19515423793138487,0.26807993654179874,0,1
-0.4161600759943488,0.26520986948704783,0.09416506182488461,0.013235777650144541,-0.06847495340423593,0.16728320328796434,1,1
0.09810213632559708,-0.3145249035947657,0.3171889946970733,-0.2050791628939399,-0.19437955726598366,0.267652104402149,0,1
-0.41352192321453,0.2784170787272053,0.09828632835401503,0.005735510198497875,-0.07020111615808797,0.16130060361032636,1,1
0.1008315952619795,-0.31251750583433224,0.3277756218621791,-0.20254233875031163,-0.1944444913323977,0.2679279541202102,0,1
-0.4032025796789783,0.27533240745259996,0.09871050049655326,0.014621922184009165,-0.05696522721552525,0.1654520745987219,1,1
0.10017160543934923,-0.31419654814244385,0.32452437195402756,-0.20584544318099401,-0.19440976137303553,0.2691146691169225,0,1
-0.4047606633960585,0.2844198122685097,0.10108234779802003,0.009685899035893336,-0.05522414519767295,0.16392724544169593,1,1
0.10098070102621377,-0.3123582359868075,0.3302036509242829,-0.20207339385642378,-0.1954140387661507,0.27020768222920943,0,1
-0.40584832868154197,0.2806561313538218,0.09785445846936072,0.010076930349874377,-0.05925825700338007,0.16475874974792287,1,1
-0.4097339486859762,0.2778420169567925,0.09468600905419182,0.009018765214988258,-0.06408876985299887,0.1654720403182356,1,1
0.09762586595314002,-0.3145725740323044,0.3194852704264291,-0.20404766307161964,-0.19684024837304315,0.2745217290079609,0,1
-0.409357809549432,0.27786201620083273,0.09509231568767908,0.0055299566536662435,-0.0688000995123914,0.16154683977139137,1,1
0.09894280658166131,-0.3126205171170417,0.32206672122478275,-0.20450899088557328,-0.1965440796878666,0.26963098666566365,0,1
-0.4060816401081159,0.2748181017490625,0.09538717158494513,0.012299621912653174,-0.05854753984827536,0.16708527716313,1,1
0.09459001641794895,-0.31425361380781847,0.308978966836887,-0.2074971926288269,-0.20015487629998432,0.2759975585095313,0,1
-0.4057115364271163,0.27599628597397086,0.09845078486071544,0.014646900517993777,-0.05363354806623036,0.1727011452686226,1,1
0.09751702753557505,-0.3125920892377059,0.3196364208165105,-0.2037276556718549,-0.19882764307490305,0.27403962031309315,0,1
-0.40488801924717865,0.2740068032323217,0.09609017272213458,0.013918690675936636,-0.05458760721533474,0.16699856217273742,1,1
0.09370775796432372,-0.3148748515466885,0.3055765610215935,-0.20806400922211707,-0.19915682679755856,0.2741303201479968,0,1
-0.4046149225049186,0.27670160286407647,0.09708704869662738,0.011334473433163022,-0.05197478150259786,0.16016695819479393,1,1
0.09908694337436376,-0.3132640241173641,0.32277191189432763,-0.20747306229055573,-0.1954224087866841,0.26841282844645115,0,1
-0.4076943119047603,0.2785410363394694,0.09810875771651806,0.011944366340767084,-0.05358705218313373,0.16847417389020664,1,1
0.09648026523412785,-0.3140955935508845,0.31511129206671523,-0.20694581649247756,-0.19828599521965726,0.27410565390356867,0,1
0.2694131389568821,0.1705561727885224,0.011114662918786919,0.27391313020072927,-0.03231816316121486,0.46066929598162004,0,0
-0.3294827396580456,-0.3304026299171689,0.01563887376621974,0.23379615848513094,-0.30861337626127994,0.011012178541622175,1,0
-0.353148220254987,-0.3354391225258405,-0.015107837627855602,0.24137929468210004,-0.3406164226716107,-0.011693345123216861,1,0
0.27431512156226323,0.17595168438743083,0.00169608753837453,0.26774273510450225,-0.022883183000092764,0.454307550550715,0,0
0.2734109101993944,0.17964959163992167,-0.0062578306252061636,0.2636543246865866,-0.02133389641422242,0.4664816339005173,0,0
-0.35224723898032145,-0.33408445437706114,-0.015078836637846439,0.2448707237064102,-0.3353546682297983,-0.016109006398182243,1,0
0.2725188070533428,0.1809321772680767,-0.010205293321884405,0.2579884333358598,-0.01916223091339992,0.4611625639151342,0,0
-0.353078656779137,-0.3312132711012537,-0.013008087438045931,0.24724134736275305,-0.3384762172498409,-0.017235567885637727,1,0
0.26798618683571657,0.18363254789515146,-0.021676090186406625,0.24838508655898048,-0.020927463683413354,0.4650761497677114,0,0
-0.3501108878383506,-0.3276897587184452,-0.0072113752263151,0.24892737546408006,-0.3380256195296471,-0.013891839661111582,1,0
0.27369848094193494,0.178970640793652,-0.004718225956098591,0.26351082467370446,-0.020390593669660995,0.4611414787306348,0,0
-0.3541248932933107,-0.32869838848244265,-0.018179017068387954,0.2507729910459688,-0.35630189455337946,-0.025043519439229393,1,0
0.26978790061421887,0.1796075796890247,-0.011076964818525692,0.2588003652108731,-0.022036715871031835,0.4670981369218919,0,0
-0.3416360650968412,-0.32659579632609975,-0.004003399795997311,0.2512599652173855,-0.34573388152830065,-0.019118875244359065,1,0
0.2673759107655921,0.1764167638829321,-0.006410361064459785,0.2598082860293696,-0.027596167291463383,0.46955886370267563,0,0
-0.337704183502157,-0.3240609825104483,-0.005917271555413504,0.2508060414119124,-0.3604298245147109,-0.02141462505718451,1,0
0.27191087590876806,0.17647063609468483,-0.004300337690611449,0.26635553696769687,-0.023595926650621137,0.4675670239074155,0,0
-0.3424645157325714,-0.32985837305997806,-0.01083046681354269,0.2538230405942241,-0.37238696007965755,-0.02366104611604673,1,0
0.2706359856796862,0.17279161105908916,0.003232679527039689,0.269001312802772,-0.02721513871901019,0.46810589039046013,0,0
-0.3326438292296056,-0.3270707045402955,-0.0021589811691866646,0.25127439642294586,-0.36649768355068507,-0.020846294174408392,1,0
0.2663884222885636,0.17855134027954808,-0.011214420487843288,0.25333823624749585,-0.026927031476612868,0.46866412691298864,0,0
-0.33005816380104086,-0.32660083672638013,-0.0009203337066011782,0.2505447445215589,-0.36643630716474473,-0.024139256541958292,1,0
0.26660391131775885,0.18048154848205078,-0.018365311969622815,0.24972505474263465,-0.0245246241168815,0.46797704914820176,0,0
-0.3282905424769652,-0.3263218857437048,0.0004313736978995132,0.2502004983660543,-0.3651248661384167,-0.02439746104176221,1,0
0.28263702568819765,0.16915217793461793,0.01935494539576125,0.2900398186743404,-0.02078016992686835,0.4498841542517187,0,1
-0.35260049617193734,-0.3138628094118482,-0.0036588350965354195,0.26729497287241655,-0.3234359736528706,-0.03126341697238281,1,1
0.28014965296338,0.1631399519433159,0.029810605368275928,0.296178907641526,-0.025689430457051396,0.4435612201884915,0,1
-0.34180290664354185,-0.3084663649473748,0.003921998633025028,0.2652104759422222,-0.32601059362072315,-0.029523015010323433,1,1
0.28134808915465437,0.16260504333635062,0.035192742417927275,0.29675684166969774,-0.026027788298342278,0.43876954516393485,0,1
-0.33513429364682157,-0.3086196716391976,0.0113428455067356,0.263104144115317,-0.31954491883801106,-0.02842804410855456,1,1
0.28416888096799003,0.1618253860025315,0.038283699463652315,0.3021391011362654,-0.024867820301917625,0.4392820084375554,0,1
-0.33800141250918625,-0.3125670291993368,0.008316962636797712,0.26630337752103356,-0.32491938121241476,-0.031448425718442634,1,1
0.27958809426965514,0.1632101519505872,0.03437033487302028,0.29534438559669174,-0.02810743289497572,0.4402370100906633,0,1
-0.33121291630791455,-0.30853424135628493,0.013168363545568254,0.2629048179109632,-0.32400827528996934,-0.030036600049253282,1,1
0.27814929745185946,0.1671107291345614,0.023922749303271085,0.2892070481645569,-0.02623958232115416,0.4456840702496206,0,1
-0.3338843492132787,-0.3099003648239231,0.00858654957759899,0.26446550550611264,-0.3300869957838835,-0.03271000975558644,1,1
0.28037092299101507,0.16871628949477072,0.02152018435076403,0.29563763374196583,-0.02455191108468348,0.45546191785859724,0,1
-0.33890730302111066,-0.31430773950566016,0.008601180575771056,0.26840077239969545,-0.32427715045020133,-0.02866573592372046,1,1
-0.33599441700494664,-0.31255040675529655,0.01002013293793065,0.26659374902737454,-0.32313004919971144,-0.028127626548989128,1,1
0.2816712529383406,0.16415985146633455,0.030170597369777015,0.3022520019957998,-0.02659590914818499,0.44903771827649575,0,1
-0.34238713972828777,-0.31614868869536983,0.005897264608739206,0.2687734480096666,-0.3269889198984227,-0.027518592521697405,1,1
0.2807924451482789,0.16795480747850375,0.023041617919343393,0.29727826954941855,-0.02464810463872105,0.4534422136471691,0,1
-0.3420316338864461,-0.3163770587250632,0.007032130944942366,0.2680756010235115,-0.3245458001590293,-0.028079779037071335,1,1
0.2817759347899821,0.16524866810298522,0.03325979344918481,0.3032342104708619,-0.026824636588709427,0.44704281605102353,0,1
-0.3400882260836187,-0.31572710664755643,0.008252739273933656,0.26597880262290746,-0.32119889999174556,-0.031232051718215612,1,1
0.28321008146109505,0.16624585883500106,0.03135035664970602,0.2978365805274926,-0.023425567393931375,0.4424751908957269,0,1
-0.34267538285064847,-0.31758742066061046,0.006575298786215442,0.26784777708320445,-0.3225830765103706,-0.03078524104466228,1,1
0.2853689603877334,0.16574719753367598,0.03253116745431362,0.30278167209654,-0.021698899678009708,0.44321810582092447,0,1
0.11378298377434738,-0.32794453957022585,0.3286958076906813,-0.22154379040845648,-0.16240559736442445,0.2692457712828998,0,0
-0.37479411910975685,0.36415158786093427,0.07455606195929172,-0.0745350069314011,-0.05285235371461252,0.15161261374742102,1,0
0.10961152276129812,-0.32848705383254867,0.3150598620991967,-0.22475098551586006,-0.16586154654218685,0.2736725728739972,0,0
-0.38338761313052344,0.3634975760257683,0.08721439553349608,-0.0636808349148756,-0.053611654156295825,0.15001690076768745,1,0
0.11363387968938268,-0.3257951052061351,0.32781705053496585,-0.2197365071948776,-0.16266604938587828,0.26788579380290445,0,0
-0.38634347994490686,0.3519641488810954,0.08943431508682126,-0.05975695829070306,-0.06838468339191069,0.13776860014450343,1,0
0.1184963491505693,-0.320562714369431,0.3445794580339666,-0.2139266609000605,-0.16427244109435638,0.26545332212261397,0,0
-0.38690105719052226,0.3412256323621404,0.09164826638334317,-0.05570428358426891,-0.07938295486670745,0.13454552193436617,1,0
0.11691909651865903,-0.32162915294803224,0.34334613641385503,-0.21261724564812862,-0.16634380051128947,0.2713267789668014,0,0
-0.3931541039913846,0.3418474649170908,0.09631092946146466,-0.046224576881428926,-0.07067765099286502,0.1445224731674744,1,0
0.11466878884290373,-0.3229865812167508,0.33710362295925234,-0.21393946080245432,-0.16592182934756758,0.27271665366378034,0,0
-0.3946137812470996,0.33835918239074037,0.09869038873748788,-0.04285063249950813,-0.07332749912094884,0.14102122219690352,1,0
0.11300900426921424,-0.32410683534900053,0.3275589734933554,-0.22062175692042882,-0.16709238966869117,0.27334207588563564,0,0
-0.39437740439724933,0.3350679138167501,0.10004122891619248,-0.041825392982432284,-0.07329376653078512,0.1358737628647754,1,0
0.11028665814148121,-0.32618789215165617,0.3192605591845338,-0.2225458323762658,-0.16657115691654253,0.2747853099672583,0,0
-0.39163539925833274,0.32400486675577966,0.09577822091101541,-0.04111856272516407,-0.08023946681830943,0.12659770522068114,1,0
0.11012773832096044,-0.32598089740402275,0.31910121326543534,-0.21985164308910662,-0.16843565120559037,0.2784200735358335,0,0
-0.3951867956528996,0.3217855517391148,0.0970230220682344,-0.03278210571605944,-0.07136765113819098,0.13882867308242622,1,0
0.11174786336329803,-0.32787847246100454,0.3236541752579861,-0.21985413479951904,-0.16509676117767702,0.2777541686020337,0,0
-0.3957063347928859,0.3157908212485165,0.09242599425114327,-0.03552311114108173,-0.07846343965920333,0.13010244377950136,1,0
0.10879634474079684,-0.3246498731290074,0.3141180463310304,-0.2234044996172968,-0.1696157518856612,0.27525203156525174,0,0
-0.3912334743263034,0.3208931057943156,0.09688974644997497,-0.03788191987055515,-0.08018488903363104,0.12812494101994146,1,0
0.11121470453830096,-0.32319194492661346,0.32602444535343744,-0.2179236116719106,-0.1693811950355197,0.27735463685941175,0,0
-0.39024702086551233,0.32561840000206,0.09843981006816267,-0.03835219115516485,-0.08024583151433344,0.13178208156300844,1,0
0.11111603480322067,-0.32538905552941433,0.32928224219274627,-0.21430106344611677,-0.16892708380011087,0.28384983806335234,0,1
-0.4204480597741159,0.29674348169710263,0.10205398819565656,0.004897575795042953,-0.053327359444516116,0.1585547037029518,1,1
0.1161159778759092,-0.3255968307158582,0.3416973404467542,-0.21357468243159955,-0.16211350681069298,0.27214076976123897,0,1
-0.41908239999436264,0.295117229202167,0.10155863746170833,0.0069579142143693104,-0.043765549645919964,0.1530455730175261,1,1
0.10968424091234753,-0.32759580223985096,0.32473394518098575,-0.21658190430758048,-0.167782673826925,0.2840981611788433,0,1
-0.41922441178300757,0.29272945049666516,0.10271244090679786,0.011878768660558621,-0.04030262162694286,0.16136567103568317,1,1
0.11375344924474388,-0.3274547290083174,0.3322651783337981,-0.21371358534172144,-0.1643276208129999,0.27832574349822364,0,1
-0.422255694140399,0.2966260807896401,0.10164307928086048,0.006749285777024653,-0.046305954577823064,0.15984128845037762,1,1
0.11289029687148609,-0.32491864950419375,0.3324037437744824,-0.2118781686318906,-0.16792249269207132,0.2789901489385872,0,1
-0.4214434460753923,0.3038918775105876,0.1028518177105101,-0.002888431908368372,-0.061788664445453924,0.15327832624387758,1,1
0.11265059718285536,-0.3241605394135443,0.3330852549250083,-0.2119294432630172,-0.16786003454703663,0.2766367541766414,0,1
-0.40973186460022787,0.30901063443905247,0.10929239162305934,0.004631836922475975,-0.045220769927066445,0.15832992920986402,1,1
0.11073593250597984,-0.32818622467782965,0.3199318223273179,-0.22168039169104006,-0.16733407244972107,0.2776921453414982,0,1
-0.40661460493039203,0.3221059851135248,0.11501301432876004,-0.0006395224400815888,-0.041838755835360564,0.15379688638677771,1,1
0.11225939372438577,-0.32343536069507867,0.33302656446098433,-0.2114693147391638,-0.17154810479700586,0.28244144595003023,0,1
-0.40469936837299736,0.31297786214208134,0.10878671360368172,0.004456285933897483,-0.04544081467534311,0.1587401114892228,1,1
0.1168334417703632,-0.32567220482843934,0.341472709157093,-0.2134071583974468,-0.16246884395498848,0.2701021812477868,0,1
-0.4018150655328605,0.3198579273500934,0.11365635595501933,0.003807881361554434,-0.036382837736400955,0.15418663778294472,1,1
0.11596670424195808,-0.3245539985180273,0.33943257509186503,-0.2119873977177204,-0.16297568065636348,0.2677314579736033,0,1
-0.4065333556413829,0.32266662359690823,0.11336365821225394,-0.002987340088122284,-0.04647568675860339,0.1518152455211085,1,1
0.11329252742506196,-0.3239411235684794,0.3317325602427278,-0.2131029690133702,-0.16737074856452755,0.27241927193599674,0,1
-0.3930122849149311,0.3180409715772091,0.11897884523799913,0.008126125229439599,-0.03464832409107138,0.1617355299557316,1,1
0.11271049497470574,-0.3254287547617929,0.32930314162371116,-0.21689377687060543,-0.16658116822956776,0.274964008942011,0,1
-0.4053139751253978,0.3188553908176849,0.11292218003114737,0.0014605554946928183,-0.04055234242303181,0.15482241845284844,1,1
0.2750669382380367,0.20148639867130202,-0.07216532501540945,0.24205909625633856,-0.08053264699641755,0.427226916080575,0,0
-0.34610637667425925,-0.31052524658485076,-0.013041197809919127,0.24441039291354505,-0.34289686975213235,-0.024607891035298146,1,0
0.2695545672851776,0.18528445578955183,-0.02877736743231995,0.27258711231716354,-0.0990187826919732,0.4428205951401906,0,0
-0.34428083439948726,-0.3074691611082933,-0.013234399317097887,0.24740799909488942,-0.34782021257887097,-0.024193156621117075,1,0
0.2761504581248632,0.19936052894465078,-0.06481364930613123,0.25372022521648785,-0.08327249958795867,0.4411438291591436,0,0
-0.3546906673026658,-0.31073410846378496,-0.023675425887484173,0.25015615411309716,-0.3681880053618417,-0.02729763623547167,1,0
-0.3498004711234924,-0.3052138733674613,-0.023759334634273217,0.24773401596862374,-0.3783202890407565,-0.030518099193633144,1,0
0.26800196289797634,0.19626320324178168,-0.06500346923450162,0.23935037837222123,-0.09229736021411347,0.4356342564592735,0,0
0.27502669653532996,0.18735553594548257,-0.03643225051160165,0.2808463865831981,-0.09012367802664338,0.45022012441671755,0,0
-0.3455333908492422,-0.30924510878899736,-0.0137642802983691,0.253919332278844,-0.3641063431924371,-0.02175319029717949,1,0
0.2816616019050541,0.1992888971441672,-0.055657638598353446,0.26258293660106563,-0.07878025473394815,0.43872818509008227,0,0
-0.3518092199493778,-0.3186476062093956,-0.011549247025131455,0.25517324556205123,-0.35473739502303525,-0.025527344984968434,1,0
0.2751522130469701,0.1934860400800074,-0.05407260180298119,0.26425146035309244,-0.08720566891974155,0.4454857287833082,0,0
-0.34256364725083066,-0.31270282733233046,-0.006184829219069762,0.25552980842492684,-0.35755885863433906,-0.021236805373347878,1,0
0.2755243347422907,0.18387981353181565,-0.02706116654787643,0.2825131151981339,-0.09391416458927307,0.44310380498749097,0,0
-0.339665155323963,-0.31153503171411845,-0.007044494309177927,0.25461781166530534,-0.3569980148868654,-0.026532952182118485,1,0
-0.3363418165994754,-0.30878764145030824,-0.005383574166503504,0.2532426028440595,-0.35912770130155597,-0.025436646476394653,1,0
0.2731601851294387,0.18939811620704963,-0.04142257466640322,0.2703324478070469,-0.09168969584617076,0.44632062441724496,0,0
0.2746323520921918,0.1809389061012707,-0.015340697093909693,0.28972602854852675,-0.0953737015100088,0.4418048728132501,0,0
-0.3422952962937844,-0.30954398432722585,-0.012756975963195858,0.2539711544511379,-0.37185106837157367,-0.028722243982345925,1,0
0.2710013756826401,0.1854031144969373,-0.028538518387152108,0.277307057810403,-0.09655007408485794,0.4471372355639312,0,0
-0.3443397210168619,-0.30895022915501247,-0.016276957158157128,0.25457226177271214,-0.3801136585538858,-0.02902736698472921,1,0
0.2735312475110833,0.19002008201281925,-0.03857810853657949,0.2677842624931232,-0.09204991659945132,0.4453477328329416,0,0
-0.3452735899485745,-0.31118882820945315,-0.01777718717145193,0.25365014843012845,-0.3796887169533283,-0.03231539333696635,1,0
0.2721054045904787,0.20454772812077632,-0.083956090089092,0.23360966243281767,-0.08039545792363667,0.4282470435866503,0,1
-0.3375546462345089,-0.3061061595199322,0.0011263159163504963,0.26823909036353416,-0.34483095774856687,-0.03973706061718976,1,1
0.2691285733478157,0.2045746858330791,-0.08445224557526032,0.22702529710496425,-0.08367278683415787,0.42714473755943805,0,1
-0.32633712720600305,-0.3016027299502463,0.010110786369096266,0.264493936488694,-0.3375890871718497,-0.038752567746499274,1,1
0.2632632643319162,0.2027696118602634,-0.08053870700821346,0.22007222167859436,-0.08914333523929345,0.4280613992747802,0,1
-0.31968075736192747,-0.2982030235423703,0.014522410795517337,0.26117559474906665,-0.3360080135798575,-0.03851935922628561,1,1
0.2769881707092883,0.18518042876606597,-0.02583854803467101,0.2792812966312913,-0.08921264229375171,0.43187083420896477,0,1
-0.31676433970718415,-0.2963022280221692,0.01663100951448863,0.26014753599830603,-0.33610981918566313,-0.038232629485051565,1,1
0.2847856391516035,0.19242507015634003,-0.034420176779592915,0.2815076743469731,-0.07875438308405312,0.4309242397135516,0,1
-0.32179910369833453,-0.3024988367598787,0.016097817244233995,0.2627539382823668,-0.3291325555373457,-0.04019183990626864,1,1
0.287031244537559,0.1852317665827468,-0.014047835009459763,0.2984047996016891,-0.08056712108545228,0.4263829500246485,0,1
-0.3209290928415449,-0.3019201330743048,0.016098561684632078,0.2619945751209785,-0.32948022229862345,-0.04097623194728565,1,1
0.2796317332679939,0.20465444849181313,-0.0727000828665206,0.24814146319961486,-0.07540067824695174,0.4314207107912117,0,1
-0.323534440512334,-0.3046449116339461,0.014567928474971186,0.2643931929568012,-0.3288286708964301,-0.04070786004536989,1,1
0.27801836612745406,0.20374190503208786,-0.06928058289192286,0.24868916878118422,-0.07758812638437904,0.43170415819302665,0,1
-0.32389422916144206,-0.30442039024234857,0.013704991128748697,0.26413520607096547,-0.3314038840086149,-0.040729471677498456,1,1
0.27779266124406016,0.2046302915462794,-0.07095691398782432,0.24852902643712593,-0.07735621116791251,0.43228804714045843,0,1
-0.31852002157027665,-0.3018604140783095,0.01854105084519367,0.26204124347063906,-0.3237608431374095,-0.039795614640200545,1,1
0.27865780077175356,0.20553442799830082,-0.0768274246546672,0.2409077631544756,-0.07498884934391375,0.42455268877978175,0,1
-0.3172843179449857,-0.3007730658639972,0.0184564736721045,0.26045505859382195,-0.3224775462170246,-0.041832958320486766,1,1
0.2748072126302547,0.20291996913124852,-0.06937213426088647,0.24626252969150295,-0.07967621555067321,0.428629320042668,0,1
-0.3144197098672153,-0.2979038231205382,0.019861372831869183,0.2596582767487576,-0.32597338493209527,-0.039560057960708064,1,1
0.28288467060046846,0.2023204582172021,-0.06459935919545316,0.2563359366150931,-0.07486445791037813,0.4309769355348266,0,1
-0.3225017954280188,-0.30527960582857494,0.014453463175365666,0.2631767514466004,-0.32504698877367805,-0.04283607636813801,1,1
-0.3476003600908468,0.265740253734315,0.11118815578276793,-0.002339487418678875,-0.1314047036405248,0.16501692531329054,1,0
0.06550496587373168,-0.24436453373497385,0.32130098228284715,-0.14179612352021603,-0.2808781242669104,0.2503313333592661,0,0
-0.34676862597962244,0.2670071983335345,0.11112546589245123,-0.0035383543060596395,-0.13357618161045465,0.1629030657487419,1,0
0.06844926808902188,-0.24119402093890313,0.3303213606959266,-0.13790962102934973,-0.2789818966979882,0.24406134932405776,0,0
-0.34997594479581123,0.2786035372573867,0.11548244568665893,-0.005700700469959364,-0.124358306337893,0.16247780290420902,1,0
0.06822995833868004,-0.24672671953093553,0.32862365633141144,-0.1433594668039186,-0.27641808151622793,0.24695353212677298,0,0
-0.34511583802519685,0.2853740032277892,0.11934571989281768,-0.006869124932022213,-0.11901150988675299,0.1599775304621065,1,0
0.06682136731105477,-0.24970188511312916,0.3236452261602512,-0.14725749658077134,-0.27521338453306465,0.2478138056765017,0,0
-0.3446393783449605,0.28620772963075,0.1196439319670399,-0.004976613976296574,-0.11849195281043275,0.16758634395121086,1,0
0.07116089328644093,-0.2442030317842062,0.33771152514114894,-0.13923495487900447,-0.274817915379802,0.24195984492569217,0,0
-0.3473636371916281,0.2883018690590585,0.11927772286655608,-0.008818934101749894,-0.12545736853604658,0.16522175372724265,1,0
0.06723328026230357,-0.24713526326149207,0.32669466302570543,-0.14224353256786856,-0.2765845106088742,0.24767001904998476,0,0
0.06473637745414636,-0.25188451672434026,0.31993399261899763,-0.14581376022220255,-0.27668441461770704,0.2520764671252393,0,0
-0.35035276511300406,0.2871217224569694,0.11687338244033042,-0.009865184367838713,-0.12545150086550444,0.16543652394031413,1,0
0.07235195423564526,-0.24219819576119786,0.34181658000333937,-0.13722579453953226,-0.27478724114128394,0.23882134788009013,0,0
-0.3487995039233509,0.2860804010537245,0.11826093769968736,-0.008078494169245816,-0.12370125136745085,0.16831349023301545,1,0
0.06800025904769479,-0.24784620730841622,0.32806168743062014,-0.1428625971892039,-0.2759859896379862,0.2467927841025342,0,0
-0.34910481228621565,0.28481903916692325,0.11735796765824627,-0.008784626613123485,-0.12588282510858956,0.1675163911557602,1,0
0.06734396518251944,-0.24900129948932567,0.3256268617706979,-0.1430421066227581,-0.2764073284891851,0.24797404006996765,0,0
-0.34858006597330626,0.28420062738631424,0.11750046489453711,-0.007182278705231226,-0.12471073792841164,0.1701626959938972,1,0
0.0686499878614752,-0.2486719277707856,0.32845675117292983,-0.14403584638115108,-0.2748339588682755,0.24443320971435176,0,0
-0.34610802136714597,0.2870304668724931,0.1196817368884662,-0.00848668706327139,-0.12334417503999938,0.16729129378490376,1,0
0.06451447441211555,-0.24618961339621898,0.3194422483581018,-0.14428727108351752,-0.2799926302143649,0.2502413196318353,0,0
-0.34522137186782414,0.2857930044972423,0.11872479716650125,-0.009409085159245928,-0.12603417477509196,0.16700565403336207,1,0
-0.38037246153160087,0.21793352440974814,0.0948074115400308,0.036812753049500165,-0.10752204315970187,0.1670738303010647,1,1
0.07255954427026874,-0.24674554431530607,0.34415272953701115,-0.13912213784399177,-0.27192836187108194,0.24144455775337362,0,1
-0.3774278747232927,0.21901416089755857,0.09869267276460851,0.03975905462392232,-0.1032998406112636,0.17372714412225357,1,1
0.07301775325849462,-0.24645116223569039,0.3456403239309643,-0.13737963308789217,-0.27210804179567044,0.24068401492745725,0,1
-0.373643094870444,0.22559608370572387,0.10468179468623501,0.040506338909308076,-0.0920338286391771,0.17206171466541026,1,1
0.07948827010337836,-0.23651906888378543,0.3667320895008358,-0.12900755232223446,-0.2697208383619626,0.2235889996398069,0,1
-0.3695580607028394,0.21706564360846264,0.0981955236393528,0.038962228911496,-0.11215319072165572,0.17098314849980475,1,1
0.07841127386243348,-0.2355559921991309,0.36277550116403046,-0.12622349215754433,-0.2726013635070769,0.2241760613381647,0,1
-0.36685500281129785,0.23674344282321327,0.10881604525283854,0.03536676125258794,-0.09151429648175793,0.16987908912404925,1,1
0.08080459210837462,-0.24083947254089938,0.3670379364032613,-0.13306600817643843,-0.2672693643446276,0.2237854019937946,0,1
-0.36056184443531625,0.23220215445859468,0.10878831977579138,0.03967157528445032,-0.09406028962746674,0.17537619638433097,1,1
0.07537875936585171,-0.24540492402912412,0.35012580092783013,-0.13633102622542,-0.2708686843754657,0.23703063506626568,0,1
-0.3632756553061246,0.2388475528593501,0.11068674936399767,0.03574361213760216,-0.09002661273270479,0.17147818477331478,1,1
0.07124783260914046,-0.2510192507295212,0.3374463508387604,-0.14496551298629654,-0.27214393325464553,0.24686365913083474,0,1
-0.36608736101210493,0.24001119383010888,0.10983361659292921,0.03509566784054575,-0.09135417733749208,0.17144900722609713,1,1
0.07584561542591246,-0.24737706011405025,0.3521264110239643,-0.13898889478649473,-0.2688903202570641,0.2364098021610921,0,1
-0.36117531658459434,0.2334565771035764,0.10851804196232183,0.040266671671578165,-0.09009916347915746,0.17493079960233046,1,1
0.0728508615526766,-0.24592669756166227,0.3449862719923672,-0.1376883009292012,-0.27275979908071263,0.24134321563889896,0,1
-0.36730450342076904,0.230001618893854,0.10237504765483012,0.037215684353155004,-0.09931024283877803,0.16986929677239704,1,1
0.07255594767395308,-0.2451470859080936,0.34459489579096486,-0.13727304864916065,-0.27323735703795926,0.2406130832485048,0,1
-0.35973659749136644,0.22838872551844322,0.10512205095585404,0.03758373965299242,-0.10298293799343633,0.16973449743856756,1,1
0.07271470770910121,-0.24394384527367216,0.3435722389443675,-0.13695826130529226,-0.2738137608844174,0.23782161499320498,0,1
-0.36997770310886735,0.23355087442646494,0.10367172468074247,0.035658070130874235,-0.09550163082221995,0.17050393384838036,1,1
0.07515725472517108,-0.24944381268891874,0.3493220469425863,-0.14055052471691254,-0.26901508601249635,0.23894714973658887,0,1
0.5581011886482169,0.05407738457623105,-0.13918382911925503,0.21496021491196426,0.1957389442806537,-0.07914993217652636,0,0
-0.4758868360927206,-0.22493540145671828,-0.14926716879401455,0.04493259033238103,0.3295627754375841,0.020046365475355418,1,0
0.5502133572646312,0.05361710612420799,-0.14005361988644166,0.21390013080577883,0.18910157673501096,-0.07653177236731708,0,0
-0.5105725493751933,-0.22424842558925162,-0.16301800444457304,0.06073383822889823,0.25848179952287303,-0.002576648326047157,1,0
0.5532293613684803,0.056509253049881775,-0.15804487248757781,0.19939083934522805,0.19303235208089717,-0.09793906653321494,0,0
-0.5186499895974712,-0.22308363718574611,-0.15004428671095962,0.07772213997378175,0.27415623403274,-0.028119772455918197,1,0
0.5415197368580202,0.05321993855096406,-0.127632923404434,0.2202775449950253,0.1833429618506172,-0.09240659523381421,0,0
-0.5203223351826224,-0.21430639844474222,-0.12130016738936922,0.09551849798205422,0.2860882702991132,-0.003781252948709304,1,0
0.5415038381222732,0.05605611416179363,-0.1481892188230495,0.21386545612747868,0.178833611392145,-0.057501243701107256,0,0
-0.5255657213650731,-0.2208327469930532,-0.12532522908355778,0.10718552528921206,0.26038701559572947,0.015178862719766682,1,0
0.5425852208978372,0.059703188323196155,-0.16728422036449703,0.20661340754757584,0.1769673795349057,-0.06589714993413703,0,0
-0.5087020984423468,-0.2213674118398337,-0.11329866732473273,0.11677334810751129,0.28553895716115146,0.0018267685687548903,1,0
0.5614801100652166,0.06169163994113441,-0.18063505049991158,0.18486102598943918,0.1970563876199016,-0.10079069404886525,0,0
-0.5288689885610528,-0.2225955333662397,-0.12446681663738635,0.0995441083816455,0.29503476141274637,-0.026667618180699328,1,0
0.556659325297362,0.0629920052509929,-0.19087843404741237,0.1827943821860928,0.18953191223467464,-0.08685423720330351,0,0
-0.5159627142366706,-0.2276659562176384,-0.11131370538264265,0.1073007364261302,0.31045603819509093,-0.002710539210412657,1,0
0.5450768615422189,0.060864284966429705,-0.1613250247203364,0.21020050565967013,0.1827073341125945,-0.08007167462609428,0,0
-0.49616128140191457,-0.22811882434218012,-0.10030579337277304,0.11114767104972322,0.31578363781414565,0.007755181909753252,1,0
0.5559193184739152,0.06303635006402462,-0.18185266582080764,0.19026362961206442,0.1927107658402891,-0.08742163321430185,0,0
-0.4894095682194965,-0.23631446842635642,-0.10047638487752002,0.1005876445319288,0.3381690414993742,0.0034707627400357936,1,0
0.5591427064884288,0.06535581472062461,-0.19237884609946126,0.178065120676916,0.19429333748833344,-0.07682652684638201,0,0
-0.4965970726057857,-0.24750078222566171,-0.130562337029496,0.08863940053494282,0.3171632005605218,-0.011929265340748039,1,0
0.5537118713526961,0.06349390131971702,-0.16915180784406206,0.20435975091683156,0.1891258027262511,-0.05945143231250376,0,0
-0.4743786449885328,-0.24887009040129235,-0.10910691465989512,0.09908087810254086,0.33556016168276104,0.011499278994166374,1,0
0.5098908643661374,-0.10453764209270307,0.33621755819568167,0.1696869972915781,0.16742422057598758,-0.14787760343521397,0,0
-0.40187494987809524,0.6126519902039318,0.0998435647170176,-0.14585322546926788,0.08540524072389945,-0.06954940404747773,1,0
0.5047724589519094,-0.10355338613507153,0.3431091507273651,0.1800798542880961,0.158874007620539,-0.14003823453060088,0,0
-0.40238280710320545,0.6071790928097166,0.09978903643133996,-0.1385915494144965,0.08632095406508719,-0.059429187349255334,1,0
0.5144302372279528,-0.10384056939092463,0.3239850022169041,0.1724273743163352,0.17496239303189184,-0.1406553207489737,0,0
-0.39684549250440265,0.6124467092352371,0.10103102876624544,-0.1372749776617779,0.09042764086163604,-0.0610804814422265,1,0
0.5207253130675844,-0.10451806555850016,0.31349532690595683,0.1678738151498215,0.1844017875302462,-0.1324485443501622,0,0
-0.3900982187282961,0.6171092860859904,0.09887287222706521,-0.13240395184717615,0.09848437593975713,-0.05543521991526479,1,0
0.519925621891424,-0.10405592204778077,0.31071856015369037,0.16758778405508754,0.18441953030407737,-0.1344297447180499,0,0
-0.3810458842658028,0.6173288770948415,0.09849619555283329,-0.13383337137154835,0.09106747667028248,-0.057916402763651356,1,0
0.5235428796590814,-0.10421380601768289,0.3044550718784144,0.16641681592851257,0.18655257413990495,-0.1284797642858429,0,0
-0.3720242782004794,0.6243966861234628,0.09883651829478353,-0.12466482456671502,0.09898007806342969,-0.043862905411203475,1,0
0.5182671049467114,-0.10550543983331045,0.3334161941439585,0.17150889250622395,0.1729256254832287,-0.12640065496793204,0,0
-0.36438913001898027,0.6312251171855653,0.10367055116876907,-0.122080198304943,0.10029454136313791,-0.04090641371661675,1,0
0.4885195325034171,-0.10306948408423482,0.389005268532336,0.19535378871055592,0.12658503544958816,-0.14314772534299688,0,0
-0.362053440885296,0.6301177818710425,0.10418945740423129,-0.12294197918293831,0.09586035853397433,-0.04539331736631163,1,0
0.4922085004637066,-0.10135234012340552,0.3668447071444658,0.19093305300822108,0.136345808512683,-0.1448274771857148,0,0
-0.3628250314140924,0.626117049693174,0.09867508677157145,-0.1251036221791011,0.09293543082299935,-0.04610687963050657,1,0
0.5049435901218571,-0.10298344303747804,0.34284270593009813,0.17896688475789604,0.15840640824985228,-0.14482494421274608,0,0
-0.35700894532660715,0.6297752374617127,0.10312061815291104,-0.11516716017438283,0.10621913791572832,-0.040369696536187015,1,0
0.4211283347574808,-0.09144188375140189,0.41857668942690845,0.20334626201771666,0.04574391451648846,-0.17808947896451685,0,0
-0.3613911960417026,0.6345313499840693,0.1022720146800351,-0.12299073761814319,0.1030437138530338,-0.04655088996217376,1,0
0.4850874260200982,-0.09829844675455297,0.3636070805593818,0.19649115644674592,0.12863641491937786,-0.1497030108298547,0,0
-0.36550935155949754,0.6220888397401482,0.09385179757414569,-0.12475738714500938,0.0950491097721632,-0.040603673990544695,1,0
0.5038629366896877,-0.09988868861807224,0.3357567482172605,0.17815107312104425,0.15606845766603483,-0.14678760152921208,0,1
-0.3663427268293915,0.4406352764256666,0.09844509100524368,-0.14735124753489948,-0.09855469578155886,-0.07534940768029359,1,1
0.5311220469319565,-0.10370779170584614,0.2773077731725631,0.1449194616528434,0.19741751653367715,-0.13363258897003294,0,1
-0.3324538406683526,0.390872445006252,0.09200071295487618,-0.14102723230564487,-0.1397883428057564,-0.08715987138890754,1,1
0.5353258072231684,-0.10192867079141363,0.24707121791678027,0.14113561789000212,0.20837764846385282,-0.13222673592657636,0,1
-0.34319991347872997,0.39795374465576266,0.08628702178921259,-0.1405590175680822,-0.12455729188986428,-0.08179078815903747,1,1
0.5297027883158272,-0.1018763274816181,0.27581869515232477,0.15421613251404925,0.19442768724807655,-0.1280691287247354,0,1
-0.40028971718916406,0.48619386269019377,0.09585676012460084,-0.14680945377282414,-0.03378492698788322,-0.05897125412104938,1,1
0.5356579674261355,-0.10213119571471023,0.2515541456526286,0.14144634568893394,0.20612492322258721,-0.13212973621732982,0,1
-0.3893116931250236,0.46834697247812684,0.08641533036063646,-0.14966713447523053,-0.04956451767419355,-0.06915283198666926,1,1
0.5034069985750651,-0.09864715879739666,0.32502458483111185,0.18052498021434826,0.1551121529963612,-0.1473010300732568,0,1
-0.4062732293696245,0.5024214695092833,0.0902112026152533,-0.14336339472781015,0.0007867724486923017,-0.05318652054568789,1,1
0.4972970403091586,-0.0993317591312046,0.32852567882964223,0.17496845104628694,0.15082503766719374,-0.1555302441509888,0,1
-0.41534305775346414,0.5293203630353016,0.08609101726103144,-0.14526778469521473,0.03305599881150476,-0.05149797013727358,1,1
0.5055568632540899,-0.09902063846139325,0.32517222747421565,0.18340596459979927,0.1576517787517801,-0.14062915579413257,0,1
-0.41197461940902586,0.5502879259227806,0.09821924952340574,-0.1128186838022148,0.09839835749355667,-0.015583091829889316,1,1
0.5364615900461354,-0.10404626624286763,0.262325250899456,0.13761422909037632,0.2072498363894574,-0.1402146717379124,0,1
-0.4133114689925666,0.5604439511797122,0.09640759761511185,-0.1284500368151271,0.0897383203555663,-0.03606893594355753,1,1
0.5107724444935148,-0.10084873952345903,0.3241838948780786,0.17766042860424006,0.163447709962061,-0.14130092001161842,0,1
-0.40566652332518005,0.5547521781532023,0.09967281363071748,-0.10868476266947344,0.11027107524616303,-0.013770729715044477,1,1
0.5279212388247566,-0.10595971739122294,0.27650680134852795,0.12176321641927777,0.20044749110036375,-0.1604936252178607,0,1
-0.4001531744428731,0.5737896337508042,0.108650422668531,-0.12740361265322736,0.10377237048261946,-0.04886855302837,1,1
0.5235247300746598,-0.10515351839183283,0.3045361821042072,0.15052318013960922,0.18509621311611826,-0.14632732586444822,0,1
-0.40471076872658357,0.5691708423935536,0.10560298394019883,-0.11810554934132443,0.11017129553758025,-0.02991132313122977,1,1
0.5330975949250311,0.13157468043156115,-0.1238955884062169,0.38298229744087153,0.13645148022251574,-0.05272996605297064,0,0
-0.3393748776197181,-0.25651726849993317,-0.12804866568166057,0.0027758899561599894,0.40784267409102637,0.05091715224433252,1,0
0.5448925478218499,0.13587439095898757,-0.1401547600023595,0.3648693237832171,0.15113636990549284,-0.06510406535149861,0,0
-0.4021758689082751,-0.264572906843212,-0.1632334192303576,0.0014529810927643681,0.37852474967870386,0.00700344016814237,1,0
0.5483853185426284,0.1368693366248908,-0.14069779885449002,0.36084034552605243,0.154373640204738,-0.07077982353868492,0,0
-0.4158723084058025,-0.26317072054355606,-0.13503337560270853,0.026068924047547192,0.39430950275309173,0.0008032062334081561,1,0
0.5411340101472034,0.13317887407568288,-0.13281655029495748,0.36576369763358535,0.14931827975751003,-0.06673545453142046,0,0
-0.43043671011123136,-0.2610110513403998,-0.13633956156425925,0.03626127493614715,0.3770544925341119,0.006050279114359941,1,0
0.5436022164695374,0.13884055998931993,-0.1512547749988676,0.3661355935701803,0.15011736853192956,-0.04896178251585184,0,0
-0.4186957555750341,-0.2613188764119525,-0.12868059716350097,0.049628387765301665,0.38577438056217767,0.010503620061815192,1,0
0.5447268154058553,0.13705288126730011,-0.13943189702970166,0.36895155243058136,0.15234175674102804,-0.05762786598807969,0,0
-0.4268654796965289,-0.26011503240337575,-0.13654046893943453,0.04075914565781556,0.3803826143410893,-0.0010364739790367564,1,0
0.5443731810749444,0.1332956731637228,-0.11604775922095523,0.3841525192542534,0.14923628254727045,-0.04749468084850737,0,0
-0.402200092800107,-0.2627885768531705,-0.1181354178456622,0.041639763687874976,0.4074903805034021,0.014010686274465247,1,0
0.5315055907097818,0.12454364100510018,-0.07847949913894539,0.4040874740872974,0.13572599400723562,-0.028496310263736013,0,0
-0.3885530225714291,-0.2680028941308241,-0.11544298941670679,0.04240380045054686,0.40132884713098266,0.038871530118026076,1,0
0.544446562926265,0.1321159294341495,-0.10832089707492437,0.3906395582126028,0.1478771502524441,-0.04849042101217916,0,0
-0.3554258690730343,-0.26760076943392774,-0.09161175547545096,0.03625977508006678,0.4345610995169966,0.027832968153698096,1,0
0.5352892009390003,0.129449789700188,-0.10917978789953119,0.39356266317045846,0.13979506244501122,-0.041498580176680434,0,0
-0.3496443693479018,-0.26928649458218773,-0.10009892482544011,0.0378736671137069,0.42382589719691427,0.04192259447689929,1,0
0.5518197741396488,0.14421011370841372,-0.1738795145978274,0.3474541352932791,0.15671498482033855,-0.07232632430899723,0,0
-0.3273463371745126,-0.266494002637633,-0.0752807654893717,0.03169661110291528,0.45502426619468933,0.027479181571583237,1,0
0.5469507291652055,0.1443716652863086,-0.17699635559743349,0.35011141405224644,0.15266861529852682,-0.06151927794234123,0,0
-0.3061255888617499,-0.2563705734872052,-0.04448746176982591,0.04334799245693417,0.4571132463460344,0.05182561035907697,1,0
0.5488426399551029,0.1481458761345444,-0.19102332914019057,0.32058428326227423,0.15762166009379922,-0.07430043469295193,0,1
-0.4795516511619794,-0.23330379845304305,-0.1304123331803358,0.07051503027404188,0.3588163642128186,-0.015140056198790327,1,1
0.5454222252248859,0.14519221560343398,-0.1786436596827587,0.3371252211114222,0.15374119120139892,-0.060194340729914246,0,1
-0.4866419818514963,-0.2344804626467882,-0.14930124742460754,0.0660004345227479,0.3349447984768381,-0.009877545660531123,1,1
0.5462001671436622,0.14111023287159977,-0.15848174452610078,0.3467506686904836,0.15232958794246523,-0.06975897598949247,0,1
-0.48260655417439896,-0.2322094144326417,-0.15627022458169637,0.05343270635481544,0.3300452023707377,-0.0207635143029335,1,1
0.5521821199739788,0.14728467383425584,-0.1887579513858528,0.3206838051293978,0.1579776974012565,-0.08709771856760236,0,1
-0.43895172220480555,-0.2258352335113591,-0.10722115380695929,0.06105745798919141,0.3970639008441377,-0.006415527460358995,1,1
0.5511431073839893,0.15065540713036102,-0.19142199160061094,0.3050674183916715,0.16035378076029932,-0.09400818362109693,0,1
-0.4134901145587751,-0.22267483091568427,-0.09171406368093708,0.05246147620784754,0.4148184245451124,-0.01543716399182771,1,1
0.5325056529223381,0.14920416767077116,-0.19689824211899584,0.2553749361277161,0.1490603904218324,-0.13860606939780828,0,1
-0.3771611603617593,-0.20438602635211417,-0.06815999378858563,0.032567185858647554,0.41189895896997525,-0.055147545354139446,1,1
0.5488677327797707,0.15074333217131552,-0.20093647717306523,0.3132241065772886,0.15684765430118125,-0.08572926279678736,0,1
-0.3908952098642898,-0.2226898651186368,-0.0690040587259974,0.07001410252784773,0.4338935472309581,0.00885279472827705,1,1
0.5454496599699877,0.14390777465614013,-0.17166763228421628,0.32556059591692577,0.15551378688232165,-0.08888850516500821,0,1
-0.418841160037228,-0.22379188036140343,-0.1065365684357727,0.04997607611390486,0.41217596302089515,-0.010550147762800758,1,1
0.5495846675961711,0.15285976207601382,-0.19619928877554974,0.3135714334281721,0.15919286609137984,-0.07888397676237278,0,1
-0.40815560084915214,-0.2255110765220141,-0.09253519166740833,0.05854804147186375,0.4253326747426651,-0.0010635624312310375,1,1
0.5486309976332637,0.15709884379611977,-0.22583085475030046,0.27044568342573455,0.1574291069516384,-0.11118888709437123,0,1
-0.3895441129000436,-0.22151116260391732,-0.08028747011172711,0.051101243601481834,0.42955998149926095,-0.02632545326125955,1,1
0.5484580043378963,0.1557761593687252,-0.22265523921843863,0.27957384049821443,0.15788155322865777,-0.1080942124813833,0,1
-0.40865612812911195,-0.22947535915465817,-0.11186536660161589,0.04713146027326188,0.4101174279554484,-0.03726204499924913,1,1
0.54442090784078,0.1499837575795072,-0.21351705974336005,0.3152460617313957,0.1501986670006493,-0.07781421983986511,0,1
-0.4091899409396016,-0.2385045023345176,-0.10688638103642208,0.07609927272879123,0.4081516939680242,0.00044199084510594975,1,1
0.1571754352226562,-0.07167310977053666,0.4725424091474924,0.10459425352531553,-0.2944165992450071,-0.1917797767892862,0,0
-0.37104318785120033,0.5871040977387822,0.06262109203214528,-0.13851086748791527,0.1376659622916192,-0.03501359708389337,1,0
0.07011609903925996,-0.02617679745293413,0.29764877369295206,0.07599060149995877,-0.3294120428791914,-0.13999344664065402,0,0
-0.37405357611992135,0.5867707403488857,0.05922043248778236,-0.1458046090140941,0.12874210197313413,-0.047300605561679074,1,0
0.12032669785488816,-0.05317163531009957,0.40679982879581034,0.0936729736278442,-0.3156802077010883,-0.17527503865803187,0,0
-0.36713817981661045,0.5948991871498754,0.06097678276875484,-0.1411811804394807,0.1376570413546029,-0.04724481209722489,1,0
0.05248300017829146,-0.016252974734870466,0.2509663923665108,0.06731829223143353,-0.3246632196122705,-0.12139580420491364,0,0
-0.3479544641852997,0.6027763908620825,0.07020466902567656,-0.13358237442411167,0.14142189315600145,-0.05507317951190001,1,0
0.07712105176522815,-0.02989861944275124,0.31363699016387864,0.07887688503019911,-0.3281134266119865,-0.1465514748268906,0,0
-0.3448320900999393,0.6024811720423013,0.06920465487041669,-0.12631847512775732,0.14002978555712978,-0.04048413484756166,1,0
0.1676951471418624,-0.07669156847895509,0.486117411727407,0.10563436634461158,-0.28251755023269126,-0.1962152020697058,0,0
-0.34199396985832975,0.6028514198377916,0.06531937190240299,-0.13738885098958709,0.12549361405174975,-0.056498899215753545,1,0
0.12577518815095248,-0.05639284893516951,0.41457786929992163,0.09226768514102575,-0.30754369752397015,-0.17755603248832108,0,0
-0.3351181655052359,0.6020213570748773,0.0681661824034921,-0.15326429074580397,0.0980749930531564,-0.08716743073883407,1,0
0.17195493375004403,-0.07855206141650846,0.49378545069873314,0.10887572658111584,-0.281812180880356,-0.19611786177134832,0,0
-0.33857305032644375,0.5982445571117992,0.06399406263295887,-0.1275823293986483,0.12451436804016411,-0.04212816722591522,1,0
0.19843638177852374,-0.09157123112486715,0.5340617959912028,0.1159533474361696,-0.2633414306911465,-0.19723306328606222,0,0
-0.3445941244311145,0.5889990637430553,0.05954767020317431,-0.12627103986083554,0.1162274800146607,-0.019690885139088378,1,0
0.22115820929003588,-0.10232691787348233,0.5600151564467274,0.11719770072019661,-0.2372885241404675,-0.20420104282276125,0,0
-0.34634271284304324,0.600639099386776,0.06395438418307796,-0.13492878337482775,0.11436065349906338,-0.039101827760760204,1,0
0.1664610728308979,-0.0765614181859075,0.48790435421491274,0.1065179364836599,-0.287676484932579,-0.19264485314709995,0,0
-0.3470938649559861,0.6048933490669105,0.061165671537666735,-0.13219391126906554,0.1273811695718695,-0.04059547377071935,1,0
0.14334755009306555,-0.06443838170289243,0.44985978245276387,0.10322845847828487,-0.30611846756545635,-0.1843496943266357,0,0
-0.35154835482917524,0.5964236054662387,0.06026053160600611,-0.12665402641442125,0.12244359228446768,-0.01977409950231328,1,0
0.0968779548876435,-0.040181085367663134,0.35839735850921,0.08810538404393527,-0.32634393659357236,-0.1614800435340854,0,1
-0.40574984585410706,0.5640447221436523,0.08838798513723933,-0.09496170673336694,0.15410815559292376,-0.011682552067683344,1,1
0.1359511861417486,-0.059748862857378904,0.43286007015693606,0.10211219463046727,-0.30788540164172357,-0.1834479981830178,0,1
-0.40756738546519483,0.5486006668668844,0.08265014796506066,-0.1025580180175638,0.13941409976914737,-0.017715866876686824,1,1
0.08567407586722389,-0.03430548354300025,0.33414814120912845,0.08374836084511993,-0.3294408893848156,-0.1527122990952242,0,1
-0.4109512377654914,0.5466420562008383,0.0722380201374952,-0.10005658873269364,0.1547148121842838,-0.00513792777709215,1,1
0.1283449873868009,-0.05648936932327804,0.42119816848744834,0.09881977100874113,-0.3133442317125616,-0.17973761590720688,0,1
-0.4050090728585877,0.548469441715347,0.0693992106115547,-0.09484954292654989,0.17383873020434268,-0.015024288687685664,1,1
0.0915909108968789,-0.037657655588102544,0.34620577959607957,0.08452307052682559,-0.3255681586883263,-0.15787791590699785,0,1
-0.40632530408694595,0.5608957877372777,0.06844796004256126,-0.1155516294306504,0.16291092880920652,-0.04178154653191911,1,1
0.136936421257768,-0.06069567153422692,0.4363995809043485,0.10160172090639329,-0.3084247166039258,-0.18360811691188256,0,1
-0.37739916606491014,0.5490899402147795,0.08261978344099474,-0.0647537881980703,0.20784634142508066,0.008122820111101227,1,1
0.12984267575707126,-0.05754282069461098,0.4241842899980133,0.09804273267619358,-0.311880306548174,-0.1806640212294034,0,1
-0.3762272442357394,0.547759061851924,0.07841903678495109,-0.08233210508840574,0.17940958051037217,-0.00022373758147096041,1,1
0.13334227659329273,-0.059405984122508824,0.4303752584828889,0.09859034634770991,-0.30934076564737534,-0.18214984140176338,0,1
-0.38249120543818294,0.5538069852180628,0.06025924176000467,-0.09513018912375162,0.18656985529400466,-0.016518524188801027,1,1
0.09173961783507385,-0.037491713436626786,0.3470951566407022,0.08584659070411386,-0.32747417450476163,-0.157735513297198,0,1
-0.38065320958216237,0.5481497953555375,0.0570636813244805,-0.08879533672098304,0.18709594473321173,-0.006575785315490441,1,1
0.10488333974555313,-0.0446853751377819,0.37599974024220895,0.09028201805316667,-0.32416126622849584,-0.16626962382907176,0,1
-0.37379250529742575,0.5492767465890444,0.057487957340388245,-0.08117244679080758,0.2012206730106,-0.0024076068905878813,1,1
0.06727285924170852,-0.024545934875948573,0.29113149223966894,0.07528268969178512,-0.3304795137449642,-0.1368358955414935,0,1
-0.3765734511641596,0.5454878830704922,0.05237693075778618,-0.08408993308124271,0.19558375839432968,0.0007356467225261408,1,1
0.13681668397366822,-0.06059022153893396,0.4370784102396798,0.10302165556086103,-0.31073780264775824,-0.1794564502125231,0,1
-0.37306969541176344,0.5281593580704818,0.05562996953221013,-0.06886489711468216,0.18595312666324063,0.02389675253324997,1,1
0.5772609655451281,0.1080220964414841,-0.12792490110113378,0.3115337777758632,0.17143714194059276,-0.08686353427138589,0,0
-0.34459301776790696,-0.3540558437978197,-0.030466827599122993,0.04045013027233829,0.39712594619082436,0.009699949939925024,1,0
0.5776043048797422,0.10824260105137916,-0.12602750253905076,0.3254735735780176,0.17056658508608336,-0.08119850353712126,0,0
-0.34256532239015014,-0.35360950362356824,-0.035523058063048,0.04637114855098321,0.4047125087465051,0.012381021774977411,1,0
0.5808122006723803,0.11310056441322208,-0.142184862021523,0.29449650929610893,0.17400829797891865,-0.10170337150949874,0,0
-0.3117451252472174,-0.3462116076118319,-0.014398628366893798,0.03097071141114623,0.41867480644947935,-0.013410122354894383,1,0
0.5849049687754868,0.11591702724461628,-0.15760339236999146,0.31979750133176776,0.17109391298929802,-0.053057548087206786,0,0
-0.3114368978957255,-0.34886633455502786,-0.006380113198359528,0.05213710485510977,0.4114479948258784,0.045620352779419324,1,0
0.5799558725205503,0.11320674210663918,-0.15975309926644807,0.31129533474691246,0.16976107424468315,-0.07770098939939325,0,0
-0.29975932271324696,-0.35173937128339,-0.010632863202839318,0.0435783210532632,0.4236217137325421,0.028647048540343126,1,0
0.5779370407877151,0.11814690983849516,-0.20528312058361528,0.24666691189897527,0.16957299547555052,-0.12337836449337317,0,0
-0.2686208688973802,-0.33511392218611075,0.030623243639478978,0.020494982914945215,0.42090985865703995,0.01652930936133287,1,0
0.5832427317010164,0.11763098722903371,-0.17609281114876643,0.27731493200408547,0.1731973089223566,-0.10086149006992821,0,0
-0.26627654886890495,-0.3486580185331235,0.025650889382690563,0.02293668347606862,0.4229554896646258,0.017195117097489283,1,0
0.5752754868454389,0.12294108410854002,-0.22452104306299617,0.22109741641244046,0.16758516414534175,-0.13228125785049222,0,0
-0.23660378910129087,-0.34267872716301473,0.05027684710602724,0.013240996318310088,0.4249449266051763,0.003660529655546637,1,0
0.5774652596469336,0.12517916210627233,-0.24222772300954007,0.23201615417465996,0.1658344089376423,-0.11299739184306325,0,0
-0.19925300756378048,-0.3339827802766357,0.107640336772471,0.03882086018818839,0.4168899315245176,0.030066710880638194,1,0
0.5718855567468283,0.12752859978588912,-0.27675238121253337,0.1931948686502149,0.15616517296993435,-0.13169679504394408,0,0
-0.25451693420643096,-0.3548292686733642,0.03420124167473523,0.019727379646611715,0.42274859143138893,0.023799005326611018,1,0
0.5672914893685782,0.12650176081478454,-0.264647083637043,0.23579718501843502,0.1532456105890082,-0.10369060932824405,0,0
-0.23903329665433443,-0.34640170150382876,0.05770566689389757,0.051848219649322694,0.4224634726781179,0.04096903108860076,1,0
0.575873153648087,0.13330296700321304,-0.2687190813856361,0.22600550334110397,0.15923396732644957,-0.09065351861354531,0,0
-0.22916843518296573,-0.3410544713162459,0.07819255939496107,0.05057959259751881,0.42145230748698737,0.03888636233376894,1,0
0.542259833101744,0.1234624853051719,-0.2502182539903407,0.14773059302687586,0.13829703347659603,-0.1715605174975275,0,1
-0.3566969985251594,-0.2834164014980015,-0.020280978065424348,0.0468709586399682,0.3583005704476453,-0.04647592600225748,1,1
0.5406270047834969,0.12090968016649457,-0.23764481259999204,0.15738908125494155,0.13813386516288365,-0.17278185412150748,0,1
-0.3370658615805379,-0.2675325052789848,-0.0004828169515452113,0.049263238331753376,0.35668407773804756,-0.039544823640944034,1,1
0.5354904160717944,0.12067402409287231,-0.23524038129328478,0.1527783151440254,0.1367773326186438,-0.17345132272595026,0,1
-0.35429631745710505,-0.27008445085213845,-0.03909595909555904,0.03859497496686003,0.35768361288449396,-0.06078149579660187,1,1
0.5433531248470138,0.1260657971567926,-0.24882188347051765,0.15271788865675992,0.1418500041577215,-0.16055664756345725,0,1
-0.3814514820739543,-0.27358226888160436,-0.06953261355484736,0.029547121089985962,0.3537491169460572,-0.055985804255389904,1,1
0.5472298579223763,0.12560505277436596,-0.24275970134558641,0.1630189290364189,0.14456926092620173,-0.1555425284116999,0,1
-0.3625817202954997,-0.26928798515032526,-0.049185752030343484,0.03232290628876788,0.36616486690963335,-0.04324255451770866,1,1
0.5391363143088179,0.12541953754375054,-0.23901043225945046,0.1511276715538022,0.13803675642935737,-0.16420479507562133,0,1
-0.3445311658132704,-0.25892053838525886,-0.03542798673048242,0.01890467480501598,0.3587389108588653,-0.04186063819062292,1,1
0.5612291569447944,0.1289920724877716,-0.25544492230408405,0.1801656858391548,0.1539845578921064,-0.1419335435560297,0,1
-0.3318764869244623,-0.27975881787100726,-0.024310675552528246,0.04109072041674125,0.4020981314223812,-0.016245247828952904,1,1
0.5288768848123611,0.12418994348913906,-0.27079133702163277,0.11280889356733616,0.1250302235379642,-0.18706523539772169,0,1
-0.35135836841373236,-0.26783089012730876,-0.07857433841864313,-0.003334214673648692,0.34858009292871767,-0.06128127777269972,1,1
0.5280022364954697,0.11998698128753864,-0.24170720641262025,0.1341501337291379,0.1300029244606575,-0.1848319569854812,0,1
-0.2457636837012167,-0.23197505910058946,0.06306639110887775,0.028682413490527026,0.3698180337232554,-0.02210090546625711,1,1
0.5479417430143165,0.12603265966665422,-0.2669332441411566,0.14799065928607402,0.14295659949207623,-0.16841454525748573,0,1
-0.2667918326145372,-0.2544792853385506,0.03486466509100085,0.03905635685834555,0.41998191982135635,-0.019768732848271464,1,1
0.5404748549300201,0.11681634562183996,-0.21167496368234423,0.18043534005829642,0.14376997277561457,-0.16861605930656795,0,1
-0.2823624322106015,-0.25095997254015706,0.006302636441265004,0.02397041797434405,0.4065259938200098,-0.04181871399482693,1,1
0.55071306034852,0.12003104044910765,-0.2321926774319813,0.18195243665818975,0.14968475455723151,-0.16956199197065216,0,1
-0.28759083621561987,-0.25103177044798775,0.015863614620353666,0.0321541492677905,0.41503967811434356,-0.020838145020800197,1,1
0.3312887832204585,-0.1682393529081399,0.6574395024896699,0.07956069040014004,-0.08822248605839016,-0.20190358780051068,0,0
-0.30949736699764685,0.6099510163355732,0.04240879637859527,-0.15764120385837005,0.08584969920708649,-0.06563220046746848,1,0
0.28806054033903994,-0.14382266018052264,0.6404453134351691,0.10491875296766587,-0.1624165090037877,-0.2026117492313215,0,0
-0.33363637734071283,0.606240984321715,0.061852826034799385,-0.12774085211349537,0.1027111076070138,-0.016288748031198546,1,0
0.2946908145179656,-0.14691425213080572,0.642764842951938,0.10401597424674075,-0.15222244295008067,-0.20068825681016564,0,0
-0.3492822039712988,0.610899355763961,0.07814118079755637,-0.1271836119333198,0.09874140739255924,-0.01549578106653351,1,0
0.2993966015982883,-0.1497735092662993,0.6492158230101525,0.10392439055831923,-0.14788123216255045,-0.1991185882035483,0,0
-0.3623865721518712,0.6141480496519526,0.08210323824720178,-0.12701541336369798,0.10097368713060097,-0.02053106564695115,1,0
0.29205557530516896,-0.14765572470700358,0.6480823990561434,0.10063108363852993,-0.15799032451718953,-0.20030531249035619,0,0
-0.36689733243099915,0.6166418453215449,0.0870801666365318,-0.13053218553117932,0.10479003709186982,-0.027810515842036986,1,0
0.25104217178804783,-0.12588241511058454,0.6141195019693982,0.10784781776042933,-0.2125247781063924,-0.20298536180692928,0,0
-0.3610158837732083,0.6086586832540736,0.09024411488992236,-0.11252248240396573,0.11414080715855308,-0.0015181235674357582,1,0
0.2152762085512538,-0.10784012013723313,0.5725611615304567,0.10284470255322602,-0.24753127196307445,-0.20853202847212254,0,0
-0.34805543909540515,0.6226917853110977,0.09388967098681143,-0.11283842773185529,0.12532751422801666,-0.017576552973643328,1,0
0.23371429448932074,-0.11674983944820712,0.5949325265118317,0.10807832092200749,-0.23249304563545442,-0.20402570402295542,0,0
-0.33992718541108563,0.6061464797872677,0.08342415041782941,-0.10480406759400902,0.11540196753102606,0.006058628489594359,1,0
0.2718766317706798,-0.13724547767741727,0.6309683418188026,0.10066348736890997,-0.1818403066394961,-0.20826908281662132,0,0
-0.3200214449420803,0.6261624771876473,0.09694612385985228,-0.09977837839163406,0.11618932210933335,-0.010077923524134608,1,0
0.29350296657108427,-0.14852107868353556,0.6478495625315307,0.09879277773016906,-0.15536443979129713,-0.20174737637976836,0,0
-0.3093297091893609,0.6245715132239021,0.09569983591079355,-0.09296591987531834,0.11001893440701477,0.0005429523020890475,1,0
0.2899419110951467,-0.1461602938946401,0.6447409692919099,0.10114386204045318,-0.16220748177230235,-0.2022376276227012,0,0
-0.30419247567358104,0.6225762871577438,0.09343491450932008,-0.08977991756173173,0.10537763042476365,0.009285557671917782,1,0
0.29581757801586356,-0.14946482837582756,0.6487242970917533,0.10098167855339651,-0.15353440597033902,-0.1979031341958123,0,0
-0.28957467138869325,0.6099926463282689,0.10045803433533156,-0.06816256019603865,0.11076931674019055,0.02233774641454471,1,0
0.23490552544265295,-0.11621162103022722,0.5920360348558344,0.10906092211062533,-0.2283773406374408,-0.20555028302527928,0,1
-0.4019788543314589,0.5871312889430824,0.08837504956316466,-0.1026343571632591,0.12110149750505605,-0.015761594534736415,1,1
0.2482877039654592,-0.12321439433590328,0.605998725819793,0.10862167094343403,-0.21224094542321378,-0.2046162756750647,0,1
-0.4073499859521852,0.5755153558186719,0.08328664467208138,-0.11750783138709722,0.09903197231820397,-0.026717100910683043,1,1
0.31177653854621307,-0.1553394987229598,0.6519204353871914,0.10012602698847237,-0.1270931357596384,-0.19964495998274,0,1
-0.4096820129172526,0.577853953351741,0.07500549686759292,-0.1223586565857073,0.1096919313580514,-0.039801864342858546,1,1
0.19287349274597204,-0.09398646922723129,0.5378969032782228,0.10801346525970877,-0.2714092325354282,-0.19861331511642605,0,1
-0.40146756710897835,0.5583612508092841,0.07640891744260826,-0.09288105804330676,0.12973404521842524,0.013388704221175458,1,1
0.20462939409694533,-0.1011505744446818,0.5550965833738856,0.10396195067500873,-0.2564218387983303,-0.20776802204083353,0,1
-0.40371373956253337,0.5863788975845963,0.08203955615699804,-0.10830757654018217,0.1444748651725599,-0.02170194574242564,1,1
0.18601477664485733,-0.09119069084077316,0.5294869250848765,0.10406284657091004,-0.2754432638058762,-0.20223621060743022,0,1
-0.40130832752317724,0.5640559128974276,0.06772521061765828,-0.10962940057992626,0.12578426185728955,-0.0076870803356336,1,1
0.22236010754920557,-0.1104556879286632,0.5790624603575529,0.10660750467157443,-0.24072444982060043,-0.2065942333418175,0,1
-0.3960590215179999,0.5746095566745014,0.06975161033839998,-0.10120028826720176,0.1501513932972844,-0.0009310925161918599,1,1
0.18547763680184562,-0.09160239435090944,0.5303618542645053,0.10227677557606663,-0.27573026231671005,-0.20239900235320996,0,1
-0.3886696746849129,0.5848755581584726,0.07325209002252854,-0.09833408794119577,0.16024426939039405,-0.00014769297598484342,1,1
0.16981634741579268,-0.08317782115152823,0.5063424737470096,0.10101259636453495,-0.28994086104592814,-0.197054273267873,0,1
-0.36056151370772055,0.574868621065701,0.08382830314776399,-0.06537778454681234,0.17567856368787943,0.034514892431239515,1,1
0.12939985628772122,-0.06109507157932947,0.43456887345242884,0.0937734623223034,-0.3169344104015111,-0.18105625809864853,0,1
-0.36652520033424413,0.5698735643276057,0.06998197721038363,-0.07153227577419506,0.1714568297683736,0.030403656573252783,1,1
0.13848914803499435,-0.06670110631338816,0.45195739616192143,0.09293455826953916,-0.3097504229865932,-0.18745641165307297,0,1
-0.36461252990177706,0.5842121097826245,0.0692520152909014,-0.0875986170008156,0.17181790250909082,0.002280942874300661,1,1
0.09773455010891723,-0.043865865382473376,0.3691392557728235,0.08310562382430738,-0.32851316498336464,-0.1639724773071058,0,1
-0.3592328717279283,0.5808545537166828,0.06982452691890487,-0.07612819215906357,0.17693353420741872,0.010730758381925705,1,1
0.49897989100193557,0.06082735358627592,-0.3510284189266927,-0.020753443434051708,0.09287994294555971,-0.22946080330628174,0,0
-0.3015765506502964,-0.32048390527669035,-0.06573216922422996,-0.004053813158960306,0.4431910653815396,0.013827475212753331,1,0
0.4949554093316812,0.06200512188076769,-0.37571090286018977,-0.050013602194134074,0.07981518957098088,-0.21605493157419478,0,0
-0.3703572636023941,-0.3202245454580368,-0.10724789164419557,0.012592402496509142,0.40614985237928436,0.006913065647432475,1,0
0.4962180587369902,0.06207525026891831,-0.3544046648909572,-0.00037722789808158664,0.08753535378127786,-0.1786322058951057,0,0
-0.3817777956300103,-0.3159521274572258,-0.07822414464105577,0.06266829989511485,0.4013791882726645,0.03679894742922097,1,0
0.5084820525160211,0.0625334984548268,-0.34338985150310114,0.00855968149841134,0.10515339651228149,-0.18897333675310699,0,0
-0.40708860051095425,-0.30983419420137304,-0.08543332625899262,0.06468734594846504,0.3970183629457413,0.015799445635816846,1,0
0.48094481148376106,0.06208572712048999,-0.3389846085474549,0.02545561178755388,0.07835385735034218,-0.1500083694338279,0,0
-0.3878431394865753,-0.28934251722999854,-0.0510375421439049,0.10305475316524944,0.37497107984063865,0.05156841781250843,1,0
-0.37842831236836466,-0.2863739071391924,-0.028914788290666946,0.09058580765690023,0.40176743545472393,0.03480060028561279,1,0
0.49261180553762585,0.06164037956045198,-0.34289233375478817,0.010608847418870417,0.09133220019674937,-0.18455583045636773,0,0
-0.35997432390298895,-0.2893997902517947,-0.009425309695503608,0.09551654378697294,0.39982572981201553,0.04841095816484543,1,0
0.49031936923149066,0.06073843673301195,-0.35370221200540514,-0.0022888069089834176,0.08250445630051102,-0.17657873127526177,0,0
0.49385646176610903,0.061724931706112554,-0.35704819536260674,-0.006987676388901858,0.08593824326463759,-0.18981969496369241,0,0
-0.3422368073744472,-0.2845986092731921,0.020743073578274686,0.0923149475701285,0.39672861762809614,0.05378952577174542,1,0
0.49288766866202854,0.061618462874375474,-0.34742254139143325,0.009635040841067402,0.08754987898487247,-0.18521839865756326,0,0
-0.3443193507320116,-0.30824606232620505,-0.014765174686002915,0.08648352264542744,0.41147477781162234,0.03691798802360759,1,0
0.4921662795304849,0.06302290364464523,-0.35461482124622123,-0.0017835074916765943,0.08648567595676084,-0.19505981191266328,0,0
-0.33645483162321743,-0.31010741832448124,-0.010688323257198385,0.08190106196297889,0.42200665957735617,0.03324637509211084,1,0
0.4944724281101665,0.06333927018936922,-0.3547860325601576,0.0010838197476715247,0.08829814389599665,-0.17899517625708328,0,0
-0.34927704875898324,-0.311408476672016,-0.033727503785893495,0.07647644986870261,0.41616754963016866,0.03979146050947255,1,0
0.5012532976193848,0.06279043999247351,-0.3407161372799359,0.018413157785377443,0.09943092200518866,-0.17546460752373316,0,0
-0.33491120751076753,-0.3053687575187784,-0.01947599477468789,0.07948074383939327,0.42425844259595297,0.044500250717476666,1,0
0.5014072031864666,0.06042074677731133,-0.3258759443303718,0.007617536013006776,0.10483031317031641,-0.22101303094095415,0,1
-0.46386541818980453,-0.2912509998500974,-0.06980897295090913,0.11724001876365132,0.35406098978552275,-0.027740543579982638,1,1
0.4953543603264995,0.06021431601673925,-0.3218625585115725,0.019370378065298965,0.10126704448670504,-0.2179917532755182,0,1
-0.46581801435741593,-0.2916687400468884,-0.07293922685083909,0.12308047101426083,0.3517775400553547,-0.023684318588413432,1,1
0.5001097270857413,0.06029867413034145,-0.3169685004829824,0.02566549759463746,0.10504782177903046,-0.21812836866747606,0,1
-0.472735007167035,-0.2990001843344247,-0.09554836861323421,0.11626332168941704,0.35016815715781374,-0.03729476079767448,1,1
0.4991844721962244,0.05993953795021837,-0.32056062501446936,0.015851528833576326,0.10599464096078476,-0.2150672859010324,0,1
-0.46443419500662314,-0.29264891550701333,-0.08320843004948643,0.11009009376071954,0.35792558323940954,-0.023748339675178375,1,1
0.49669113766712564,0.058766670833154164,-0.3115196058753608,0.025635644967172896,0.10412880614960676,-0.221809743544162,0,1
-0.47288928286640186,-0.2971502245340391,-0.10687943865848394,0.10382835924816594,0.34896379935564453,-0.040761957820355466,1,1
0.49236786421416767,0.05922345137851092,-0.32296190216533105,0.008304077951487559,0.09807228059925212,-0.2267519545276769,0,1
-0.4255710308990779,-0.2831401584412582,-0.047206727622533896,0.10772625897618261,0.3797225367152903,-0.012898527805973427,1,1
0.49245800355497016,0.05981541195953803,-0.3419684915340308,-0.011788069685003453,0.08883823835331135,-0.2250374462443579,0,1
-0.4149184398833221,-0.2819759040510087,-0.03629835787259605,0.10391232018380774,0.3819435099800993,0.0034938224132979013,1,1
0.4824352943402946,0.059816652585443976,-0.3512602646787957,-0.03953273948487913,0.07890083238338283,-0.2405261597113117,0,1
-0.4233890745755884,-0.28658563660227415,-0.059775337131950275,0.08761500428910818,0.37693813868358816,-0.019017501987539896,1,1
0.4935460417786831,0.05999155351329485,-0.33607577339798933,-0.010823035927184354,0.09523126052978795,-0.22582168641903583,0,1
-0.4183725443764541,-0.2863513351804433,-0.05447389995293238,0.09224236370100425,0.37740086601016837,-0.006019935848346924,1,1
0.4888154022889685,0.060027630339725586,-0.344866819570172,-0.025472822688864617,0.0866875226310571,-0.23211827488644876,0,1
-0.41399900315655463,-0.2846500357709116,-0.053160775351640495,0.0899926433231707,0.3801592879360455,-0.010081997459862895,1,1
0.5050616950446172,0.060168613496653194,-0.3334460024572842,-0.003957409024494582,0.10608954587136453,-0.2227875982296845,0,1
-0.4033794708729224,-0.2843071914137527,-0.049854924477995916,0.09159197502403922,0.38765139745952804,-0.01090763366209608,1,1
0.4849833547896352,0.058413035195869586,-0.33610495284624625,-0.019735459392682415,0.0875367868016289,-0.2373260743037827,0,1
-0.38411119454709686,-0.2706214764780117,-0.01998065221020366,0.09305531379603733,0.3861926583501004,-0.0013641158598185574,1,1
0.3354012269254055,-0.10845329463010182,0.5055880702459752,0.16786607276421406,-0.06057630760946814,-0.19565599344531517,0,0
-0.3921809374404031,0.6077270452204488,0.1233206433545065,-0.09702737527732846,0.12139006324076695,-0.022509927003230686,1,0
0.3379231719205221,-0.10921120733963634,0.5023786377780827,0.1641136056371434,-0.05361351986188666,-0.2006805594128693,0,0
-0.3859901094045031,0.6140724678149296,0.12900113659377954,-0.10149141735092206,0.11545301480052611,-0.02949861300404915,1,0
0.34275007155395854,-0.11060778574029186,0.5024449485512643,0.1638162550536167,-0.046473582243061785,-0.2007811642633988,0,0
-0.3733278829310004,0.616589840095498,0.1300578924952726,-0.08994979848090684,0.1242001236727765,-0.024387696897840073,1,0
0.33081640299676396,-0.10874284270280395,0.5107496101351046,0.1631250592681326,-0.06631011565962598,-0.2035271445734052,0,0
-0.3749408966773967,0.6223756885681264,0.1288615811336118,-0.10802907536394896,0.1031840115724699,-0.03724636597739828,1,0
0.3459398767919084,-0.11432142018096633,0.5141330572600717,0.15890024664787386,-0.04460160860099406,-0.20491826617627792,0,0
-0.3754156141802257,0.6358348146295221,0.1276646057608427,-0.11546610608184589,0.101910487461437,-0.04898074076367545,1,0
0.34831842863657964,-0.11418020682867742,0.5116897229331966,0.1615658540925742,-0.0431823004656515,-0.20043398380938962,0,0
-0.3757359622121141,0.6335371862528792,0.11975882183104321,-0.11837517894977466,0.0985503235147626,-0.04384335486272769,1,0
0.36289657555434834,-0.11967853405848919,0.5118131558115837,0.15427465474198143,-0.01967407559930939,-0.20505212236904413,0,0
-0.3660168331133741,0.6390019217245989,0.12691935025179976,-0.11333960613445063,0.10297336287726495,-0.055077912693089266,1,0
0.34030228334873985,-0.1131536124803995,0.5077573643855288,0.1514891081554383,-0.045953074696599774,-0.20880661438635115,0,0
-0.36473663341642093,0.6408415360642005,0.13038325645107088,-0.11662934484542842,0.09802697869373281,-0.059580629543588094,1,0
0.3671618873463619,-0.12082813592807982,0.5193999555760609,0.16267433902205697,-0.021168546173048412,-0.19547430279574982,0,0
-0.36847568699764094,0.6310643659925697,0.126223836351866,-0.10442700608137241,0.10617627405398597,-0.03135933481782886,1,0
0.37281354174090564,-0.12232810793776647,0.5089485932758142,0.15474050564208566,-0.005950919879831408,-0.20262765873865837,0,0
-0.37412857892819706,0.6312960076270441,0.12027156246349537,-0.11943392938690987,0.10541097299268654,-0.05198551315830246,1,0
0.37225988313859204,-0.12074878958277757,0.5072475493143624,0.16240716416589274,-0.00940713944947968,-0.19642139714457832,0,0
-0.36712520012120536,0.6180357626321517,0.12029888094119187,-0.09938531044372585,0.11870273600384963,-0.026567548968173198,1,0
0.36289504222484703,-0.11847656491280222,0.5132951461111235,0.16356928054256026,-0.02464078555770732,-0.1967868168100189,0,0
-0.3708588321482203,0.6215052795613983,0.12044810121088942,-0.1020230207835732,0.11799246057930965,-0.025107001040416455,1,0
0.34778649773512754,-0.11397786698831373,0.5065657531353117,0.15518027927184896,-0.03792569478728057,-0.20841100944708058,0,1
-0.421402433095879,0.6021534423854462,0.13886129078333367,-0.11934835512309526,0.08179519641256881,-0.06308875134706078,1,1
0.34325544551110965,-0.11254450335706448,0.5048159499522361,0.1545433650866513,-0.042804191097553415,-0.20923029669196322,0,1
-0.42990523702155486,0.6038870933310205,0.12683599744278398,-0.12649143459230006,0.08801831869466406,-0.0731738917677496,1,1
0.3257179681300651,-0.1070404355855337,0.5106094503618995,0.16123582137807063,-0.07294026397514555,-0.20685506430829775,0,1
-0.4325790688568978,0.5919412447223804,0.11798431654605222,-0.12716136996702407,0.08056676636254248,-0.06814742352501975,1,1
0.3630720485239443,-0.12022399321155675,0.5209643508490569,0.15614995578739577,-0.02540194189510426,-0.2048998324029235,0,1
-0.42949460671476386,0.5963500242986612,0.12098118648356501,-0.1302160819678961,0.08174664248619146,-0.06952691694270793,1,1
0.3793380481669636,-0.12373913463470211,0.5127745920994082,0.1546082000842179,-0.00021248797278159497,-0.20352774909262103,0,1
-0.4242521061418002,0.6018778182908943,0.12143470811081199,-0.12014817554419582,0.10301372132282662,-0.06403070065049686,1,1
0.34206208042024067,-0.11317206883337438,0.5213424458007857,0.16099826106166998,-0.05628084044466466,-0.20536821282865353,0,1
-0.42604189044107726,0.5968583408538799,0.11377812407725538,-0.12122083796057258,0.10210107986777776,-0.055768094998866015,1,1
0.3257950570645424,-0.10865060230483355,0.5177111613269231,0.15703692862038193,-0.07425403682289722,-0.20957245355107665,0,1
-0.42056217866746876,0.6009466505943486,0.11616767516998464,-0.12300468556419548,0.10088257070549808,-0.0643433249527841,1,1
0.3329842096024048,-0.10929773781906732,0.5153566139678583,0.1629754347272646,-0.06677140354699533,-0.2042694877348268,0,1
-0.4238014833760175,0.6009856433180055,0.11115636267551203,-0.11251456021985985,0.12351497896338004,-0.045337030283160905,1,1
0.34117429261392834,-0.11219051894292997,0.5160192374753699,0.15997248843429288,-0.05433195805895566,-0.20729185681556672,0,1
-0.42353097006925006,0.5994434688601075,0.10840259229467118,-0.11943058378508932,0.1163830856360186,-0.05933984159698077,1,1
0.3315670366630001,-0.10905335910562355,0.514432902597211,0.162272944718641,-0.0676868886914443,-0.2046635098285457,0,1
-0.42174513943815534,0.5979040271695486,0.10910686097763857,-0.10972335552708866,0.1283678631616831,-0.041006919581078986,1,1
0.3483396815734517,-0.11388431606103246,0.5165600273328674,0.16352245520399025,-0.046387744069947064,-0.2038015897096592,0,1
-0.41127554000532696,0.5955815207187869,0.11435811381093655,-0.09491542720729738,0.13974903186063695,-0.03577184249725734,1,1
0.37007158953421354,-0.12090785340425492,0.5113935283578901,0.15449130200033154,-0.012026904288209943,-0.20536327941931976,0,1
-0.41399739651273637,0.6038197353520547,0.11580318275657034,-0.10664466836165101,0.13613950739612796,-0.051022344387266334,1,1
0.5735678646308862,0.07020408975639185,-0.26971482586033124,0.07234633362440678,0.18568291689972655,-0.1508421417938379,0,0
-0.226033508970183,-0.239872909991388,0.0040220210246161795,-0.015838739431022743,0.4747787823480258,0.05303273377373299,1,0
0.5653538700232693,0.07383562122390643,-0.3139962614579905,0.03689077250110513,0.1662177552826107,-0.13869820502709407,0,0
-0.3654820284063677,-0.25881636275141146,-0.1450365807822711,-0.029342334382571642,0.41041116184929993,0.0013306547549161135,1,0
0.5576648053813777,0.07319528873578512,-0.31383216577986994,0.0588003930962667,0.16492855946157817,-0.11930731173468904,0,0
-0.4079257922358435,-0.26003776809335793,-0.13780187483331494,0.0110722451008227,0.39653711684337484,0.021920488900520903,1,0
0.5527184705138061,0.07575312445392601,-0.3411366620053534,0.011438876391449682,0.15344250340320645,-0.1378120834026909,0,0
-0.4309469280598755,-0.25846129213411895,-0.13908878303396963,0.014504195167414398,0.3845552853877174,-0.007395660881081163,1,0
0.5551805329680999,0.07515585133338212,-0.3178478857202202,0.059064045152993974,0.16189567439352615,-0.09519473073376687,0,0
-0.4231004625536881,-0.2675190633542643,-0.12210538923060194,0.046839143213009374,0.39137085236092584,0.01791166479167369,1,0
0.5389869516327096,0.07579505424025812,-0.32804432803041067,0.056543463657490606,0.1456592856595679,-0.09052460462102956,0,0
-0.40406169961343785,-0.27084890099209324,-0.10177557165459634,0.06731007818917474,0.3958851659145147,0.025730493620604363,1,0
0.552207997218411,0.07457651799951692,-0.31235907626735504,0.07018789163274422,0.16097892671994865,-0.09258782889447655,0,0
-0.3785756684809501,-0.2743874946718941,-0.06664847219970708,0.06897755796414007,0.41924022200898303,0.03967329348875308,1,0
0.5458097132189501,0.07511204593268926,-0.31027061073266926,0.0790367507985288,0.15485484693077037,-0.09075120894299583,0,0
-0.3551137227429355,-0.28005575510204067,-0.05582452133806019,0.07020733618470049,0.4239609564269524,0.04719442619571349,1,0
0.5439395205204312,0.07620704209343943,-0.32003557842409225,0.0667792678800773,0.15146830650263193,-0.10131806721340338,0,0
-0.3318591223783262,-0.27906286595588714,-0.04157254924094034,0.062180079135275394,0.43442773160498466,0.05169864456684016,1,0
0.55008021843794,0.07508261595224891,-0.2951343042750909,0.09732434442570716,0.15935038787688208,-0.07994658797218036,0,0
-0.2744370744804481,-0.2697241696516074,0.017412981543831012,0.07672504521572944,0.4378791453887411,0.07612287509327066,1,0
0.5351855113000822,0.07540747178875988,-0.3121943904754583,0.08239655931205243,0.14119476763240799,-0.07569447628218179,0,0
-0.2849028303596124,-0.27095300053573446,-0.01516233207475926,0.07011207945496514,0.4357250989908406,0.08333985454197552,1,0
0.5520006572229735,0.07555524492051588,-0.31157783950681933,0.07282955103224797,0.15978056162980206,-0.10904588433120856,0,0
-0.242864112923429,-0.2508040668738746,0.039285202553532274,0.06060403242480399,0.45354104538720513,0.07633124108471032,1,0
0.5497780971799535,0.07359973999606795,-0.3441078177853574,0.014815244139257515,0.1472027319564107,-0.11542192528471559,0,1
-0.48375581940355195,-0.2408404021364829,-0.12888962441536467,0.08580796699005701,0.34957572547568533,-0.012854558496652435,1,1
0.5476302656398147,0.07316148373749597,-0.3430799457350999,0.0206769587626992,0.1461700057040024,-0.12173825160545328,0,1
-0.46528999885862715,-0.2317992108596122,-0.09499745338446686,0.0992919828915691,0.3863883933642842,-0.0009087532874119625,1,1
0.5594065749553524,0.07113887618179948,-0.3229771348016427,0.034869853752245286,0.16268497117257966,-0.12700050939352203,0,1
-0.4756245989702293,-0.22725377208578576,-0.10113094560338572,0.08752933495265137,0.3797852283055989,-0.0035742404589716986,1,1
0.5560874326050143,0.07181306056294041,-0.3338637085022718,0.012112911584030562,0.15519062208415402,-0.13978536579493642,0,1
-0.45484753947800083,-0.2201706127462097,-0.07963399559717811,0.08933925200521652,0.38759584494175536,-0.005328984985780319,1,1
0.5597976236123978,0.07229452030521528,-0.3210459660281988,0.03893759244473547,0.16308203159778692,-0.12451930965565813,0,1
-0.47556162970116894,-0.22874871648161008,-0.11825986971377933,0.0822601588863058,0.3654168984834856,-0.013243097456209604,1,1
0.5570727368882522,0.07256298289222368,-0.33302472259153876,0.011742259388904996,0.15854581758774722,-0.13507556008886534,0,1
-0.4573541409732583,-0.22340783597393288,-0.10396608792508118,0.07024664263212117,0.38647531478243297,-0.00927902100531522,1,1
0.5589350505897359,0.07230550658926571,-0.329165676552759,0.02614010387277263,0.1604996624517697,-0.11893574900725964,0,1
-0.425940361858913,-0.2271706742262592,-0.08486453001394303,0.08199770403188787,0.409335599906814,0.004526148791407377,1,1
0.5533082297171984,0.07289017659916472,-0.3407637706787711,0.010024106618830606,0.15324164858691355,-0.14124604306915722,0,1
-0.4223179669332052,-0.2236044172988101,-0.0905643803533403,0.07026562664837585,0.4203113694774153,-0.007884706078136565,1,1
0.5525045310199855,0.07241109838579245,-0.32683102260852037,0.043467549870001704,0.15497899724728728,-0.10313742240074976,0,1
-0.41251226209160247,-0.21246777165856515,-0.058634783056916905,0.08549550016332294,0.4162313005836252,0.051520328400086746,1,1
0.5684281749941744,0.07100201019433351,-0.2990679989233676,0.055470095357217926,0.17530402232298478,-0.12364304998181753,0,1
-0.4003449353905661,-0.20206372725669652,-0.0474943701686141,0.07343989255245177,0.42870246652159566,0.026099190358895023,1,1
0.5697601159076082,0.07252025153035244,-0.29763421643424265,0.052795743758884885,0.1778004700155777,-0.1224027938107363,0,1
-0.3977051939325543,-0.2002313287968063,-0.04880649229120587,0.07121853534424608,0.4347359486150869,0.016957412878115394,1,1
0.5591713704935966,0.07312263865461813,-0.32532080636196925,0.03096313998555109,0.16098974824352963,-0.12827215818302176,0,1
-0.3948867953481946,-0.20133316817143593,-0.04830527856758731,0.07725194475720358,0.4362284734861669,0.0230005358826198,1,1
-0.2225217015518697,0.6042993834376185,0.07153419932984866,-0.05995980100640739,0.09184633386039605,-0.021523220382471547,1,0
0.5478749822718199,-0.07606354308766235,0.1436906667200095,0.12800176591567256,0.21169286505413878,-0.17128419658003677,0,0
0.5378197531204693,-0.07668905295036654,0.16816045734949392,0.12799669964135252,0.20324397406416028,-0.18978613005617562,0,0
-0.2782024961535918,0.6419806973509582,0.0985873897548984,-0.10143866864453399,0.072088308147804,-0.07359707209658488,1,0
-0.2974904829845966,0.647316279774551,0.12444136885005687,-0.08523641554561157,0.07201463101076054,-0.049879658701805614,1,0
0.5345179385037495,-0.07578514660547392,0.1932033883314139,0.154754716141956,0.19281959893789913,-0.17220710236097914,0,0
-0.3243152679435794,0.6602093950671116,0.12977258891319066,-0.10829683507430696,0.0604484651480643,-0.07309226124763384,1,0
0.5625114776272481,-0.07433860480821368,0.10351663640078057,0.10683313258919093,0.22683355788515358,-0.16203330891452564,0,0
-0.3354370334780216,0.6609661529026304,0.13991996468947632,-0.11150131547036507,0.05527125593319755,-0.0759284365113348,1,0
0.5585081182344445,-0.07474396971674582,0.1250910970153495,0.11905645888920505,0.2213532881681969,-0.16381082189613685,0,0
-0.3459496609908858,0.6637054668562546,0.1392907626147578,-0.12084163381188853,0.05607568352982717,-0.08437666193935209,1,0
0.5577009411496723,-0.07546031802558341,0.13294563257038428,0.11679795867537884,0.21936517546905177,-0.16498912778181676,0,0
0.5484065074027209,-0.07495442739230086,0.14210034317624368,0.1204954685132521,0.2120739750192329,-0.179145407486877,0,0
-0.3418630045257569,0.6591842455834436,0.14089076193347602,-0.11481394496940375,0.06337621898397248,-0.08351534058433427,1,0
-0.33750237905318076,0.6553622276827593,0.13927288696498075,-0.10796160658873534,0.07352193597408964,-0.07898357970063088,1,0
0.5433808902046012,-0.07629519039519714,0.17434232393479457,0.13528586600577885,0.20387136953545,-0.17616694612379447,0,0
0.5505917556891894,-0.07598155987953412,0.1569055921448839,0.12496866096295653,0.21179618661863595,-0.1704572779047564,0,0
-0.3339194624671055,0.6543709785952014,0.1335353617138467,-0.10620179338412776,0.08066227187502513,-0.0777318819838963,1,0
-0.3296435247183695,0.6553780270045796,0.13060602273730026,-0.10544549758773947,0.07889501315834732,-0.07624175824225937,1,0
0.5482584811036624,-0.07673393794993542,0.15925862567565016,0.12560265853257105,0.21003990201194261,-0.1736364725246581,0,0
-0.3237146330202553,0.6574272664897773,0.12874118928669098,-0.113577718556126,0.06842274631078211,-0.08259719728395036,1,0
0.5505621444349342,-0.07832017516456806,0.14685990158391773,0.10943753333341402,0.21494809145147253,-0.17839846388932334,0,0
-0.3101227820000281,0.6527679237750853,0.13109651730251504,-0.09973302177757662,0.07333802722934046,-0.07365844855597027,1,0
0.5530785981958409,-0.07800531849983593,0.1380188319891391,0.10111904685643028,0.21719465019309758,-0.17468597763462088,0,0
0.5457575545421823,-0.07850059872426964,0.13100902957368743,0.09693590282248372,0.21661997345948564,-0.1856432960104588,0,1
-0.3421371846699478,0.6296158608828332,0.1514430631237958,-0.07862131263552295,0.0882056874907949,-0.07398540940124167,1,1
0.538361628750654,-0.07816004410697514,0.16219298034357688,0.11801111555881244,0.20863729842982912,-0.18835966891552675,0,1
-0.34772174959021934,0.6284087027941456,0.15031585973615677,-0.08079504214737139,0.0948659726620229,-0.07902777363199166,1,1
0.5388031981852841,-0.07591470516456457,0.1300983674416,0.10621902709711366,0.21230810851142382,-0.19796397666265175,0,1
-0.35448185816899896,0.6240973205152829,0.15190781874991083,-0.08493035818679213,0.09092247545737805,-0.07804054477144484,1,1
0.5568576422653877,-0.07790295547989053,0.0847062725100464,0.08187310136405472,0.22942286580146823,-0.1777068672967755,0,1
-0.36955457319934426,0.6261251660020684,0.1398159178107899,-0.08980276829125572,0.1017894130830986,-0.07545388841905751,1,1
0.5655710336411125,-0.07754702800753911,0.05884945944765525,0.07009798296601774,0.23775660062161819,-0.1606492034580104,0,1
-0.3690137912442721,0.6206689545249108,0.1387721001312615,-0.07848211170891518,0.11692163608933814,-0.05983738056215947,1,1
0.5512891320481307,-0.07679313907154005,0.11632057124663106,0.1070610073442715,0.22066790877369583,-0.17767859616388074,0,1
-0.38283572183213715,0.6208779710552306,0.13157632515962378,-0.10119059811463552,0.09924384558232248,-0.07568168102540168,1,1
0.5501173570348759,-0.07566603469879782,0.11103802797027064,0.10704521459645384,0.22209309612353637,-0.1795057520370724,0,1
-0.3814628723847796,0.62272084470588,0.13389431737291468,-0.09733379926904621,0.10667860103986582,-0.07398619784615602,1,1
0.550920380870484,-0.07625210529494095,0.12297106603259401,0.11658422092176973,0.22019754038918754,-0.17132688349245043,0,1
-0.38122616206049936,0.6132228761480445,0.13497167414967617,-0.10373245496792703,0.08311288291667021,-0.06760313392330898,1,1
0.5525541575396796,-0.07983729347682333,0.14402751103059364,0.12136936351462499,0.21914041770590126,-0.15870276518146492,0,1
-0.3677065191910297,0.6098167792690823,0.13820196690100797,-0.08862119873745769,0.09453124412284455,-0.049378289652371656,1,1
0.5480937525445666,-0.07842673297420118,0.1504631155115651,0.12495095634436701,0.21520942993149822,-0.16978298551710946,0,1
-0.35103732691529127,0.6102136156288765,0.13931893388409342,-0.07372564380389798,0.10712195419992299,-0.047343636068312656,1,1
0.5537209863766506,-0.08004825731313378,0.10709756447264568,0.08396232653022861,0.22617536724895898,-0.17902541305129646,0,1
-0.34332213220928187,0.6158745778630497,0.13601624454266303,-0.07728195402827197,0.1094472861345663,-0.06026243703141159,1,1
0.5489964221675151,-0.07873797873794801,0.08749957412293016,0.06500522206207467,0.22704426404740718,-0.19647996635589698,0,1
-0.32657687122184786,0.6145887123289248,0.13583345689838858,-0.07069700037294156,0.11460012970607421,-0.07246779301923081,1,1
-0.5102855049966685,-0.29059408219347566,-0.11440504305977808,0.1781078076101036,0.18248034706514712,-0.036339619857380816,1,0
0.45027671375666173,0.21455121546668868,-0.07582946387498724,0.5227940506181282,0.004861866645461172,0.12509602960599003,0,0
-0.4984497081998699,-0.27703035829386496,-0.09879541718286956,0.17967901577311957,0.20230790362670936,-0.02296916572360433,1,0
0.44420929734195935,0.2072226464656226,-0.06520818544232078,0.527947094976668,0.0005605610424627005,0.12201246551313168,0,0
-0.5022956677517556,-0.27276787733093505,-0.10355452086159403,0.17431138793407625,0.19744313987381396,-0.017332524519960098,1,0
0.4515874719886156,0.22060978346423304,-0.10073168097265095,0.5155227952962245,0.00918323202860619,0.12255885233255044,0,0
-0.5029484612956343,-0.26782151239097934,-0.12557813141468693,0.1613311296066798,0.15323340753250678,-0.03871530909504405,1,0
0.44420816812184005,0.21204809001451502,-0.085685291788134,0.515968280521933,0.004299680414511524,0.11213209675700217,0,0
-0.5094773475291556,-0.27767051694892775,-0.12574355222038328,0.15661897696810262,0.1806311199660965,-0.029118327593705945,1,0
0.4533051531591268,0.21596345061513356,-0.08881337675200172,0.5211398723143106,0.011060907338895936,0.11249677368332521,0,0
-0.48978828096458127,-0.292412610376103,-0.10998312310575899,0.1587528975383219,0.23118858934032654,-0.02066863591359143,1,0
0.45207391917691897,0.21473832990861072,-0.07457285740111433,0.5274102875991835,0.0051308347407925435,0.1203019068800589,0,0
-0.4382155647766109,-0.293887332211169,-0.07164862890973149,0.16875161372557446,0.25528976397913,-0.0017495244015725013,1,0
0.44181699535681895,0.21294690083815157,-0.08696550666088533,0.5159698221052031,0.000770767942842941,0.11821503208949447,0,0
-0.4396478071162662,-0.31823248704613455,-0.06999008881198782,0.1590453427251423,0.2963441797081446,-0.016718477901292696,1,0
0.4632097025724664,0.22641586521640233,-0.09511882404799556,0.5237741425157346,0.015451394774901013,0.11151326930101547,0,0
0.4571672115503724,0.2169282457494809,-0.0689668142400833,0.5348987108240154,0.007904494286534733,0.11650296347537742,0,0
-0.4269061842600091,-0.3271413904767196,-0.06360794788445176,0.15845217660774988,0.3029320655615352,-0.01280041799377467,1,0
0.4620379205772886,0.23141289872794632,-0.1102532439864807,0.5177614396704646,0.016086313126421187,0.11397351779589596,0,0
-0.4197865270534644,-0.32135675587515294,-0.05572505813766826,0.15587384427070242,0.2982762456859986,-0.0013094614514808829,1,0
-0.4105513475326625,-0.31215410515436587,-0.05060104914241592,0.15740042896249706,0.2839166897261928,0.01005117064934184,1,0
0.45198212244972436,0.22224394139827996,-0.10107288118639278,0.5184929657473891,0.009297584546449463,0.11521963754028776,0,0
0.46023543378049336,0.2234536010678234,-0.09313352747013597,0.5264912343667637,0.01390915929660776,0.10900943093582048,0,0
-0.4030344463173322,-0.31277186946846,-0.03646203359602431,0.15692927146591043,0.31163997050630193,0.0036304581828553967,1,0
-0.48070593509089293,-0.28589111429956215,-0.09137367168030706,0.18380535716020602,0.1908247984908022,-0.013817483650664358,1,1
0.44511136854187455,0.21619883157593592,-0.08569657650045259,0.5178774927691193,0.0020180572718108527,0.11944630896829363,0,1
-0.491144734559571,-0.2969172271645393,-0.10301947207398711,0.18386728483944165,0.19181634643706957,-0.028362709690600684,1,1
0.45766340220311347,0.23064669215773637,-0.11635089052124521,0.5086700376703723,0.013876571429280659,0.11434418253766347,0,1
-0.5154560370204598,-0.3013843053776105,-0.13140593373367204,0.17234223191274892,0.1615882776924706,-0.04932871368332296,1,1
0.4516267639598207,0.21861954641858433,-0.0734324514622674,0.5239287653274651,0.004197294327755341,0.11785950168994702,0,1
-0.511185334302513,-0.2955954463305896,-0.12847182017473943,0.1740394073236869,0.1375949651769615,-0.034522586851847566,1,1
0.4531503855839918,0.22766623642490894,-0.11356824535169822,0.5085174574161061,0.010694946935888456,0.11749523909300341,0,1
-0.5222526520416476,-0.29229375707555766,-0.13168239584815603,0.1624235085199007,0.1383287719727801,-0.03685354612093131,1,1
0.4626700404762881,0.23063635368193935,-0.10638744138856165,0.5146629761702971,0.01828474455934648,0.10898641686097103,0,1
-0.5137267738978988,-0.28637328946791846,-0.130530489723998,0.16385667590413186,0.11529833980522187,-0.029201978427048424,1,1
0.4516491290588889,0.22090394517546955,-0.09097221594630993,0.5191008507313577,0.007367102843553936,0.11802153788041066,0,1
0.45303871504392934,0.2226451275584558,-0.09770938563023288,0.5179996063175776,0.011037700691011914,0.11548189266346075,0,1
-0.5140009791581346,-0.2854326136196302,-0.12061539758516786,0.1667514908238999,0.1421624487850291,-0.017424185233647776,1,1
0.44910240827083814,0.21787973659414017,-0.08610039958871198,0.5202798097385244,0.004455341761378107,0.11898668435785914,0,1
-0.513853282607004,-0.2858075015504969,-0.12436952646975721,0.1637000457956218,0.14209559962202184,-0.018363083313399704,1,1
0.4679727474663371,0.23304482594799916,-0.11581998145404898,0.5130319319558304,0.024980551117703725,0.0959604096635598,0,1
-0.5222665002799322,-0.2906735388085246,-0.12576033424073813,0.15711323004126065,0.17363745286353158,-0.03097473200475856,1,1
0.4607327810446763,0.22625039197482474,-0.10313945459473607,0.5192153650603969,0.017398339943511823,0.11475615253177286,0,1
-0.5190019085822272,-0.28946893786197375,-0.14342484140326928,0.15255087218700566,0.1173106584204563,-0.03051088256091135,1,1
-0.513951643871947,-0.28965221942869995,-0.14068516838690334,0.15335387639344922,0.12603391500650177,-0.022289621313111217,1,1
0.44753768886441997,0.2111886611620886,-0.06465361073002979,0.5297843441314175,0.0014737296935685936,0.1256067047505979,0,1
-0.5184730913862288,-0.29924755765057504,-0.14075540428967911,0.1453925103756642,0.17485570477556747,-0.03179100440313471,1,1
0.46539262871774184,0.22541603002377048,-0.08568798083221796,0.5249909361337949,0.018288176618734046,0.11056221031498464,0,1
0.28486228706629,-0.19951430468612066,0.6523428410170183,0.01669684558422763,-0.10296212487910537,-0.05907587278201711,0,0
-0.1646466692405575,0.5127937140246521,-0.04191329774529567,-0.05595506720209944,0.11921794560380328,0.06464142947168863,1,0
0.30923044894531354,-0.21998395690798297,0.6713586461212515,-0.0013830065151313165,-0.06397316301566439,-0.05362445215280019,0,0
-0.2926109065400609,0.5829978544968726,0.042841913404416516,-0.09479984897291803,0.12054575300431092,0.05274247642072941,1,0
-0.35742877689474745,0.5597078605231485,0.05090178612071952,-0.09691877226219901,0.14096279746956084,0.04959641960852028,1,0
0.288454737501388,-0.20144216748442986,0.6673439124644611,0.01762457948976192,-0.10767348509403318,-0.06459330277585046,0,0
-0.4096675157791175,0.5453111234303936,0.06185899051830165,-0.10630050312803874,0.1542650526137811,0.04587173777564461,1,0
0.2977775294522332,-0.20960266376444847,0.6758010984181915,0.009056034464640164,-0.0921502404735016,-0.06311420186772226,0,0
-0.43533591698192975,0.5054380425299393,0.05452200920454722,-0.10228099444787335,0.15698134469815098,0.05540132761197931,1,0
0.3163240524379507,-0.23073278031217093,0.6578727468203115,-0.017482780602267017,-0.04207636069699889,-0.01933142164758415,0,0
-0.4402400633578089,0.48697470512805874,0.058144877697426274,-0.08184414125845682,0.18633255350298808,0.08070758467124706,1,0
0.30839405165251904,-0.22368482969739964,0.6628977658804186,-0.009621296487588363,-0.06219915911224326,-0.02697495519677402,0,0
-0.4550331211501693,0.4741396080693961,0.038117331688616016,-0.108036647914171,0.1713126617197503,0.05657932924268964,1,0
0.28650213025420845,-0.20369847822670084,0.66987632787578,0.00866884952571045,-0.10827008365245595,-0.06420556913973678,0,0
-0.4370663757180057,0.47330704404922747,0.037392443348953926,-0.09436690102165876,0.188369569722603,0.07666991082382983,1,0
0.3066735309071893,-0.21906594060028425,0.6824263413431539,0.0031287990985564063,-0.0791754059514524,-0.05791664393648154,0,0
-0.39306565389847453,0.47484431848617736,0.04348222709094778,-0.0580178417006038,0.21836699777687435,0.10614938460080145,1,0
0.3065214321581885,-0.2207916304732316,0.674121096178103,0.0037196513349809393,-0.07545795599936668,-0.04729967966639088,0,0
-0.3800960242073604,0.5293670141020345,0.05797043127259703,-0.08625709620050204,0.19642157881307104,0.07980887176984146,1,0
0.3150769054108537,-0.22878347769479512,0.6872367033836604,-0.00760813407329751,-0.06045654273821355,-0.05927625872232083,0,0
-0.3354739614258665,0.5364924779338954,0.0684244635230549,-0.056248356010663914,0.18785079050269027,0.11111020596036414,1,0
0.29635654420071067,-0.21303465797135682,0.6805668680020178,0.008004225569506954,-0.09719492438090588,-0.06498319273070674,0,0
-0.3127601911363178,0.5260463596814511,0.06661969596709724,-0.03930729241889012,0.18229887196403166,0.1247451781951528,1,0
0.2915299188545371,-0.20823683796214407,0.6753262195344338,0.01503756360805042,-0.1067884699586753,-0.06718265599587385,0,0
0.31185728680089303,-0.22608670317770327,0.6775258847748632,-0.0011298203546193676,-0.06376898435159657,-0.049248265468518744,0,1
-0.3359694413709725,0.3434168737643975,0.07207882819792384,0.04608480123614939,0.28146584621296183,0.14842207678043648,1,1
0.30296223572628656,-0.21769981674987368,0.6811876153764054,0.006365032214548647,-0.08262926171876814,-0.061634164443547856,0,1
-0.36718695310188537,0.36701158649725507,0.051474028435671684,0.02322550047470231,0.2967784869926488,0.1383321509974008,1,1
-0.427625933409687,0.4080420133442282,0.025769074469204057,-0.03774598960109512,0.25322584471849297,0.12264681465476059,1,1
0.29971448309799115,-0.2157505977500254,0.6782481883338258,0.007179427225268342,-0.08734626866514082,-0.06124848847719151,0,1
-0.39412404594104733,0.41501315052977117,0.04694684141123294,-0.018702020711603016,0.26088791181966065,0.13324273661669223,1,1
0.29743136957826416,-0.21406000640322065,0.6790089593688707,0.0069525327103215255,-0.09202789981156204,-0.06442741843743342,0,1
-0.37704278537809516,0.4108555840548947,0.03774464495392889,-0.0064795711525408965,0.27070844714427567,0.13689831027152924,1,1
0.305007898643205,-0.22159950021944477,0.6723775778300601,-0.0008259626225006855,-0.07339750260475957,-0.04757665164942235,0,1
-0.3362623724139454,0.4006602171168812,0.05317510433867009,0.019441267366115646,0.2703189132600835,0.14942122923149415,1,1
0.30526240062241405,-0.22162141670878188,0.6764036481031357,0.0013524126462949016,-0.07488001594984788,-0.05198848802184214,0,1
-0.32047016416780194,0.39540221768435174,0.05277221385740861,0.029326498441349855,0.2678593850054246,0.15470267393752596,1,1
0.2899582152839029,-0.206086390003513,0.6751517194216217,0.0184313788605042,-0.10762492797786201,-0.07223633854099076,0,1
-0.27631453035954834,0.37698526297798657,0.07826038800157058,0.05363358373441625,0.24944878545291918,0.16014345416408707,1,1
0.2987754843129397,-0.2142761495284588,0.6789503545705442,0.010163242525537167,-0.09031671281420028,-0.06622441052848622,0,1
-0.29324423431150604,0.3876645382152803,0.057957875277523864,0.041579451866054114,0.26335552266574935,0.15785400969149951,1,1
0.2886506831654489,-0.20465306866523697,0.6774479315236472,0.019210221954209492,-0.11206958038614448,-0.07714251524727399,0,1
-0.2595628967183519,0.3609775382597826,0.07811599265310211,0.07132082504944666,0.24319213104384085,0.17443969694478959,1,1
0.2826978586906525,-0.19950292264934522,0.6676254257717616,0.02541067057342354,-0.11945092049435252,-0.07372717555694508,0,1
-0.30880841252178975,0.39392504480578505,0.05847808626954354,0.03215934544971173,0.25199755734475643,0.1626206106526324,1,1
0.2835419346557031,-0.19987168360835167,0.6752836085222479,0.024229403508126142,-0.12192444301571129,-0.08073481087017506,0,1
-0.2663587551826121,0.37168920324935784,0.07936236132896306,0.0596151459524907,0.2473873958263809,0.16198059888709615,1,1
0.2931806932112596,-0.20973855905478497,0.6763243977614148,0.012094728347081203,-0.10113420693264297,-0.06765043878102266,0,1
0.05860242680651666,-0.1625329818732664,0.40819312461076646,0.07529921852462755,-0.0896457915558778,-0.04588719109909702,1,0
0.5284055211574057,0.11070735865922265,-0.06104418019772672,0.3934742537984127,0.1612305273371136,0.08948766926481976,0,0
0.5219050856569658,0.11151327805878458,-0.04914170344370212,0.4020715380321697,0.1513440747174403,0.11159526816681965,0,0
-0.23586004600432686,-0.3590204644035397,0.13773106060416734,0.11769417699275725,0.1538652162621117,0.07701179349039361,1,0
0.537281642012013,0.12437324074643882,-0.09438411900385818,0.37905942367032497,0.16932531561850137,0.11428137372681933,0,0
-0.4328685992480701,-0.4521388635101415,-0.06778062037410945,0.16979510322769037,0.14482655222758042,0.00037617553677237456,1,0
0.5584179200222101,0.12691644701526547,-0.08813978684015047,0.3775714118118262,0.1879744856653391,0.08571900581926788,0,0
-0.5060323051815147,-0.45884075269200203,-0.12343888776843424,0.18642803608134767,0.11496294019006228,-0.05329789412946493,1,0
0.5611025388279604,0.12542845001091343,-0.06920315326420551,0.3861356290441344,0.1876470976001814,0.06839400109094614,0,0
-0.5163090006648835,-0.44452721142394647,-0.11480322148880234,0.1898046946331928,0.1361824239741948,-0.05856502528622349,1,0
0.5520619587120764,0.12871792671042756,-0.0562146958670867,0.4032196987956484,0.17627432150552608,0.09436843524426144,0,0
-0.5233664063815656,-0.43414704250261194,-0.13058198005268512,0.19306013083764473,0.12943114242238193,-0.061978358578842783,1,0
0.5397951855034606,0.1322004687499971,-0.0813468045189198,0.40072377210733523,0.16502018036751825,0.1114460324994654,0,0
-0.5198951942388187,-0.41328924909675485,-0.11935883560499691,0.1908161497848929,0.12199917503116141,-0.020130107768532777,1,0
0.5462750322183317,0.1272431628565793,-0.05357532841003974,0.4180761960927799,0.1667791768840516,0.09368151298328348,0,0
-0.495090256811034,-0.41750394115872086,-0.09536904606601446,0.18040058480796667,0.18056134643384444,-0.0135192874618038,1,0
0.547276807738874,0.12860969262048202,-0.05649291537321838,0.4175694849009441,0.16636345969780092,0.09362742131864471,0,0
-0.47645430352473384,-0.42347577412069043,-0.08376904390419238,0.16749416922884341,0.2018987829611507,0.00010368657693166623,1,0
-0.4342755297709821,-0.42129866788320924,-0.06679636409156105,0.16377406206959164,0.20296620470109247,0.015304964436920856,1,0
0.5124773937835444,0.10833895114747552,0.02036353437780927,0.4526342183378197,0.1188975193823633,0.09657884134117425,0,0
-0.3959706732289427,-0.412412353989297,-0.02891346308721658,0.15583030594642236,0.2212216270173537,0.03695900844857553,1,0
0.5215678960501124,0.11927972809270174,-0.024799309919575102,0.437653886971151,0.1347799881714404,0.11069773346807416,0,0
-0.3947081726369748,-0.40765378070207103,-0.03450645049946019,0.1547616754821849,0.22071245404849657,0.04255042555773842,1,0
0.50777863035333,0.11630150328036834,-0.006664848908916888,0.44731368782657344,0.11790365281154153,0.11300177257106289,0,0
-0.5425297887666057,-0.36415517822039123,-0.11970321118284602,0.1862073984665699,0.1924388372574533,-0.03471812710473968,1,1
0.535400215285976,0.12090809808589455,-0.0021892522272296735,0.4427993901450888,0.15212523843934078,0.05946420915890974,0,1
-0.5516674743854953,-0.36043527860719743,-0.1284626513036439,0.18108880874885616,0.17836043416255323,-0.03150430909620626,1,1
0.5353439567846102,0.12015825818483318,-3.1457958820804115e-06,0.4420738033042559,0.1514229157543396,0.06249432322674099,0,1
-0.54539152240385,-0.35612552550777,-0.11710939306631865,0.18327450889026214,0.19223972548297802,-0.020430529532494152,1,1
0.5360604593138625,0.12136756520685235,-0.012615635996462597,0.439743571796124,0.15462720592324464,0.060439252764537967,0,1
-0.5501549030780003,-0.3530789752554501,-0.11820543911119614,0.17864007652503208,0.1860098224728367,-0.020075313465444337,1,1
0.5394025712950097,0.12327384694991184,-0.010848482209003274,0.44017167942108004,0.15630507541334404,0.06515237238232258,0,1
-0.5435200102883496,-0.35393710136748713,-0.12222989035559159,0.18371526973492183,0.15963326861761873,-0.008783341744283638,1,1
0.5340981010525071,0.1250031982916409,-0.03265860956973382,0.4400219570966458,0.15113911755863707,0.07504695183078937,0,1
0.5433669726376528,0.12484524763428415,-0.020083916224113953,0.4360508120719586,0.16183721721126276,0.060585620556930626,0,1
-0.5552456740191842,-0.37080252836018535,-0.14786379392765361,0.17045711288286855,0.1362251508208663,-0.04040215216365531,1,1
0.5468648357735693,0.12577135961611133,-0.022090902914422016,0.4302490435414601,0.16740069763316665,0.050092121496168415,0,1
-0.5030544518880481,-0.3664048719222262,-0.07591154634780363,0.17385819429075655,0.23647410199116656,-0.012625381065088264,1,1
0.5392921738271277,0.1269548902251249,-0.02989184032776983,0.43734920530941007,0.15985232999535887,0.06698113526797893,0,1
-0.5019444650311605,-0.37182210670758203,-0.08448795832405856,0.1805116730343414,0.21934077502411597,-0.0017181270249931086,1,1
0.5375860058199243,0.12599475423443193,-0.025229483163860488,0.4393697242535096,0.1575352759929716,0.06899181806866629,0,1
-0.47387589268592845,-0.3600488044314571,-0.05240296776234333,0.17856070431367424,0.24399419648870194,0.014718957111323846,1,1
0.5454585069979615,0.12756283397767954,-0.0248515158691513,0.43510252542792055,0.16288933212200005,0.06090792181758937,0,1
-0.48361811537756255,-0.3722810357507325,-0.06962061655030738,0.17438327880341964,0.26593902220625476,-0.012842438316266877,1,1
0.5334779464269318,0.12125829185294652,-0.0029326093566411538,0.4455945970822004,0.15150618976662533,0.05879605567003931,0,1
-0.5109514893593919,-0.37263059727547976,-0.09921673185142853,0.1710286114465215,0.22465775575350935,-0.0071469506098461545,1,1
0.5250815785312971,0.11676554000755317,0.018592141832959135,0.45417232430086,0.13832559575368145,0.06446965049636805,0,1
-0.48245940257370906,-0.3669397735969223,-0.07010819074985843,0.18022176564154135,0.2606557536000392,-0.005644914837262614,1,1
0.238512565589614,-0.22683951517544465,0.6557285366398881,-0.046433033873809225,-0.1558165028886327,-0.027339668220237947,0,0
-0.4396046039066723,0.385770737836679,0.0032880909420302637,-0.119159071368485,0.0945160328642709,0.13845418442442314,1,0
0.23390365800693294,-0.21812909212653595,0.6591031278746828,-0.03948669690733127,-0.1682630629527324,-0.045555391806134424,0,0
-0.42807401050848704,0.4220763233515068,0.01327841989645647,-0.12567439682464718,0.11016684801670061,0.13367578455687254,1,0
0.2254639427974826,-0.207885522148492,0.6511901948435171,-0.03178033727951985,-0.18475705304961124,-0.0525525419601937,0,0
-0.3932564975017723,0.4499299736179561,0.020673248100070412,-0.11085337268839023,0.12799943710276596,0.13714090810251148,1,0
-0.36901908309161907,0.48343407916037334,0.03090748480050643,-0.11050562246622743,0.1086903099468624,0.14199293218716347,1,0
0.22296488849223103,-0.20511053543160002,0.6481159462419367,-0.0273823412979652,-0.18993741235695977,-0.0528506828240344,0,0
-0.31945532038035557,0.5011612199602475,0.04847508160269744,-0.07826189985312014,0.12896487475538337,0.14868429466623845,1,0
0.2204576206807186,-0.20212659010958817,0.6443825848579942,-0.026403935320076094,-0.1926171732433758,-0.05737401374865774,0,0
-0.2920944009334905,0.49955084282586854,0.06402152014402548,-0.04973231589280903,0.13613019806092433,0.1663976775275501,1,0
0.22589466580334563,-0.20881008483197497,0.6502483902956835,-0.030239764261720748,-0.1833219593951117,-0.053140793697602676,0,0
-0.29846241770245663,0.48491004713059244,0.050742563060989135,-0.05950188030278121,0.12991618856854253,0.1776184380764639,1,0
0.22914746471217723,-0.21777374489241752,0.6443656475651034,-0.04015085775410175,-0.17065294649513774,-0.032469107231406474,0,0
-0.32070064072845333,0.49449015699932786,0.049593297191877925,-0.07864977933190431,0.1341140707319837,0.16851161779565396,1,0
0.23287039147959768,-0.2211455616474487,0.6527831053294619,-0.04369283919137132,-0.1657747027630566,-0.037386014381689765,0,0
-0.3195686492942247,0.4885424731526665,0.05245337477256704,-0.07633150093672479,0.14595066725958114,0.16457550948817673,1,0
0.2303010714013602,-0.21519424659090228,0.6540819900957827,-0.040018911176652225,-0.1736025046711565,-0.048764465246506114,0,0
-0.3226139446614911,0.47422471114425513,0.05156089916197889,-0.07068626718323841,0.14169633969627185,0.1812539838800742,1,0
0.227364751960578,-0.21173460578006129,0.6495660376782831,-0.03468545878385188,-0.17936647564214472,-0.047378697333616764,0,0
-0.33369967583328747,0.4786513596475227,0.043608523423377656,-0.07872398018014194,0.15469983063810913,0.16906468479874648,1,0
0.22171964838216354,-0.20384533349659895,0.6469904001660234,-0.029330837833705724,-0.18955100134930694,-0.055449837772749075,0,0
-0.3447834174102881,0.46734353385692534,0.03483012293368329,-0.08558859905454981,0.1346451266687543,0.17491227263755743,1,0
0.21834592651232215,-0.19821436613441204,0.6426639945138729,-0.020256241367924827,-0.19858731174088343,-0.058715064550290935,0,0
-0.41339106583109364,-0.372154203957665,0.00287799793253024,0.16824239733864607,0.22572013670790098,0.04401312347907738,1,0
0.5369835310460281,0.18713930753416183,-0.2657815339570778,0.2861500059119147,0.13339640699497507,0.12157612023141251,0,0
-0.43298726229590767,-0.3625653472865433,-0.013442991099497188,0.17999434003889006,0.23346040829432835,0.03473974825476779,1,0
0.5170763673745946,0.19316602284543916,-0.30645924225874505,0.2347217745512719,0.11114163996082435,0.11558650426969251,0,0
-0.46081582518608305,-0.3584032326685918,-0.04333092061528856,0.1769883796345642,0.2368874367136027,0.0328828923816725,1,0
0.5236632835171532,0.1912707205740738,-0.287649273858977,0.2613066059482248,0.11943773661699343,0.12032205130356573,0,0
-0.48538726994882636,-0.3720094027526988,-0.08683689183605077,0.16704951716064378,0.2322365262448757,0.01986463825333045,1,0
0.5232056759612763,0.19485420082183877,-0.29403119931868876,0.2526975643480212,0.11699408203710528,0.1217508959776005,0,0
-0.4598723153605891,-0.3702942190197409,-0.06601401208321574,0.1619566573314943,0.25838902524352225,0.031473011825587364,1,0
0.518192967997206,0.19649400733133787,-0.3083536802695506,0.23379369628528013,0.11072122098722231,0.11385182995092033,0,0
0.5293541639369072,0.20125115100922972,-0.30754185392121414,0.23110113064325602,0.12249411937426212,0.0932521275553487,0,0
-0.43477386897281306,-0.3706731093135284,-0.04337761299767879,0.14283148980230526,0.2917447690315071,0.027776594273587838,1,0
-0.3825734632829857,-0.36588311976494275,0.001011814387096712,0.14615179876945006,0.30918983295608693,0.036888886419137144,1,0
0.5209515619465482,0.20035003897982911,-0.3159643235551739,0.22112174185846906,0.1145959294923848,0.09506529298227975,0,0
-0.4078284658997635,-0.37657013815612683,-0.032023263398103685,0.13306024422508267,0.3155051936351296,0.018965424864730775,1,0
0.5288549914498483,0.20305794873070238,-0.30657460050613394,0.2280747523848063,0.12275031524494859,0.08466389145448662,0,0
0.5402178882711068,0.19320763438992114,-0.2765049182423031,0.2745653580985819,0.13413751343127994,0.10488310553723962,0,0
-0.3980801877156171,-0.3697864022730713,-0.02801753632056052,0.1396435526800423,0.3078021871701596,0.032303047714485486,1,0
0.5435054982112929,0.18426806603358045,-0.24478273108037352,0.3176944201955658,0.14080518505098188,0.1092249962078674,0,0
-0.37261481563924864,-0.35557083783862314,-0.00010596689783202427,0.15140082025257165,0.3086228139584292,0.04137230233487879,1,0
-0.3946801950036666,-0.35965654973671746,-0.02286998041263749,0.15142602794792395,0.29856602127921017,0.04509834411782337,1,0
0.5344315022514551,0.18708168435128258,-0.25596203567647796,0.30477834911386203,0.1314732963071672,0.12018367487862668,0,0
0.5484625236379194,0.18294225179121917,-0.23354199627462044,0.3264544835372295,0.14545510394167008,0.10879173393394963,0,0
-0.39753245992878306,-0.3608161814486752,-0.02065980640273948,0.14911931484649865,0.3092775090350474,0.039302826320954,1,0
-0.3888762795466162,0.006037973310056373,0.004684079812363922,0.04613966249782463,-0.046450662837494126,0.24971030652649545,1,1
0.14457359696248454,-0.20478607333396887,0.4533263336305425,-0.10519058868023622,-0.23654708318361384,0.10328611554418918,0,1
-0.3723673300032449,0.01643237140388437,0.017620288206552284,0.042731032702833516,-0.05016957302447471,0.25149455749005206,1,1
0.14183148588554823,-0.1945190349471322,0.45724714637028663,-0.09463305784023628,-0.24453841869336468,0.09025118345668008,0,1
-0.39834666838137905,0.004307744039863327,-0.011985516368868663,0.032629116805495184,-0.1021323420845346,0.24530738863149937,1,1
0.1417006424050113,-0.1891705487084286,0.4632615886105473,-0.08452270190963314,-0.2486251998223296,0.0787172431888923,0,1
-0.39860725479503245,-0.0024600836348248334,-0.019266832903413134,0.029375881728924726,-0.1109226171510908,0.23872870356944206,1,1
0.13860167377387725,-0.18584311638958623,0.4591033345089558,-0.08481952253887105,-0.25207014608690037,0.08155965029998011,0,1
-0.40468297568523887,-0.010324717458803853,-0.0318750932290634,0.02817552460944838,-0.11894718959314704,0.23553593534221554,1,1
0.1396422306321437,-0.1919487765290481,0.45542366452177324,-0.09096806858914203,-0.2480245451191382,0.09297563184967703,0,1
-0.3978945719806018,-0.007879841823124956,-0.017477979430328285,0.037505223670771144,-0.0398580424269366,0.24936766333887536,1,1
0.14380856801841438,-0.1975311878898523,0.46301565918387955,-0.09698761502294101,-0.24265757206574348,0.09098788619674979,0,1
0.14122605829609877,-0.18786465059097257,0.4661551444969878,-0.08471484817274512,-0.25046028320772357,0.07869663380417384,0,1
-0.3762818985603517,0.003216867781872566,-0.0014507297889692016,0.03316003089343577,-0.04887395339846869,0.2697065299493653,1,1
0.14312380746788392,-0.19659720162014108,0.4644560208116338,-0.09537040928490027,-0.24353429669858853,0.09153130269428997,0,1
-0.35105606975866577,-0.002473286435260771,0.01707559946739792,0.053802968679685224,0.022391700251922286,0.2620335833818973,1,1
0.14367821280929582,-0.1969582316430523,0.4638558597011875,-0.0946273514695375,-0.24321647960210388,0.09100484095388067,0,1
-0.39264562842804107,-0.002341036163848571,-0.024141630141013806,0.030657529965609262,-0.025717340691200293,0.2596076101098167,1,1
0.14306725798756523,-0.20120802698746315,0.45601320128544764,-0.09950985478096985,-0.23999507897218686,0.09961590360077839,0,1
-0.36545443985404635,-0.0010161068312984829,-0.0006255873541149812,0.04496529267218162,0.00127160244298535,0.26941865061490144,1,1
0.14186354949992558,-0.19104950249331526,0.46482366943693604,-0.08784161669236598,-0.24802553178996917,0.08328686621697896,0,1
-0.36435422541379675,-0.004422673996040747,-0.002595986911016789,0.04730185685718664,0.006956523670400624,0.26313298490044945,1,1
0.1424952579724776,-0.1910021600506336,0.46669970056090215,-0.08639501241332763,-0.248866218730495,0.0810861864231024,0,1
-0.3941713682578217,-0.0037362775875162796,-0.02878543031981414,0.029414156676796106,-0.044791587112712854,0.25826349666878107,1,1
0.4523247370073767,-0.044245290292402845,-0.2019299757420131,-0.07179494815989451,0.15865595339859068,0.16834285013391445,0,0
0.12166830810926157,-0.3285167700066673,0.45885442311843605,-0.08163175605421437,-0.020101102790535272,0.07891336374851782,1,0
0.414346311622497,-0.04088377968025966,-0.2544693727859201,-0.1156664262710603,0.12205374766494119,0.15833679349111485,1,0
0.40740845147434557,-0.03810339521856918,-0.2234401620537318,-0.07190192503018922,0.1166325246822314,0.18050163134284172,1,0
-0.02909237839684327,-0.2702428443322033,0.2789813824099803,0.06410545141821673,-0.03647706616242529,0.0033343561635582677,0,0
0.4129532996932706,-0.03642520344206694,-0.22414354435671904,-0.07175609803651513,0.10978432744994321,0.1913471427378555,0,0
0.03921218701308255,-0.13913171972970012,0.3570467327899807,0.06862870347639238,-0.16793243610115138,-0.051598650852849925,1,0
0.4217522991583373,-0.03592719059845766,-0.18306446821609498,-0.023268850899799416,0.12039879051549679,0.1966322499137613,0,0
-0.3519450947082532,-0.4381135755210834,-0.007762054374367722,0.15604843103175206,-0.03400835454258804,0.07765713181736046,1,0
0.41702144743453495,-0.03367338595715869,-0.2112527865188587,-0.052866407337704494,0.11365545965503678,0.2164336603765765,0,0
-0.382133553683381,-0.42533327328873854,-0.015032059540360016,0.1862685899627529,-0.02719142882903079,0.058637327932159124,1,0
0.4474854978026085,-0.035658810292310654,-0.2114285321452254,-0.06088327512751512,0.14957812168350101,0.20342627614743683,0,0
-0.4605968230842219,-0.44642825224261895,-0.07800443837731333,0.206901804032032,-0.04705863971988296,0.028606636319659196,1,0
0.449231403334831,-0.033396763700464155,-0.20551366201492147,-0.04364706552503827,0.15052273603647073,0.20193353248916346,0,0
-0.4823593623199325,-0.435049919220626,-0.09020172255243881,0.21635629867389639,-0.058260210898153045,0.029263316576836257,1,0
-0.4795881670338862,-0.4212669657009539,-0.08611363179417729,0.21607871384204252,-0.05452041826598567,0.039816347323733035,1,0
0.42990236459612735,-0.03197088105525986,-0.23424805786083444,-0.06403297954223662,0.1255980409919054,0.19874143105885464,0,0
-0.4950041489989433,-0.42781616859323757,-0.0910339392025236,0.208548910444022,-0.03928689447707594,0.037342016895844356,1,0
0.44851989779633306,-0.03386905783671813,-0.23986052977400066,-0.07999977813052919,0.1462297150290223,0.18110388244069822,0,0
-0.48859637149362034,-0.4303576740341665,-0.09296079082395492,0.20688388226440108,-0.023310621142893954,0.03727846861213146,1,0
0.450934376747507,-0.033630760145703285,-0.22446140560616681,-0.05665037620758682,0.15113932825686385,0.17999235640449707,0,0
0.4474679709024289,-0.034617645584859955,-0.22238019808184278,-0.05399994004282829,0.14743643767091155,0.17125471107266724,0,0
-0.4716720613421018,-0.4367516548892629,-0.09060637150146776,0.19722022334558154,-0.020392055457958257,0.04129078101116983,1,0
0.40778424057577445,-0.029540990872355857,-0.20768196173561693,-0.05061527172756896,0.09591803952736798,0.2139947664838287,0,1
-0.4894250216961925,-0.3921394081731707,-0.12012736376909415,0.21872103433057657,-0.1348414248539363,0.025915158467462156,1,1
0.41909609855523383,-0.03162280083116639,-0.23983349663529102,-0.09407988789387914,0.10442614917625821,0.19933669268995885,0,1
-0.5089945387667824,-0.3897781008309855,-0.1387675448657586,0.20864594548823373,-0.14997392856779765,0.01018550803072431,1,1
0.40202919876530196,-0.031072019690668556,-0.22793978825469352,-0.07371811388157544,0.0863992829955054,0.2056267025698564,0,1
-0.48795738146171247,-0.3595271123413328,-0.13129140562071626,0.20298763310693907,-0.20598756288482475,0.023090315931829357,1,1
-0.4845690664156478,-0.3546880773440315,-0.14082509860410905,0.19229345650105797,-0.22330938659262722,-0.0015896634157169887,1,1
0.42956048397808505,-0.03281838931926174,-0.22241855384246112,-0.07512418195390143,0.120981348350016,0.19433850883508114,0,1
0.39228975007195893,-0.030563960691806464,-0.24143082538265173,-0.09307135883233475,0.07557096239432434,0.21181346241878796,0,1
-0.4372654523211238,-0.3293522141171056,-0.12710250082643415,0.1898980905542769,-0.22657749114146672,-0.023286794395246807,1,1
0.3912688481336227,-0.030387637221698457,-0.21948638005686438,-0.06512649010300035,0.07764212482802083,0.21264949140442638,0,1
-0.40914801244977306,-0.3096122161042378,-0.11284642002372612,0.18731236669026227,-0.2387097742271703,-0.025204447614377203,1,1
0.4117627189065654,-0.03238312615397672,-0.23988531608543429,-0.08902248077163824,0.09767423101370142,0.19626394951856957,0,1
-0.4398093794513023,-0.33972274576194494,-0.1252939282329061,0.19455590340985354,-0.21237233082158266,-0.02749649686827486,1,1
0.4105048392422187,-0.03215290361568394,-0.22685129034033907,-0.07563338119858366,0.09699335119220709,0.19692309476147082,0,1
-0.41127935518839376,-0.32163185989535914,-0.11809194428126141,0.1859706094771254,-0.23552021506556636,-0.036584515471448795,1,1
0.4044700898052341,-0.031615446042909966,-0.24176147428591405,-0.08774240556106774,0.09107769772454713,0.19857152339670914,0,1
-0.45250141912211705,-0.3580735166665498,-0.11900269723295066,0.20478352359892896,-0.17208819891129234,-0.005885294539706928,1,1
-0.46334756137098654,-0.37069645316135014,-0.12424173955684653,0.1970665342852906,-0.1617962063358043,-0.005158281210541244,1,1
0.4133557429573317,-0.03336855524084533,-0.25871238140468444,-0.12453830381934627,0.09551762852497404,0.19617711690292525,0,1
0.4099266090538886,-0.03284873935398629,-0.20376045956479222,-0.06541251142731347,0.09391166935726711,0.22929507632844426,0,1
-0.40476737067502233,-0.3343749949596018,-0.11893175720626559,0.1789798298225961,-0.21911704542776603,-0.024072442673306643,1,1
0.4128834820679286,-0.03333257295810583,-0.25274284145653375,-0.12417262223540194,0.09405732077242414,0.21268636136027969,0,1
-0.4183778401213826,-0.34677689208830226,-0.12482762105531811,0.17424363424982842,-0.20641326881190175,-0.025990512442696945,1,1
0.16492274934412113,-0.1627474360001793,0.55020777398937,-0.01655062643585869,-0.2591194021816316,-0.049411485614755314,0,0
-0.29388023384677575,0.29512188678741497,0.041459149454763665,-0.0306753550759877,0.05689126126782692,0.2633409215885706,1,0
0.16016487170063928,-0.15157492554834254,0.5527516252507907,-0.0060322683807952715,-0.2736602344529587,-0.07012911729699037,0,0
-0.3617419069993764,0.2905973219445971,0.03387669465799546,-0.04684678758156591,0.04819452539598172,0.23604314962167666,1,0
-0.38611861608019016,0.24882991277091646,0.030134107536341194,-0.03690403824827831,0.02839220250337628,0.23399126137242227,1,0
0.1561568289300924,-0.14606951536333151,0.5441591630637147,-0.0027577697879370487,-0.2788700426553343,-0.07121432239511907,0,0
-0.37124946183005386,0.22310623024081128,0.046530838198458706,-0.013562203443066748,0.03446842026854889,0.24829508334520822,1,0
0.15929483140772666,-0.1510141494678031,0.5454773037287196,-0.006435031823675873,-0.27289818193501814,-0.06286215904060903,0,0
-0.4025476695716079,0.21843559741562882,0.01018803040718992,-0.04258960052771198,0.0058333803797812845,0.23222585854374816,1,0
0.1555908465769642,-0.14340044656177856,0.542826162101493,0.00023076580878399365,-0.2817531528717047,-0.07441869244011622,0,0
-0.3741017219883618,0.2228565038030624,0.0271214064390061,-0.024074086448326676,0.043284157848639836,0.25158666931079193,1,0
0.15661016764893634,-0.14602764268811794,0.5426505357237409,-0.0015764817627619376,-0.2775388751036978,-0.07072886049688457,0,0
-0.3533354228521746,0.24937516314588837,0.025705050420231433,-0.03204566197399509,0.05519121877231943,0.25833228156465476,1,0
0.16033114694432377,-0.15240721952102315,0.5480028768954012,-0.006453433141840787,-0.2709290317612642,-0.06294053485438188,0,0
0.1635289768226052,-0.15578263698292455,0.5545625443228953,-0.008588668828278648,-0.2679528478272334,-0.06367087141487227,0,0
-0.3114497698293718,0.2663185771546537,0.046300872396289314,-0.017431556189824633,0.07833478833135112,0.27140923782650545,1,0
0.15581082531326426,-0.14499446178432418,0.5424320134765223,-5.523795163796822e-05,-0.2783671958247714,-0.07272696685741678,0,0
-0.3096705856128251,0.27376648658930086,0.03897857261277387,-0.02584345861916297,0.06891346630516919,0.27670538740220113,1,0
0.15861851785293452,-0.15021114410204328,0.5475319402571392,-0.005698252640724728,-0.27396328728986424,-0.06660791870225655,0,0
-0.33087037472770375,0.2779558449352084,0.011428114944766045,-0.05309770277755144,0.05665026157447543,0.25602051770763123,1,0
-0.33351255238005695,0.27696710148248915,0.020729235782047023,-0.048102515708998754,0.0681297284235946,0.262169928785953,1,0
0.1467287603488387,-0.132938460948955,0.5313755857006915,0.006573958690775329,-0.29224087843306484,-0.08546606636291688,0,0
0.1538372579164861,-0.144206025236438,0.5386279116356617,0.0007808104682393134,-0.278434875247323,-0.07167895599511107,0,0
-0.32490162126244715,0.26417337401400826,0.02424570439929354,-0.029685685921299713,0.06629751883751589,0.2680740442734426,1,0
0.15257469842415364,-0.15355194246551263,0.5407724850957225,-0.014723536466820364,-0.2753328734193582,-0.04779603837923385,0,1
-0.39040831244567337,0.2343285174983213,-0.005050386626625776,-0.0427275986758896,0.03209410108091678,0.20571381201224453,1,1
-0.4040760301853741,0.18981227601792097,-0.018420436845799484,-0.042432768302072564,-0.03834133624932955,0.1795952826212575,1,1
0.13229606547521108,-0.1209328047510203,0.5040843006440393,0.01001565729772585,-0.30373643941019435,-0.08083856205322762,0,1
-0.3726863747872158,0.19294803362164661,0.027654106066869025,0.02409935046400627,0.07489156900964632,0.2534842183586475,1,1
0.14032200723949703,-0.13342501383072883,0.515893776628084,0.0028574790221828988,-0.29171044685255454,-0.06718764192504711,0,1
-0.3909860418529341,0.20592249033114995,0.03491560201414553,-0.005648082001156349,0.020801456161529473,0.25617246801471777,1,1
0.14609574617214574,-0.14376527482954107,0.5272818808142458,-0.006365223770009705,-0.28355685993520674,-0.05630666496087291,0,1
-0.4083474640449337,0.20496059295769414,0.017969272711839356,-0.024588777143032484,-0.009159052689007512,0.24023629687578443,1,1
0.14636957274717668,-0.14275733421722323,0.5284390503611869,-0.0045130569647943986,-0.2840742015224339,-0.06155550577630374,0,1
-0.42950557849318455,0.21300318126792994,0.005279808881069839,-0.034182733502616164,0.006822403447268229,0.23297723534857795,1,1
0.15020271558190013,-0.14964472416641206,0.5392187088593642,-0.01113406716833694,-0.27961101562237123,-0.054843288370152725,0,1
0.15271747265975705,-0.1529963756626149,0.5443548044458771,-0.013227202322751031,-0.27648816024015793,-0.05457357406449897,0,1
-0.42813329603824263,0.21598954272839568,0.0063950219659352,-0.03204376461873534,0.026147622458881033,0.24113117751308757,1,1
0.14983714627199662,-0.1493706627728825,0.5373995722656281,-0.010893281093515703,-0.27857044568131034,-0.055701145558440586,0,1
-0.38396140444817406,0.210557795066883,0.034303778314878436,-0.0080169709863008,0.05274959811194123,0.2674763804407549,1,1
0.14358881346053604,-0.1360997434448762,0.5317215142015459,-0.00047565432599827275,-0.29234499719105783,-0.07698627929904642,0,1
-0.3971004690983884,0.21768372728215776,0.020140898349818772,-0.004685950459806443,0.11048198666761583,0.2623343066963155,1,1
0.161854035898347,-0.17242498994852817,0.5557846603409251,-0.03143088625477085,-0.25770428537171236,-0.02773414658973523,0,1
-0.3567392312581208,0.21026659555682034,0.046968957869345414,0.00400764049403651,0.08308540514827044,0.28249706977238587,1,1
0.1648941418995752,-0.18440052987182282,0.5521737616240531,-0.043086562889912805,-0.24375476437377433,-0.005528865453865532,0,1
-0.3583588376091691,0.20359030998878358,0.03868101730872494,0.00796515700435989,0.08416590629991634,0.28206165001478867,1,1
0.16082835957107694,-0.17253100690078949,0.5523281135335629,-0.031655341211181076,-0.25507640097907935,-0.027111516558240175,0,1
-0.35441076984120123,0.20295266624959798,0.04150941835662212,0.008456923374442746,0.09068263758584455,0.2761531186418548,1,1
-0.29747851234423167,-0.2617047001733023,-0.0014242202420551046,0.13230843702868345,0.18243499444202516,0.14966705557623855,1,0
-0.20953024815516388,-0.05542684220000793,-0.06652303520335956,-0.012704458024956015,-0.23348933958330853,-0.010973657830648811,0,0
-0.18645200667905867,-0.06269729558402501,-0.06907459261728195,-0.007531340790524404,-0.2065951402529373,-0.023564997121395734,0,0
-0.39496804783984274,-0.2822640965466006,-0.07368826828622604,0.15039122467938015,0.11203612628148586,0.10925329294459597,1,0
-0.43146263001025253,-0.27005339942644413,-0.08934271459459618,0.16538382749918715,0.017714740326668796,0.09418571565464963,1,0
-0.1758484348173772,-0.056197663189832145,-0.05607399927333074,-0.008464603792802653,-0.23397755248130844,-0.01622174372620253,0,0
-0.5334041679339108,-0.3095463646182226,-0.1401558148536096,0.1635888536834454,0.057796770628546795,0.03644348158848016,1,0
-0.17397198747976644,-0.053582266101266735,-0.0707971127888345,-0.04224048783097396,-0.2559860117316352,-0.04880626271474394,0,0
-0.4840597710230168,-0.28160753810961703,-0.10646445122574084,0.18334742874910923,0.0008170114186431468,0.05876221649337398,1,0
-0.5482787442495207,-0.3100661507819953,-0.13106393373748843,0.1796744730151593,0.04538827172774652,0.035322394052585804,1,0
-0.26006897981916,-0.09690495999615979,-0.1973334727033842,-0.10690334320493837,-0.11646870916730709,0.0034509668710789596,0,0
-0.538566365674132,-0.30830878477348655,-0.12073489262070718,0.19316085156514606,0.048562424003530474,0.04151400602249182,1,0
-0.28351956307549087,-0.13383857339107044,-0.23845613273036226,-0.10033027589031798,0.09900380096850668,0.13098502741988724,0,0
-0.5607461124132378,-0.3151614870307396,-0.12586767015324077,0.1854190218756488,0.07085791717030246,0.03323374142260475,1,0
-0.5399247722838821,-0.30954417966752007,-0.10589292026563715,0.185270806524434,0.09131556958795117,0.05767626182386213,1,0
-0.12075755472686099,-0.12149009420480668,-0.29784636296424405,-0.22183982025632246,-0.03965603532062343,0.04600101823450887,0,0
-0.001749222767055118,-0.12064019321287311,-0.2517697647207965,-0.15485271805912798,0.10116375003315578,0.17527490185217712,0,0
-0.4780652928514176,-0.28344536057153724,-0.08483805347188193,0.18988066059557798,0.04090827264496513,0.08147206676420796,1,0
0.09544067053480869,-0.1167914080662105,-0.3325949800419805,-0.25486208128007815,0.10737722191556667,0.0952600850503379,0,0
-0.49371531353847226,-0.3105754237278048,-0.06787470907971617,0.1868442900040452,0.14326994771888876,0.0731853887095587,1,0
0.19311330623806452,-0.09746243698520643,-0.321910673638492,-0.23472031834655793,0.12451491769020151,0.11750297743196529,0,0
-0.4810432519176409,-0.3191611644081522,-0.061653191994657,0.18845476244576012,0.13985625903903884,0.08027831939403121,1,0
0.30250540154136235,-0.12389731183728098,-0.3876021810508905,-0.3755792705946109,0.06757146799670624,-0.01688751736729291,0,1
-0.5045418468557209,-0.28418199118603976,-0.06070733063543161,0.19602749743570164,0.2022972235780912,-0.005444921703191682,1,1
0.3134024585765427,-0.1251578343659023,-0.3713373140837536,-0.35058235277438193,0.08706253030357886,-0.00472069158177797,0,1
-0.5023063879575066,-0.2724116329764951,-0.04137911388434447,0.1962935244171616,0.19422375603189548,0.023956374457646132,1,1
0.30646317529353867,-0.12060840102699022,-0.3621129502067075,-0.323776330036664,0.07659264461892804,-0.004606705077173514,0,1
-0.5597668763155776,-0.3037171887810307,-0.11716877088863385,0.20107091899233218,0.1169830801367771,-0.006094695701383097,1,1
0.31861401420470187,-0.12212454359255087,-0.3313305848212078,-0.2920788552139229,0.0954227748974835,0.02874888522449941,0,1
-0.5450349878248879,-0.300522007430371,-0.13424851742018187,0.19470881012210342,0.0540558294600907,-0.016666310400319205,1,1
0.3109241560470427,-0.12059180363191223,-0.33906782840173355,-0.30162706352269253,0.07733330335607783,0.01630652083500645,0,1
-0.5699655362871993,-0.30527872803247663,-0.1298130536919635,0.19912761762434045,0.06204267803216641,0.003684970646599755,1,1
0.3085579798973282,-0.11906585805888019,-0.35118985297106325,-0.3133358803267736,0.06753229394811283,-0.03132640920233052,0,1
-0.5657710424264689,-0.3080619193272552,-0.1476445318276247,0.18720662589989553,0.0382129376999678,-0.028406980294493966,1,1
0.32271940771541313,-0.11953203923732088,-0.34011620682267574,-0.29948543337449446,0.09350309026811268,-0.07663778722780373,0,1
-0.567801467701071,-0.3130487912474224,-0.14867353114146759,0.18123263596416314,0.07470025780123829,-0.03962485806258177,1,1
0.3571784448458116,-0.12040570893649523,-0.25589259125113933,-0.21156905662963252,0.14998993983847173,-0.03676574564875107,0,1
-0.5679458129059435,-0.3188067478102798,-0.1248016672885137,0.1972935488419616,0.09197390527220631,0.007633901206023907,1,1
-0.5705972910159585,-0.32276368009414763,-0.15141654356222756,0.18305329365880527,0.03781614141350404,-0.018246895815224973,1,1
0.37763854342067493,-0.12054609802823593,-0.20375051033145508,-0.17483710141412573,0.17587287312586902,-0.04638859718080068,0,1
0.3892782753214307,-0.12046470682895905,-0.15543133349705862,-0.12522709420969816,0.19543347371005704,-0.0331314310956626,0,1
-0.5688353307361724,-0.32470003161236927,-0.13861503679084608,0.19361734102349507,0.05769111808322402,0.0027545688429447238,1,1
-0.5446249918760363,-0.3346210139574271,-0.12358570428624539,0.20082123855654074,0.09513251325359037,0.011252788918466008,1,1
0.36426210965300104,-0.11470140654003491,-0.16438766381753403,-0.12535994582557436,0.1621548767825334,-0.041588298268708454,0,1
0.3702061807782457,-0.11609607763552056,-0.15336105970240574,-0.12792621216905353,0.16752883968041118,-0.060436853840433714,0,1
-0.5235101519596113,-0.3380050382319641,-0.08853912347092523,0.20124026185977456,0.14778313755780173,0.025809377794033143,1,1
-0.4056941194929275,0.4654605932894232,0.058372906864522275,-0.08665719170965487,0.12041712286006236,0.15909197029468145,1,0
0.3251947041202746,-0.23103211581036168,0.6185915447081587,0.004119127140205861,-0.015562089736130543,-0.03831821084932968,0,0
-0.4365636602941192,0.4461282491136583,0.061495329912127784,-0.09190901687477993,0.10291135886284658,0.13755450049689194,1,0
0.3258197847170844,-0.23363557791395004,0.6189363433763936,-0.0018054477259001887,-0.013015334915829966,-0.03507744564257432,0,0
0.3349718591672984,-0.24170893972924978,0.61850123428926,-0.0153137480413,0.006070911443576689,-0.03553332907401761,0,0
-0.45526727499356445,0.44254652239089104,0.06663153509306463,-0.09894587866259846,0.09204907964147983,0.11797793036938183,1,0
0.34046835237927175,-0.25122581407739647,0.593546804962005,-0.02552685204495242,0.029989378480918417,-0.010207037053138704,0,0
-0.46132341433140994,0.3966317634738238,0.04194517195131969,-0.10031321420383217,0.05777620658713666,0.10345702500095987,1,0
0.33434194212529067,-0.2449213180280556,0.6086253179536522,-0.01857066322791054,0.011300430647151293,-0.0253565971671887,0,0
-0.4661629706908667,0.3889462327883466,0.039424225396668754,-0.10074259845324353,0.05915517754878936,0.10474032979580226,1,0
0.33597072859233146,-0.25180262271984727,0.5904671993980405,-0.027550534241682828,0.026015343283152498,-0.00286614997143986,0,0
-0.46711893586183856,0.3852073765267042,0.04300153244873689,-0.09023965308888734,0.07097570431089352,0.12372961986390846,1,0
0.3288066159522141,-0.23951882146016903,0.6325163762315366,-0.008095873827256357,-0.009546584324324595,-0.038201207938923606,0,0
-0.4699089874197212,0.3995991586597647,0.042323715598078036,-0.10161753164043523,0.07072858703203344,0.11184145831934814,1,0
0.3325617033276619,-0.2460881130935993,0.6252095017185599,-0.019289442961654874,0.004959090819387829,-0.03500699902431241,0,0
-0.46482756066824954,0.4170741167659411,0.04587839477543993,-0.1060748039960127,0.08270715848674261,0.10948104705319792,1,0
0.3293427070857568,-0.2438887163195754,0.6245789886297686,-0.016436451532184104,-0.0016824927043763314,-0.034429626081628265,0,0
-0.44915240862357125,0.43806135553207,0.054070838708125436,-0.10269932228985192,0.0955363186362025,0.12477844455550059,1,0
-0.4299483345602458,0.45894590684182757,0.0624810024142937,-0.09377042701839075,0.10985673660002022,0.1392221514298637,1,0
0.3239524503431814,-0.2378597719958645,0.6281879800321775,-0.006198451410289423,-0.014952972374328495,-0.04146009426554898,0,0
-0.4175414972319899,0.4904906742060367,0.0664630956522953,-0.10453405823710138,0.11115652669763287,0.12812642701124657,1,0
0.3224468299049214,-0.2383704719008429,0.6506180419447379,-0.006126923197102469,-0.024508346900300872,-0.05123631996090258,0,0
-0.40207019975684793,0.4979109185976123,0.06828191862642834,-0.1003619630425598,0.10836426670221393,0.1394448860990807,1,0
0.3206063507464957,-0.23747296509420554,0.6466253411907875,-0.0037984256538228004,-0.026552530034175008,-0.04882702756888402,0,0
0.3174341334461928,-0.23564451938622838,0.6367855252648221,-0.004891871741471181,-0.028663348782310593,-0.04502975966163955,0,1
-0.46195045422192876,0.3245730355555158,0.05649556024457449,-0.033015685663818906,0.13827615870994053,0.17156524865892975,1,1
0.31846062322707785,-0.24079237312958837,0.6102102996249443,-0.011228288977616662,-0.01203200053628074,-0.02168564106160909,0,1
-0.4692199942820814,0.31088201742422145,0.03960790787763112,-0.03367332116725063,0.11947718218063166,0.18130786838147614,1,1
0.31002596248939807,-0.22919966418765608,0.6182445280406016,0.0017458025991948754,-0.03713562538316916,-0.03687209961571177,0,1
-0.4645726468134598,0.30920913218832397,0.03863786069818509,-0.031741084166833286,0.12045543579415657,0.18353686347862386,1,1
0.3198037845614195,-0.24276842676752297,0.6012631000869147,-0.019374135906508935,-0.0059649130400188585,-0.018784650382997307,0,1
-0.4748069884767052,0.3166397341316629,0.03142795250989677,-0.04493438907361641,0.11776888215196643,0.1718333867676449,1,1
0.30889748405446965,-0.22962945608670282,0.6084749798919032,-0.001088322572820752,-0.03403541869386173,-0.029383110555987454,0,1
-0.4614420239011175,0.30663292142504917,0.03270027177661102,-0.03337153521290855,0.12091750645740855,0.1862960812943737,1,1
0.3117046580304442,-0.23115643214754525,0.6196386038560479,-0.003786150551059991,-0.034518343497663355,-0.036635832649707746,0,1
-0.4720274737035541,0.3105825318915929,0.01983275996173755,-0.06056903932617015,0.08025469980314927,0.1679192343201448,1,1
0.31171323594842565,-0.23431308119959526,0.6066532601041941,-0.007625113623287737,-0.026074410327695707,-0.02190581652619981,0,1
-0.45528598014607796,0.3091770959647413,0.025006330688865493,-0.04695968616913606,0.09381806408440617,0.18153632620650065,1,1
0.31418555669950676,-0.2348497491883076,0.6141945689808691,-0.007269033273138809,-0.024747330818182058,-0.031355620636153735,0,1
-0.45284844663960433,0.3161474397633818,0.023709064919261592,-0.04862401868259519,0.10570935797287215,0.17512251562651354,1,1
0.3153498416778829,-0.23442125689500842,0.6189044740011419,-0.007018536745841928,-0.024824952439030885,-0.040255380648112404,0,1
-0.4409069760621499,0.32996433073411074,0.04234841511731563,-0.04260150223753453,0.1266004565934695,0.18692728195876318,1,1
0.30504980679085875,-0.22411515863078596,0.6223411833737218,0.004513228046309325,-0.04900663940359252,-0.046896737886055334,0,1
-0.4434730672038417,0.32868671109571734,0.03567083895662854,-0.038656688662846606,0.1402234763813932,0.19227827445562623,1,1
0.3040255325241061,-0.2242204871099738,0.6200294095827005,0.005752291646073117,-0.0487586475023882,-0.04351981568144638,0,1
-0.44662366733451325,0.3179840518607076,0.02872423370494928,-0.0474850540535028,0.10563349384995646,0.18778114517010663,1,1
0.30101070848576794,-0.22073924540938644,0.6246878348126574,0.010901473824860774,-0.05755373272335481,-0.04887442702502707,0,1
-0.45311672450494833,0.31055110037573275,0.019581099792750457,-0.052254498566063255,0.09330763003787076,0.1820733398910601,1,1
0.44579092173563023,0.08884515774792201,-0.06008901630784135,0.26586075933611686,0.2288053786708474,0.15554283520155654,0,0
0.11864905396562578,-0.1858130657150446,0.5110229154244799,0.008695939872889408,-0.1700636679633442,-0.04419072328001768,1,0
0.4473718411924931,0.0893196949375036,-0.06714107210657094,0.25953325769698277,0.23087998541416402,0.16005673544377833,0,0
0.062476289349758476,-0.2779318705938566,0.4427812006734584,-0.005920924055771938,-0.06997920164337426,0.007667024949798711,1,0
0.4488386101192588,0.08660261836616598,-0.03753010562959032,0.2771344563895498,0.22530231570025472,0.17315723378195294,0,0
-0.22156390280544896,-0.4357065502751471,0.022224203631931384,0.021122898005421276,-0.16629486130280033,0.05024298601491057,1,0
0.44782812467846145,0.08160527048425723,-0.01850810925322855,0.26760379838172427,0.22329725531152508,0.13300412801179834,0,0
-0.10190540536363911,-0.336610064753974,0.259697444257938,0.04592465954270912,-0.09110658059665927,0.040252031221925416,1,0
0.441736084342174,0.0733066503981012,0.03173433480741586,0.2729034312851438,0.20635254917291262,0.1043731910698754,0,0
-0.19211228821387213,-0.38407858557625224,0.16005133160422094,0.0920681696552014,-0.10695218300096422,0.004840124483766536,1,0
0.43526953414069564,0.06306599586677865,0.08363896621262167,0.3031210659099639,0.18062234900978275,0.10096839785912759,0,0
-0.2060772342648611,-0.3717000230285513,0.15329380754425462,0.1273453648491837,-0.12199799120019511,-0.015699462547374903,1,0
-0.2448919315466337,-0.3794049327359892,0.11596345247385416,0.16532365426847168,-0.14751078216636507,-0.02622191335075887,1,0
0.4478110813764434,0.07367898142425638,0.027734802216230713,0.2957519692179635,0.20583781541735624,0.1307931527364139,0,0
-0.2611260296250396,-0.3792117159110208,0.09781195387995628,0.18546438983569735,-0.15292247378881285,-0.04865183737199265,1,0
0.445684421051861,0.08721555615526656,-0.06466322713550167,0.22855860020494326,0.22983991401201856,0.1241465675769039,0,0
-0.28890274268637905,-0.38658321407155494,0.07272013304719867,0.2041475603638106,-0.16495125504088562,-0.05485129124109826,1,0
0.4465879619113903,0.08540278088834533,-0.04865914776395341,0.24054824547964407,0.22812852332143133,0.12729168705182026,0,0
0.4405326537369117,0.08619000320075665,-0.07421002271878224,0.21688587535350573,0.22518293703183395,0.10771554698386517,0,0
-0.30097344896558725,-0.38444058902337275,0.0610441787419968,0.21056379637474912,-0.17278637912087375,-0.056625453975440956,1,0
0.444890421735324,0.08786945736285084,-0.07939435708419143,0.22504236755436438,0.2288438356085379,0.10871763765462786,0,0
-0.34384230236337204,-0.4100326394752708,0.023902498735152943,0.23350081117902804,-0.18874168928752047,-0.06847177396434224,1,0
0.450683894007805,0.08860341889471482,-0.06248535918726011,0.24432527867542425,0.23073082902421135,0.1272607010568552,0,0
-0.3449344151190355,-0.4070349905190475,0.025893129878748714,0.23612968733630998,-0.18245950433666697,-0.06531207558573687,1,0
0.49416071466056666,0.14383757217699686,-0.12156029683872524,0.30554992516928275,0.22406142288669442,0.06244124377384468,0,1
-0.49563732243913716,-0.455447402293113,-0.10034287915542743,0.2683457366786321,-0.1139324970310833,-0.1313132992632387,1,1
0.4913872799980516,0.14726971645202191,-0.1356420428776862,0.297570364822365,0.2228319218957852,0.04844190566683197,0,1
-0.4896626700878449,-0.4320591753194625,-0.11821721653069873,0.25767112905389583,-0.15560871215917124,-0.1500514067018929,1,1
0.4965592135922187,0.13907243360489693,-0.06966595981892885,0.3492057796170807,0.21047554287400408,0.06491817084149643,0,1
-0.491060886325081,-0.4444197343522291,-0.10291408320619924,0.261548179889074,-0.09473862228500832,-0.142028876557413,1,1
0.5008242063787445,0.14344518304293316,-0.08048308881421898,0.35902281988391,0.21158911938396588,0.07824451686801787,0,1
-0.470916300561513,-0.4412365108257648,-0.04829152606701651,0.2671863558974748,-0.012657397582771483,-0.10134089410269223,1,1
0.49705264980067787,0.14378516103762692,-0.0921089828140029,0.3397332852595002,0.21235324694179783,0.047762067631275905,0,1
-0.47176631045045136,-0.43686657863742245,-0.049076488648798176,0.25977904055614054,-0.006775311081831277,-0.10701993498268196,1,1
0.49341667933826805,0.13467784872363914,-0.04852272141333178,0.3663406001359934,0.19669578310215416,0.05546592030774379,0,1
-0.47803046736960586,-0.4291079611866242,-0.052687105316376076,0.2593171211031898,-0.021236002738081888,-0.10013090164160984,1,1
0.49526887390631713,0.15655505661780403,-0.1428938498492961,0.3105473765025277,0.216468176141678,0.03744818356002351,0,1
-0.4680809633232226,-0.4282743433005621,-0.04244712602926663,0.2569812546287773,0.0016302434546455172,-0.10016679312771545,1,1
0.4920104645567762,0.15887452801824575,-0.15473089676015156,0.2937485881774572,0.21383589845188775,0.020794680181747037,0,1
-0.47138094234032385,-0.4292287968257007,-0.04776836921109884,0.25264358868394865,0.001976976662952753,-0.10646706672680638,1,1
0.4954539963585044,0.1428005014775092,-0.08320112586817638,0.3602674146948295,0.20047849346910843,0.03901792918314538,0,1
-0.5012375985716184,-0.44487404238883194,-0.07956094155030527,0.26284125412654297,-0.02373377766922514,-0.11416001251470127,1,1
0.4958899258050093,0.1502877444725666,-0.10891822575369148,0.3359142539452639,0.20604293052075506,0.02556694293689632,0,1
-0.468314285391356,-0.42859937821715866,-0.042672557257252344,0.25074280704405427,0.01792401968304307,-0.10386180053787189,1,1
0.49312747697317066,0.15134036089254474,-0.10572025484272893,0.33174996495469383,0.20194158636479395,0.018732721340825976,0,1
-0.4576559372130081,-0.4158520262310932,-0.03440070406609022,0.24243590527335523,0.015707259000063912,-0.10118866652573166,1,1
0.4986641033642647,0.15080816734853328,-0.0887317958570307,0.35849844534045283,0.2020988453486145,0.03923907759594514,0,1
-0.47237297383820015,-0.4225395131308197,-0.046305993335089946,0.24956182355821468,0.0022762399679839814,-0.09536488719160371,1,1
-0.20809635493861242,0.6128367898425866,0.1885835110542414,-0.03111569695485604,-0.0899205154866231,-0.10782494219148901,1,0
0.40486669136432824,-0.23877999019161456,0.32938031802311457,-0.09273198929389234,0.3058560289634843,-0.09914164326381411,0,0
-0.2293994238827153,0.632684116182328,0.1935791944385807,-0.054611956355130914,-0.09251714587678134,-0.11704363047867325,1,0
0.40768678413685716,-0.2366218546548902,0.36451937681545693,-0.07382567940996769,0.288909176478667,-0.1044053708573925,0,0
-0.1961403476463948,0.5803245828402804,0.19144585885385518,-0.021660237547083516,-0.09620517564271232,-0.09932888748856163,1,0
0.4014214243688205,-0.23299234696411328,0.3549570248145841,-0.08531303186796703,0.27844446366814635,-0.1135404569561982,0,0
-0.2530636233107239,0.661211432221374,0.1899405166895246,-0.06802473959645756,-0.07145223858435114,-0.11627083639491476,1,0
0.41537348883825,-0.25558511130239897,0.24521319468437777,-0.13508050218187834,0.336707604617701,-0.08748010150052483,0,0
-0.26576087346437954,0.6587910854900533,0.18950677769579696,-0.10066272289844319,-0.08921177893314021,-0.14805730826217112,1,0
0.4137875391077324,-0.2396507778464432,0.381432466906114,-0.07442989378740393,0.2855688750709004,-0.10888422983965483,0,0
-0.26310530422418926,0.6613544816972857,0.18978702407693948,-0.08773406158369612,-0.0747183024007491,-0.13317706236413004,1,0
0.4159549167395666,-0.24135542164970464,0.37866455324323095,-0.07483864425870435,0.2851763570153698,-0.1062130707137562,0,0
-0.27821652786354656,0.6772686275889143,0.18722307073086894,-0.09166367496421199,-0.06195693890636389,-0.12100236720819958,1,0
0.4306171561872721,-0.256552580922288,0.365630605975038,-0.08455028852403342,0.31188735287926717,-0.08166507556427383,0,0
-0.26446912331323386,0.6602484964752432,0.1929643166405045,-0.08524111283739638,-0.07026043916117557,-0.13037456553916096,1,0
0.41373305752030626,-0.24324638048483077,0.3419884550563363,-0.0959993458256082,0.2916345077616058,-0.12068998786851344,0,0
-0.2772171192508855,0.6723505317328179,0.18546643202137217,-0.0991344156147968,-0.06320382880414258,-0.1332276542605668,1,0
0.4159977200834921,-0.23824187201917524,0.46436182641049045,-0.03617495615163173,0.24635586351518707,-0.12076591315646025,0,0
-0.27432954534642173,0.6719931680215939,0.18531733038962633,-0.09500881186214544,-0.060260327099266625,-0.1300815037818317,1,0
0.41642744880082755,-0.2594355621654963,0.26474813086116716,-0.15227810112457554,0.3198711125279961,-0.09635924293231553,0,0
-0.2661214498153103,0.6648410112987754,0.18805646462636735,-0.09167449935262979,-0.07002774201357065,-0.13344809845925096,1,0
0.40784488961314985,-0.25715919080595906,0.24908886843954609,-0.1654304549303469,0.3074074855982924,-0.10626200310751498,0,0
-0.27202132153144737,0.6654570907323216,0.18174965172067561,-0.11024889063759084,-0.08185476787634445,-0.14964777768383714,1,0
0.41427106925089585,-0.25199406830732624,0.35510604135092155,-0.10994591152114602,0.2882806879642437,-0.11344602485591568,0,0
-0.338699081966604,0.623058801583543,0.16623888107407567,-0.13779010223569962,-0.028697686800117642,-0.10245648161818022,1,1
0.34183655646594746,-0.27887205262193193,0.2991031627328753,-0.20245237722096615,0.21457545240560452,-0.08138408412828745,0,1
-0.3399341431618196,0.6360792707225735,0.17195040789069038,-0.10502475491531321,0.020061521831176335,-0.0567792492007167,1,1
0.355233699496911,-0.2998957018824514,0.27794229548542254,-0.22431170953879412,0.2390364627413498,-0.05328742322063721,0,1
-0.3134547715259211,0.608330895219584,0.1744587781023758,-0.08257738454507554,0.021772223365601726,-0.04518897620056815,1,1
0.35524591013441414,-0.2853917000403465,0.36259433177986167,-0.17629057713875607,0.21480471920267333,-0.06605171957661755,0,1
-0.3060889199883528,0.5956195435143802,0.17176343260932178,-0.08494517348304405,0.017887126867613058,-0.058547192556110766,1,1
0.338135596982832,-0.2813091651313235,0.3056757402169615,-0.20151414540188986,0.20950624444801993,-0.07313009602666716,0,1
-0.3266034869194323,0.6133736823556297,0.1736203560280716,-0.08839457226607976,0.029210612498605872,-0.03712592949062078,1,1
0.3336431244887743,-0.3051030348943493,0.21318351932629467,-0.2604666404861583,0.22545203171914754,-0.03946096705213952,0,1
-0.32550862387358886,0.6102001080753388,0.17572696974102112,-0.08557176869153504,0.03133932886306339,-0.02919406947193232,1,1
0.3371795925394986,-0.31239374201364867,0.2420032469830039,-0.2538316843342846,0.2318089816027689,-0.027719099672182862,0,1
-0.3020214988133806,0.5824359234088453,0.18001218989388199,-0.07300951950192305,0.016976849659319306,-0.02881490124440185,1,1
0.3374266067898225,-0.30391251603346586,0.2880140053307063,-0.23305395250691463,0.2209704372006132,-0.03530985130456889,0,1
-0.2870522702725265,0.5647743972524124,0.17772087690848412,-0.07282651646422855,0.003489498476137921,-0.04510329863930442,1,1
0.31561307368351554,-0.29195380968620016,0.25838101393778706,-0.2413134200528949,0.1994540048346957,-0.0489516292693224,0,1
-0.27406849532841715,0.5436360278379178,0.17592769726422494,-0.07882142718038393,-0.020487828228068425,-0.0663015784878456,1,1
0.2865368340991779,-0.2720984235992613,0.1977398065114173,-0.25451979620816756,0.16577478810807425,-0.07424625473811822,0,1
-0.28267439066741856,0.5584531358047031,0.1811582169942346,-0.05826987958822319,0.006593473447324371,-0.015933634316293896,1,1
0.3083137797385688,-0.3049911555017756,0.1914320761774172,-0.27358120724691387,0.2007571944859851,-0.03041988905441241,0,1
-0.2736781693289763,0.5449486853712314,0.1814846907983427,-0.054551679711680505,0.00035181664654019467,-0.01983520759899829,1,1
0.3094585324630712,-0.30077504838595703,0.2217016308967614,-0.2580719631525697,0.1992200694820787,-0.03877445405055698,0,1
-0.26244024129393034,0.5255092400461836,0.18041364374410032,-0.05852970532020946,-0.016205883755055127,-0.03521098155574925,1,1
0.2993366978493897,-0.28867478335997876,0.23888628174385787,-0.24952502314055278,0.18116246808680342,-0.047001255857155914,0,1
-0.3973908840386667,-0.4556551824894378,-0.12337129835243262,0.13691657060902815,-0.08733659491919907,-0.18409335293258436,1,0
0.47271482336772735,0.24866787433125837,-0.28279150726222413,0.19129485166039373,0.08679391821977749,-0.08703882022350133,0,0
-0.39066782938123007,-0.4705111838951481,-0.09772993370970806,0.1387470449927509,-0.028122038990392124,-0.17729598337506833,1,0
0.46386818698028415,0.24806617313771484,-0.29315553727367033,0.16643994211343893,0.07525304283221208,-0.0953208520857256,0,0
-0.3878040457455767,-0.45844079956986455,-0.11456516368833246,0.13231327669585244,-0.06515045997590271,-0.1903006520296947,1,0
0.4791551073532717,0.23679357872658285,-0.2505594453959246,0.21601333627588643,0.09332301546496694,-0.08348319956406823,0,0
-0.3959885809134335,-0.4748948282863496,-0.10942655691483219,0.1394152879029885,-0.03956556313779085,-0.18231246069739912,1,0
0.49374158773458154,0.23536191609427945,-0.2435016759625201,0.24441241342983322,0.10682137430976246,-0.06422574324351786,0,0
-0.4009861772603514,-0.479123572506488,-0.09256890093964153,0.14461408016907418,-0.024140225877605902,-0.15598362107314323,1,0
0.5001663430563426,0.23415469816324944,-0.23014850957282237,0.26605389922132094,0.11079480926546373,-0.0414987249172787,0,0
-0.22029355380896987,-0.3705938143506917,0.1346669469986338,0.11889097955665877,0.09331842895332122,-0.09823141916843194,1,0
0.4942179254561981,0.2344362037238307,-0.25378607497083977,0.22998809125152833,0.10635618452422063,-0.07004054281084514,0,0
-0.3657293577951813,-0.4718049496525326,-0.026444594536662907,0.1396022409047795,0.07023224754051306,-0.14022174974311044,1,0
0.49317141341700593,0.23251894826630318,-0.23454540346203695,0.2429470062181661,0.10802078294915268,-0.05758206825772588,0,0
-0.38289742687245937,-0.47901454131626237,-0.05014634738823716,0.14409720808268336,0.06016081656214403,-0.15311435431331036,1,0
0.4897761629411852,0.23552320910459335,-0.2569136527624318,0.21496447999761722,0.10611486591101328,-0.06641642714356637,0,0
-0.28483154794990106,-0.42535631744769514,0.08462552749067132,0.13792855243992855,0.13412990481804477,-0.1085072000355182,1,0
0.5014162277224692,0.2362839614277415,-0.25704470722612954,0.23768438221856011,0.11716211845588105,-0.04398500453905003,0,0
-0.3014535977251336,-0.4217943901934554,0.05983417777838566,0.13328477996762955,0.12731582657614277,-0.12032358904681635,1,0
0.4876932033973354,0.23053082029488312,-0.23933974351442372,0.2213740743848609,0.10793290421107889,-0.06538611290255812,0,0
-0.38234972978552717,-0.46536805247458546,-0.03557886308071716,0.14497385490767747,0.09203889904789289,-0.14868958248296135,1,0
0.48866458142569913,0.23079558927457242,-0.24109853627812947,0.22109911263962084,0.10977080812348239,-0.06076961650669908,0,0
-0.39096602806681585,-0.46498923565786354,-0.04392200625825116,0.1462328639534696,0.08689875414062422,-0.15074990523220652,1,0
0.4873179642546953,0.23096012945838112,-0.2532271986032234,0.20703549206941688,0.10617656327223453,-0.06834763671195031,0,0
0.4662915210967021,0.2088547941055772,-0.1769288849453282,0.2088932855784661,0.11921489429039617,-0.05880632833979133,0,1
-0.3505115583801763,-0.3858389839721211,0.015659750243048005,0.14988239015474156,0.09308773178444961,-0.129238073324662,1,1
0.490103212702234,0.21881361700810195,-0.19516034912146132,0.23967474761557295,0.13825304190456914,-0.02834656746836156,0,1
-0.3755924432803721,-0.4063702776509324,0.005415623921503868,0.16586448448152016,0.09771197609205344,-0.11649918022292599,1,1
0.4750581872963001,0.21178493077703262,-0.1703143402109225,0.2351578886221848,0.12527525494231714,-0.047460592698559394,0,1
-0.32173274119925427,-0.3606699044249552,0.043847125096968316,0.1461867941487114,0.08356748373372357,-0.1074643275730267,1,1
0.47604833864359325,0.21992432977849835,-0.19625912244730584,0.2196570462035065,0.12702767081883282,-0.048899113090006996,0,1
-0.38190862955575233,-0.40885297433267986,-0.014037790207113444,0.16158534189639365,0.0805499184991144,-0.13436116458726544,1,1
0.4856656729849569,0.2241081362686664,-0.20331014651488727,0.23511923240432875,0.13669388080918954,-0.03929300096661648,0,1
-0.37184469479221355,-0.3927194042713536,-0.001721131926769099,0.16013364815809852,0.05964991749769879,-0.10774600441635586,1,1
0.4605775857767063,0.20693444943999453,-0.14701713858982468,0.23574249675510847,0.11339605671483723,-0.05592599865224098,0,1
-0.3555773680623066,-0.3739923471782949,-0.006825744989617052,0.14311983095593483,0.03971815410410263,-0.12448178384877275,1,1
0.4561746323743568,0.21044894772458025,-0.16386791478975699,0.21631920840837868,0.10803977043155262,-0.06195735353984083,0,1
-0.3781316091483472,-0.39794537449460077,-0.02887144847239665,0.1493057274582274,0.05344536788741545,-0.14902981747828176,1,1
0.4646061316611638,0.21298633446908877,-0.16360859814382905,0.23083675670808523,0.11593706779986292,-0.05193238298009527,0,1
-0.3706521621724416,-0.3921904511715171,-0.014443602063029323,0.15036953496110933,0.05620317486110708,-0.13252895968122938,1,1
0.4764129549948111,0.2238711673343371,-0.1908523584092887,0.23211434578310983,0.12598447970027088,-0.040521672812163685,0,1
-0.37210745217153357,-0.40596040733985445,-0.0006850185798777334,0.15679240189860422,0.08708882361806837,-0.12168713350554501,1,1
0.48104282131264486,0.226292328937797,-0.20618727963593425,0.23267521430000046,0.12997128335992564,-0.052465617710376,0,1
-0.37641908505559735,-0.41009402489981117,-0.0032279709980737436,0.15967968916569011,0.0898611769309921,-0.12305870979709209,1,1
0.49175443779814937,0.2244254292736408,-0.1901287478816684,0.2625578826632462,0.13724082924553999,-0.030469549768300123,0,1
-0.3965777905145108,-0.423395248393815,-0.02005312193039845,0.16534024370349285,0.08262433937136343,-0.12072505404001073,1,1
0.4982322600034624,0.23760551660841675,-0.23784682215386768,0.24872338298199922,0.1442777617226543,-0.02842706816642573,0,1
-0.386796296887911,-0.4231834580181427,0.0011857980650442222,0.1732194287000251,0.10456081131654629,-0.10499029338121156,1,1
0.3200223482731995,-0.2220013699301597,0.6417849291679849,0.04465305395221369,0.05227189037272359,-0.10446798479762893,1,0
-0.1372935618523559,0.559080022541941,0.14632913491119184,0.01955467955169822,-0.14412918239622083,-0.06993292418650375,0,0
0.3219333642275932,-0.223972977168914,0.6573936633969807,0.03986169943895312,0.040765903936264516,-0.09837840118460543,0,0
-0.1467252099347985,0.5756396982358976,0.1627613969718069,0.034176311848523266,-0.12332392578925797,-0.04561017672895608,1,0
-0.15805447573465198,0.589378803493167,0.1646591344655457,0.021636359490535235,-0.11050391915091339,-0.05814236325226928,1,0
0.3412720248195951,-0.2451515864860415,0.6294751471914137,0.009951150484510226,0.10953395816374682,-0.09045470556590059,0,0
-0.18495737898740808,0.6169655137928116,0.17294774477922825,-0.0036440377712838807,-0.10322857191973225,-0.06426471628182905,1,0
0.3478416201616547,-0.2540079891314069,0.6199329489050823,-0.0015035840212352153,0.13233375826955784,-0.07943571680060267,0,0
-0.20944958013004078,0.6429967457992319,0.17492461251107058,-0.02859721812490377,-0.09614429592663094,-0.07216251635365553,1,0
0.34553015480004134,-0.2549875470871507,0.6323282911467052,-0.0023917702855433616,0.1204348043061614,-0.07492513840772337,0,0
-0.2216857770824705,0.6528300367744932,0.17627685870739826,-0.04574444271194603,-0.09090074541330498,-0.08513581501263892,1,0
0.3496048543383974,-0.25138450855890027,0.6120689332358658,-0.007153539903149609,0.13122828326145156,-0.09573627731563333,0,0
-0.21441539303578658,0.6503476404214791,0.1710565920145276,-0.02243937242745531,-0.06789294645034029,-0.055618538350506175,1,0
0.3409418064321369,-0.24375599667681985,0.6535449530489784,0.013168055225277956,0.08272417200683803,-0.09470781109026781,0,0
-0.20911187711921803,0.6395269012743245,0.1741161191462552,-0.01801075804226737,-0.06606579396858794,-0.060921414349574356,1,0
0.33122257047283343,-0.2377668337354107,0.6569194791959349,0.009026360954177975,0.06227288119580048,-0.10641923755370937,0,0
-0.22904770099258856,0.6601587400328408,0.17400919121380298,-0.03943281826495156,-0.05932710282408581,-0.06933092717777682,1,0
0.3617253148626207,-0.2901427957780746,0.5697612991272869,-0.07008020772860551,0.2013795695138462,-0.04278705911097132,0,0
-0.23270972586740982,0.6511469131195395,0.17188036398130752,-0.06899699230590571,-0.07497963595166621,-0.1069145547579866,1,0
0.3379104752210711,-0.25744131076344373,0.582797447195933,-0.053028418545882236,0.1367432742004793,-0.09053402642523431,0,0
-0.23438993123506202,0.6615638058804267,0.16601497428083642,-0.05625203898136905,-0.04992666982281194,-0.08301828479030512,1,0
0.345903845781039,-0.2682240795005921,0.605116553691907,-0.05276538148649266,0.13900885266549548,-0.07459750402277085,0,0
-0.23825443759773648,0.6641214650722801,0.16382176504316068,-0.06318667145196652,-0.04698696750131091,-0.09113428729318412,1,0
0.349012050045397,-0.27937510321301007,0.5781266945723778,-0.07771414239063903,0.16620764643012537,-0.06394166908133518,0,0
0.35302986887384025,-0.29064328932189176,0.5708030359319533,-0.105478975817275,0.1655700783843501,-0.07805529124178476,0,1
-0.2925910138826092,0.6733893494510429,0.15834302637230147,-0.09510674114627937,0.009856581274727294,-0.08152402226387775,1,1
0.34485137594675225,-0.2689054735245429,0.6321380190554766,-0.05897875688646776,0.10402421350831821,-0.10384716368272678,0,1
-0.2795233221650229,0.6641139439641945,0.1569955360733326,-0.07237799814605057,0.026624211737582417,-0.062073919543180374,1,1
-0.294346103286717,0.6792824047285454,0.15188843281809064,-0.07992550767277398,0.03564648959528897,-0.05218363765647895,1,1
0.3434156945279656,-0.2652478913247072,0.6571438635443909,-0.04244584828470977,0.08174849875244139,-0.10144985483284766,0,1
0.3437042885049435,-0.27477966796641407,0.6144971906771656,-0.07036637005401894,0.1203456109413701,-0.09436086027830301,0,1
-0.2636263503538328,0.6433009474992433,0.16159100511160818,-0.05205200682451674,0.028834087970685398,-0.042794902606297265,1,1
0.34640597352657304,-0.2742143674779623,0.6314734246673958,-0.06276933787759496,0.10922545792491499,-0.09245864235185734,0,1
-0.2580656521524223,0.6375204266603749,0.15893804474418438,-0.04021664123675929,0.03476879473625432,-0.026257841653884555,1,1
0.34229931691883647,-0.2671858460444841,0.6515491809256704,-0.04753426287517573,0.08599824861092806,-0.10123709594438705,0,1
-0.26479113335644816,0.6449046450728472,0.1572736331412486,-0.044770088836633935,0.042576807814344406,-0.027038497429000774,1,1
0.3337134720951781,-0.25602896295793437,0.6607441870372999,-0.03745096752796198,0.058509337597532796,-0.11411261953073301,0,1
-0.2597649700489002,0.6385787067792927,0.15763147856717938,-0.04425169336538897,0.03868999620870226,-0.030791917706708874,1,1
0.3381338398504786,-0.2611481208983941,0.6588926493847251,-0.040917314614232606,0.06787034176434951,-0.10841959520131736,0,1
-0.27233323549424326,0.6523202639231171,0.15136079445581418,-0.0534547914674966,0.04767095645697307,-0.028462739111641513,1,1
0.3379780218493808,-0.25989518122467614,0.6522042194540131,-0.04323305461295629,0.07108099842640031,-0.11569254228780863,0,1
-0.27303598103487414,0.6542538290664398,0.1491192248752786,-0.058464546344460154,0.04841813982552761,-0.03935319429915309,1,1
0.3431851231763211,-0.27000313024780453,0.6370176421700513,-0.061311366073749374,0.09360043209891154,-0.10423216739972464,0,1
-0.25296975577497005,0.6280193482686315,0.15285585022276232,-0.03781807314553402,0.04681167198806115,-0.025783665577563543,1,1
-0.24502799352009194,0.6157690480478245,0.15557025247741368,-0.023045219012939742,0.04821533152502327,-0.006313259964061755,1,1
0.3403681323510276,-0.2671887539641833,0.6553312794529542,-0.05072362979432819,0.07561664670608176,-0.10203839701018297,0,1
0.3336449632644331,-0.2632395243828888,0.6406958842110678,-0.058337492541888726,0.07318080681264529,-0.10802138407198318,0,1
-0.26306568427693716,0.6355835317098529,0.1524717523486161,-0.054742415171073915,0.04037637302135712,-0.033929520194493454,1,1
-0.3745867917741208,-0.38439187454752266,-0.05084035280941376,0.09386666851005901,0.19625111086237412,-0.16654369199791452,1,0
0.44887371608975263,0.21238150356780744,-0.24280464232153465,0.20721800652656577,0.09500120186964128,-0.19886445613316,0,0
-0.3745747874519666,-0.3806951492866697,-0.049588379488792335,0.09682105335831653,0.19774468014614727,-0.16985114536854412,1,0
0.45339458531715593,0.20518704946855917,-0.21943533681158545,0.23039730073743966,0.10099319643164924,-0.19022965720819585,0,0
-0.42305640623947954,-0.4072248054285271,-0.0907965964075045,0.11417767937889946,0.18228455390981818,-0.16419192606109728,1,0
0.47933454091634964,0.2148429700253638,-0.2374493182669772,0.26610223638123914,0.12119786120777475,-0.16298620625312665,0,0
0.47549859782435383,0.2120446897468126,-0.23837181640060054,0.2553701437626584,0.11879441124460426,-0.17116947940644955,0,0
-0.4148513354489781,-0.40053433339789996,-0.07746831019767716,0.11396668074335779,0.18912617441623372,-0.16113497415474276,1,0
0.4918532750512678,0.21407959923810096,-0.23727073711997548,0.29200439026517216,0.1323047888280655,-0.1452380363453035,0,0
-0.43694671161822934,-0.4167387595877561,-0.09270364381071385,0.12860543284114642,0.18561943162861125,-0.15156475187061116,1,0
0.47352995550371546,0.21261779472918527,-0.2476329674695811,0.24210881308564475,0.1187888205391121,-0.17884475118281093,0,0
-0.41863943983877366,-0.40003122472723496,-0.0820649628032185,0.11669149291891664,0.18225576793967366,-0.1654505134013955,1,0
-0.41672766087234936,-0.3996836051774988,-0.07924604753147081,0.1168802041951638,0.18284889200965462,-0.16488030882208998,1,0
0.47321073324752194,0.20931198128414993,-0.24819163871375557,0.23973437220324953,0.11869065352994082,-0.1840128556645456,0,0
-0.4262509025576935,-0.405057571983324,-0.0787800143574862,0.12346398625724316,0.18662301398573872,-0.1526968870777156,1,0
0.4846937360781313,0.21252536490510024,-0.246938357863952,0.25897966184980786,0.1280765607007663,-0.16448382666373293,0,0
-0.43448224767654,-0.4134748923827578,-0.08026746345501506,0.13190301193916307,0.1910241801973305,-0.14397114121025592,1,0
0.4932678973313176,0.21511224199623624,-0.25270463406081534,0.27238442868203216,0.13475829145750592,-0.1502976663311521,0,0
-0.43189522528968066,-0.411626031629813,-0.0854563578146904,0.1251805471045738,0.17550132210954936,-0.15242213897965537,1,0
0.4823205698870814,0.21362160384897433,-0.2722341385193934,0.23082355448214054,0.12631632014505514,-0.17440519916169245,0,0
0.4657638910475834,0.20132367551887834,-0.23450655658448147,0.217300344035375,0.11680231981396284,-0.18992563589722752,0,0
-0.4055914400755937,-0.39267884479122883,-0.0787882396919152,0.1065948158885445,0.15638627286195805,-0.17324388087705583,1,0
0.48051550502584406,0.21374791505251614,-0.3000805229841201,0.20306995144413556,0.12437023396730712,-0.18093633325929062,0,0
-0.42719741107077985,-0.4212083838646339,-0.07551009349302239,0.12917851266485392,0.1824774710397492,-0.14195168503692857,1,0
-0.44882885902161346,-0.42848749044416123,-0.09759698998392183,0.15792653786641925,0.15094386319023825,-0.17897112124177061,1,1
0.504036881834086,0.17262928280322531,-0.28264279460331787,0.15390165450894217,0.1784954795601738,-0.17126646144570015,0,1
-0.43662052948509955,-0.4278091440193377,-0.06264781653019348,0.16909771572308402,0.18481148316668555,-0.15568058136972102,1,1
0.5103349802794059,0.17448672557156378,-0.28140463444020125,0.16769215743823615,0.18856025835169254,-0.1577929694254401,0,1
-0.45113915671321936,-0.4389655083531425,-0.08752105548996586,0.17749833637365006,0.16765704353726946,-0.16282950243417377,1,1
0.5210010113915374,0.17011981198577186,-0.273881357657902,0.19704133120675021,0.19768470367987553,-0.14190366172530386,0,1
-0.45625140436524164,-0.4395072251588244,-0.08563993141424457,0.17819617704761406,0.16407019733876635,-0.15814001156152496,1,1
0.5209675906037075,0.16860004440605922,-0.2722990996655627,0.19174639730099557,0.1989843038434453,-0.14127643711074278,0,1
-0.4591984296706561,-0.4423094842058802,-0.07682923775448408,0.184059304694752,0.17146778970774118,-0.1459001508257968,1,1
0.5186324840951771,0.17180243751415428,-0.2996818746929325,0.16924378398529352,0.19404248935901117,-0.1415590528362028,0,1
-0.48618860404361913,-0.44415208739702233,-0.1215939482241564,0.17635599827534032,0.110037580851328,-0.17024990678513136,1,1
0.5175250498891852,0.17282884564000137,-0.2841680334160666,0.1662459390686511,0.1975152508639753,-0.13750830464662922,0,1
-0.4830716987261354,-0.4450680118144942,-0.11250111718351055,0.1812018058969,0.12277541471165,-0.1631284298674391,1,1
0.5093073765925441,0.17896057564473455,-0.3192943205136229,0.12774280428646473,0.18590149285767674,-0.13243019569353007,0,1
-0.46161206051666853,-0.4268244928061538,-0.10620444996588033,0.16550967811016887,0.10848403925617436,-0.17997522612137068,1,1
0.50906551296336,0.16678696257225492,-0.2561607026921304,0.15835097926112005,0.19327757237436022,-0.14578997035638142,0,1
-0.4920784373957291,-0.4453185779525247,-0.12257063155538495,0.1775410395305656,0.09356392587034171,-0.16449800139955648,1,1
0.5094384541703507,0.17463390907187548,-0.3089902738666464,0.13048270505682985,0.19121454470972424,-0.1414488599374392,0,1
-0.47893387926304115,-0.4333035146235245,-0.12739787351870285,0.16504532963151236,0.07259056467716607,-0.18205051983640183,1,1
0.5003385266141557,0.16950661258154795,-0.29464197332852365,0.11731032790169867,0.18526605125470663,-0.15839060653412948,0,1
-0.49734880021330996,-0.45178663442705796,-0.14109309054580405,0.184314616923171,0.0705404402078077,-0.17406618356480136,1,1
0.518863320918348,0.17307986557005703,-0.3065993574985293,0.14929382819939968,0.20198874455588045,-0.12118508810895898,0,1
-0.47427748594025515,-0.44016427902797395,-0.12055541719754688,0.1715884622384891,0.09511408638055856,-0.17864980802020852,1,1
0.5212973566691269,0.1609608115430782,-0.24598726979252683,0.1812657608150059,0.20960989784041206,-0.1302758838817591,0,1
0.39902116624564254,-0.2579201208461931,0.4704503940819756,-0.05773820591062452,0.27106373315507193,-0.07185500148854404,0,0
-0.09505239723416427,0.5897680288689974,0.11858132829078954,0.07321330328079566,-0.0869384289533373,-0.06196689927666248,1,0
0.38657304592171715,-0.23694332651961048,0.5516319258579974,-0.005198933401798138,0.19620285463380896,-0.10445578551958112,0,0
-0.13153494542322627,0.6208869396260908,0.12226149396591969,0.03143699242277508,-0.06856008505183826,-0.08447956881378792,1,0
0.3922247223784755,-0.24310335155996082,0.524392280700851,-0.022762029615154788,0.2235790023950494,-0.1053752674890824,0,0
-0.11787235685013388,0.5847568428673598,0.13479011337770097,0.06073728646362308,-0.06034836329505253,-0.06528987012022351,1,0
0.39373186219523915,-0.244701144416759,0.5262637373782256,-0.022355089261001434,0.22427062438138476,-0.10348699602611329,0,0
-0.15290734587493304,0.6204176197803182,0.1389676980048172,0.025926010301421963,-0.04370524032604767,-0.07913840295515999,1,0
0.39122394196534754,-0.23959019887960104,0.5425208654606408,-0.01106264581901848,0.20401517161764526,-0.12716946619965247,0,0
-0.13741159782383233,0.5751812453026505,0.15195173199704096,0.04769710940564298,-0.048492092640027025,-0.056538025194471174,1,0
0.40332203733521,-0.26298330204894177,0.4722732879984775,-0.060702548313429604,0.2724995579538126,-0.08143874727832646,0,0
-0.18399784626011317,0.6337317722992764,0.1511618093172312,0.00553302948043128,-0.024745567214233707,-0.06890344983079538,1,0
0.3967075239404268,-0.25652993849956796,0.4991048966640879,-0.050882404724939434,0.24937772028182265,-0.09735953142482631,0,0
-0.23011925742589065,0.6761379800265503,0.14292520245014878,-0.061673225569828086,-0.02403336879175887,-0.11722747711901292,1,0
0.3912482858729287,-0.251732379648837,0.5182040164438446,-0.044149328600014255,0.22976506103715766,-0.09885619296227346,0,0
-0.2360912415124548,0.6769758780724952,0.13988408916930567,-0.06827522380650937,-0.016540981558718727,-0.12249625586312293,1,0
0.3880822683685381,-0.25414267774339244,0.454705082724723,-0.084662433487249,0.25606279490793926,-0.10075802965598522,0,0
-0.2287429940956735,0.6619308224307285,0.1435313765000939,-0.06543453089550495,-0.01653902648181942,-0.1298209231646706,1,0
-0.25732231981624915,0.6824506533899032,0.135746742489163,-0.09195506112886234,-0.010385515567435185,-0.13009402777677756,1,0
0.4009004465680748,-0.2643213501975351,0.46025007121516665,-0.0812635893761985,0.2717573573138113,-0.08342129486703727,0,0
-0.23825964391282428,0.6693866027693866,0.1423439591350447,-0.054511243814630475,0.011683766541272915,-0.10336644981913874,1,0
0.3956096524888829,-0.25126606097322013,0.5197631799106871,-0.04368168492164133,0.22744723794580213,-0.09951893814473177,0,0
-0.2573692257174651,0.6811817247746791,0.13325845157516414,-0.0739532675344769,0.016714444225732265,-0.10810047807483854,1,0
0.4022731618067279,-0.25943024907595574,0.5085567790159896,-0.050835093927306035,0.24542683491704473,-0.08569535357619996,0,0
0.3883913585188805,-0.2720311956803275,0.5781041665050951,-0.05747590773555525,0.183269294316066,-0.10619921834316882,0,1
-0.34290203504242617,0.6451725885506723,0.09398885717767619,-0.13200544814324494,0.0829559246335805,-0.10049436943555193,1,1
0.39109308650322555,-0.2843932843616496,0.5431917109484334,-0.0800081444644852,0.21253414304087873,-0.08113332309237366,0,1
-0.3559328363237232,0.6418652362177181,0.09196311152386336,-0.13842123941869713,0.07791394269965699,-0.09480975203631706,1,1
0.38970709918333135,-0.27574490591223527,0.5672304139556641,-0.05884264776811906,0.19025643589130095,-0.09757301798560573,0,1
-0.35701577284925146,0.6322048285596061,0.08646153839045162,-0.13998876795796591,0.07218716066150008,-0.09448002149797959,1,1
0.3774267251007908,-0.26422382990450616,0.5952086563285178,-0.04600367112357422,0.15553367630055953,-0.1125662278350854,0,1
-0.3623629729822138,0.6444397953451813,0.0980120956283093,-0.14632025541072366,0.0676552891211865,-0.1029886277921912,1,1
0.374965572163183,-0.2656153421187757,0.5966372624268668,-0.048281757968099304,0.15483585753319062,-0.11041534743290181,0,1
-0.3587466348600148,0.661498294718169,0.11504045144888116,-0.12503748253259556,0.09225561199862947,-0.08194719120684053,1,1
0.38624794010972296,-0.2835674736620662,0.5358571589709068,-0.0958815848679972,0.20662258695272295,-0.10034254953914376,0,1
-0.3422996323411617,0.6558263959831377,0.13251425551165943,-0.10887457603582419,0.09277125855322903,-0.07489714825118657,1,1
-0.3345007274585438,0.6486594295209497,0.13636014744766412,-0.10260065409338727,0.09068674848256285,-0.07063612978534799,1,1
0.3848654136011291,-0.3023735714265594,0.42848384212028917,-0.16231519083148616,0.25711574747205085,-0.07701369067680813,0,1
0.39127315109947614,-0.31230491090327034,0.40271779562376975,-0.16620373378056663,0.2730828686718709,-0.05730044238368724,0,1
-0.34674346810498197,0.6556220635781589,0.12349921351941898,-0.09856752402508509,0.11378947751431653,-0.04751064701197311,1,1
0.3878517598329342,-0.3059725335785234,0.4604639234767367,-0.14489806456366353,0.25015391197787773,-0.06748006149172613,0,1
-0.33201158938986786,0.6438944687288484,0.13059336874774086,-0.08394369831436262,0.1152761217593923,-0.045441535845464634,1,1
-0.3348207856437639,0.64696939871059,0.12607588015822208,-0.09330965322285822,0.1134450145393472,-0.052587413610142124,1,1
0.37859428676483736,-0.2897706157574287,0.5439652557888927,-0.10447341904116487,0.19750472651273274,-0.07670996471656381,0,1
0.37997827766338227,-0.284625269829227,0.5480808649590192,-0.09393157109059021,0.19067976860567823,-0.09533015904686758,0,1
-0.33666883312581214,0.6465654265256768,0.12495238778280612,-0.09636972608982089,0.11442877877788485,-0.052819749764155065,1,1
0.37878034987578596,-0.2831273278948022,0.5583727045278465,-0.09207584825345135,0.18267353254838137,-0.09819955224981977,0,1
-0.3369849829137639,0.6448114450247513,0.12340769917924203,-0.10038405828226497,0.1123042946788218,-0.057622621841996575,1,1
-0.3984977784525607,-0.47541622215045515,-0.0527879045172785,0.127028241870708,0.21266221240922825,-0.09393911764582073,1,0
0.48511769905010704,0.16274921074510446,-0.25285421649523987,0.18251753392739706,0.2534059217164906,-0.06352707030211933,0,0
-0.42863276222522756,-0.47972977515552784,-0.08289896799006291,0.1388505661688153,0.18356758489101874,-0.10649268323468024,1,0
0.4769973871129175,0.16538457988468241,-0.2824199612591491,0.1553635645225491,0.24234068736163925,-0.07775337934166207,0,0
0.48130159158679375,0.16704001964431456,-0.27057154463671956,0.16403482221293342,0.24542553781194384,-0.07876671669269761,0,0
-0.4236052000320214,-0.4642834234068006,-0.0557464153260237,0.14278410234921185,0.19996146928903613,-0.0986359631857312,1,0
0.48666512276321505,0.16899017476099334,-0.27148530108773417,0.17843458313514013,0.2467416139323284,-0.06118738854863835,0,0
-0.4291161935065183,-0.46229066549381714,-0.04301315523357528,0.15588823895726475,0.1989806787778569,-0.08232804651673374,1,0
0.4964875255346056,0.16148401086331493,-0.22977642823095557,0.2293410399610883,0.2508525873259054,-0.054306485861817015,0,0
-0.44494874127026846,-0.46320833487261054,-0.054159405035867844,0.1655691610630014,0.18626815689844428,-0.08622380988589098,1,0
0.499865665329136,0.16293722917312314,-0.22384537482147135,0.24712037812678547,0.2507605239435774,-0.04170986999752367,0,0
-0.43554771444036877,-0.46034318463748625,-0.0430343358431521,0.1765535018546323,0.19450142698924391,-0.08750940847776947,1,0
0.48410114991174924,0.17433110106655317,-0.2826456908919213,0.2060799721163637,0.23676781630505236,-0.02989553668357053,0,0
-0.4463474334281925,-0.46225090370587296,-0.051870889529216896,0.1919296913234192,0.17903323385771924,-0.0788708173742665,1,0
-0.46052831644997466,-0.46444949661480056,-0.06748781878645396,0.19012992120118358,0.1680916039036869,-0.09832847757414187,1,0
0.49177262304285535,0.17456052929263405,-0.25909704167202685,0.22241497772208582,0.2439760212836702,-0.0417761374324171,0,0
0.4910968571190956,0.17768921125299114,-0.2613738562363163,0.2259421729147119,0.2423506658117072,-0.03797902107526887,0,0
-0.4606831146291867,-0.4629064309410555,-0.060842943833538006,0.19140143065435805,0.1662033051495395,-0.08818485791635032,1,0
-0.4649976228913631,-0.46168092874057637,-0.07353855086925198,0.1838247714457342,0.1570473461696596,-0.1104514796814657,1,0
0.48308881485580907,0.18255913554328368,-0.27372862907384193,0.19074550876470683,0.23870060671342946,-0.06333788622108745,0,0
0.4785955779647582,0.1800618421292262,-0.28113754165780397,0.19082266739431206,0.23140047640205885,-0.07232092201751594,0,0
-0.49694107001728716,-0.46369483627964936,-0.1121207400137418,0.18534034941370284,0.10664963728298579,-0.11758784508449166,1,0
-0.4974444623612496,-0.46627240021484206,-0.10321086745377557,0.19662545698680955,0.11275247026498701,-0.0972698143850538,1,0
0.4844984725445605,0.1808444366107691,-0.26826971561942237,0.2255989555149036,0.2356797247701986,-0.03863365362871801,0,0
0.46657873149505563,0.20772155937641656,-0.2702447022834013,0.2543752714053509,0.20811156645057874,-0.035058165575326344,0,1
-0.48087888493829123,-0.39663370492945776,-0.0477860132605942,0.21352136073947187,0.17547012924027214,-0.0681296751754352,1,1
0.46451382040143074,0.20673108061365905,-0.26643916897436737,0.264045801574214,0.2054301451196894,-0.02815329930983073,0,1
-0.4999437517526259,-0.4079206415203413,-0.07234973042935046,0.21962619706276956,0.16304715043925033,-0.07783322780979929,1,1
0.4658906257375407,0.20849147496606887,-0.2659298642261066,0.25423336876568614,0.20874839792503547,-0.04739359714690081,0,1
-0.4949676452574059,-0.39907131723930395,-0.06513515148167953,0.21014462289558242,0.16714194058966875,-0.08151875024496887,1,1
0.47196903636451826,0.20693842896777476,-0.24858465712687025,0.2777155967653191,0.21168173101842508,-0.037143752698319404,0,1
-0.4722842920322195,-0.3806312046575652,-0.03957377734830278,0.20633630887512752,0.16635799888691563,-0.06419158758501575,1,1
0.46861595796203903,0.20815896944912077,-0.25167964107538776,0.259547820637665,0.21096050535812402,-0.056668039241931846,0,1
-0.49107001097398484,-0.3923309495718224,-0.06585571963986808,0.20241273946315866,0.1606039860682345,-0.09033336746902536,1,1
0.46761005588398197,0.2103724288227897,-0.2659432132802571,0.263181499086393,0.20699127001732,-0.03569936636377499,0,1
-0.5100720762493367,-0.40563997855978784,-0.08377049991403679,0.21330307720672795,0.14979929526183697,-0.08356708499098921,1,1
0.46592434062653754,0.21252554278887825,-0.27160725466462904,0.2520490933830488,0.20682082717089414,-0.04351673908967212,0,1
-0.506365867768046,-0.4034124605540346,-0.08030590616242425,0.21102775419997244,0.1576756584776227,-0.08731776862620778,1,1
0.4649421066296146,0.21523812617078966,-0.2778809210615403,0.23797389312433473,0.20617991381144563,-0.052566222509618385,0,1
-0.5095800568265306,-0.4025830445688277,-0.0834475599762896,0.20644989826401475,0.15464752598101492,-0.09232169169883801,1,1
0.4693836756837816,0.21424201883448094,-0.2642145508466181,0.24687161946829622,0.2109183800063957,-0.054872508630171034,0,1
-0.5046507023923493,-0.39961526685612375,-0.07970411701812993,0.202227586735367,0.15897601476216724,-0.09622376821572812,1,1
0.460746331249541,0.21659111023475117,-0.28631556857093754,0.22436240157965162,0.20224860107454082,-0.062088295369872974,0,1
-0.5105998627395669,-0.39926523703447514,-0.08912547542419337,0.20237370330444573,0.14782621545584462,-0.09674004019087636,1,1
0.4522291013317758,0.21672247592576943,-0.30377627717685995,0.20748870247877732,0.1924664373132247,-0.062363297030094,0,1
-0.503256329415045,-0.40071280139550153,-0.078382452035009,0.20797132718156547,0.16522323609047254,-0.08817299165661241,1,1
0.45604320985760466,0.21396656484305027,-0.29413038550362186,0.22809021413079714,0.19512756808502094,-0.05140839838068028,0,1
-0.49756074584173055,-0.3930608943609892,-0.06974126691788111,0.20962217691677437,0.16868079784669215,-0.07672271832288617,1,1
0.3382644477805652,-0.2784260451527741,0.23906308833948675,-0.11482751629740601,0.3606010039243134,-0.03507809039643924,1,0
0.018399282839636502,0.5085390079457762,0.06453650699978324,0.1989114214771281,-0.06800047501695834,0.013864076035063542,0,0
0.35241316645328125,-0.2740884575574211,0.32406526507745365,-0.06242730213057174,0.33821433256627725,-0.017092730989361336,1,0
0.015507551389246277,0.4364910221167331,0.09632756199926282,0.21277903424072206,-0.09126920017026327,0.04128518823813764,0,0
0.3625981231628787,-0.2755178298889649,0.3040683737031388,-0.07517061645687294,0.3450259732426013,-0.024053943607628647,0,0
-0.0676712757822551,0.5268093738454975,0.1210067242913742,0.12571123068272289,-0.08142413313703219,-0.0047323271058488225,1,0
0.3483167747576608,-0.27887184669781584,0.2662651499293103,-0.11310125011141317,0.35328494122546544,-0.05004136180836484,1,0
-0.12208965805148725,0.5775664944524672,0.14049036243463267,0.0571817454457749,-0.08287739711960773,-0.05563433023968749,0,0
0.35450461176315595,-0.2757246801184746,0.3198692083862539,-0.09056148780474968,0.3409828618502725,-0.05297130041134765,1,0
-0.1417947933173322,0.5760644443161351,0.15515154879969506,0.04212344917890071,-0.0803059699580676,-0.058791774572840474,0,0
0.3595489485649857,-0.28043681217431343,0.27862752736707275,-0.11035299434220605,0.3505369475553867,-0.0484413225366151,0,0
-0.19240741235293454,0.6283099672449247,0.16312814856493024,-0.008900655244823402,-0.06866993838406861,-0.08677807863478379,1,0
0.36300404717973633,-0.2523791310281857,0.4690133890089733,-0.020088258168484315,0.2620949491501085,-0.09458128109837063,1,0
-0.18508540408223106,0.6157155351348859,0.16226848851899978,-0.0011124742452721058,-0.0606443631781158,-0.09042180446245163,0,0
0.3707878916352665,-0.280618843535544,0.36191825237638325,-0.08975119345843131,0.3307591218003799,-0.03143802493530702,0,0
-0.24016790560192275,0.658693028437168,0.1617367419296884,-0.06181458839110372,-0.053856376793090396,-0.11827389248142459,1,0
0.3607426486362999,-0.23651279660968638,0.5825231312223053,0.015623801037404343,0.17160769872839343,-0.09205022165217268,0,0
-0.22342031216743657,0.6416917545066376,0.16968753296276978,-0.032488277765417524,-0.041133000832939186,-0.10074875037038258,1,0
0.3698859921939149,-0.24840198709443417,0.5565672567727167,0.010257305850453055,0.20952577181003865,-0.06883081718910423,0,0
-0.2448109344030048,0.6526240131896848,0.16505380638203146,-0.04624778804639704,-0.029711156996526666,-0.0936541988888755,1,0
0.36477339791482355,-0.2740345775197068,0.3927942768600869,-0.06394372493775351,0.3103412007607113,-0.06422711693384109,1,0
-0.23207266840874613,0.6376087566969831,0.1678113147354442,-0.032251785975090555,-0.02703746613304115,-0.08746047752167682,0,0
0.37227923549535885,-0.2811113478030942,0.3625783573944153,-0.0886388747172492,0.3241185033028605,-0.05461322365311763,0,0
-0.27098882572308863,0.6672800787871516,0.1664896510620315,-0.07977435973041105,-0.030518932576002272,-0.1147624047777605,1,0
0.3772830400056753,-0.29409337734043844,0.32980316454995745,-0.13940666770881,0.3093528281152874,-0.05578285562630553,0,1
-0.3096937550851669,0.6393316338027628,0.1570044460718527,-0.06773567026193192,0.07087549452375927,-0.06465071818474047,1,1
0.37323975079495675,-0.2944115041648101,0.3021897460586137,-0.16028219374871402,0.31311300076025184,-0.06333667485425641,0,1
-0.30561810299899816,0.6384838039018846,0.1551817825735214,-0.06688575784858457,0.0751721734136119,-0.07379657037837162,1,1
0.38289586882250315,-0.28717374835433523,0.37953182739745833,-0.1090187990043127,0.2920602919636491,-0.0678839497705051,0,1
-0.3187911003531247,0.6464573288723083,0.1457901136728758,-0.07040062475383291,0.08702455844127865,-0.06192580403295018,1,1
0.38831078034942484,-0.28131362097505586,0.45618305715995466,-0.08118448870665507,0.26408184726491496,-0.07070273812282664,0,1
-0.3238437808052994,0.6515046814712673,0.14294104985400444,-0.07789010454261364,0.0870883206729819,-0.0709892999643192,1,1
0.38682505007317103,-0.2749509632859581,0.496417899448895,-0.06523898651711574,0.24048789256247363,-0.0813139905555095,0,1
-0.3300555294498451,0.656166445540899,0.14512530332671877,-0.09015690376003706,0.07792863779723001,-0.08043160567561411,1,1
0.38379272907296225,-0.29549696902863676,0.3749298304974406,-0.1238977691419196,0.29359239945506416,-0.04138976461952518,0,1
-0.32336931475445224,0.6436133191109207,0.1482660716592609,-0.07735206781518292,0.07650408617193069,-0.05551387615708054,1,1
0.38538491344086157,-0.28517640971684843,0.39729916344424365,-0.10430518837130076,0.28449625442923326,-0.08496329286030496,0,1
-0.32884252556284843,0.6549585353910705,0.1378071220188246,-0.08794022574602306,0.08536620725856715,-0.0777875115011232,1,1
0.38812220824100907,-0.28938588076943966,0.43821292500804176,-0.09813940224855591,0.271077610945511,-0.05290962296509961,0,1
-0.3237404776747171,0.64673150970132,0.1447240159840538,-0.07906161271189148,0.07935525899031512,-0.05728469607071835,1,1
0.37689505354472974,-0.27270698929621473,0.477106933610481,-0.06756050510064815,0.24123469619871013,-0.0999569888222871,1,1
-0.288903911274095,0.6242335698895303,0.1489861575432572,-0.05452817507701204,0.07828807630520453,-0.05659601717056376,0,1
0.38166441200789203,-0.28078573373798155,0.41155044055880136,-0.09692055844611798,0.2717341889819563,-0.09109178784669276,0,1
-0.33361634091157283,0.6590635077731335,0.13843140924865763,-0.09881375578119911,0.07488166624824998,-0.0819097406042159,1,1
0.38319050752369493,-0.2822447405581234,0.4116422920552904,-0.10109999012928854,0.27254576046287754,-0.09243277709193325,0,1
-0.33549812495616976,0.6586154983739864,0.12603584240025778,-0.10099050737463681,0.08860240182684104,-0.09126050434105107,1,1
0.3808021897473799,-0.29656043416393424,0.33983911451527105,-0.14568282280585296,0.29883669685577596,-0.07120853681173682,0,1
-0.33836659204463637,0.6585258566045581,0.12226346934857688,-0.10513594005500777,0.08807884841912743,-0.09298169588380731,1,1
0.488210266408249,0.19527236287523084,-0.19577954478097193,0.31520613363264616,0.2349972262359936,0.04178109905611403,0,0
0.18033444219274547,-0.362839833768304,0.4106022675369078,-0.08408600691882762,0.26259882697807907,0.018353938194342594,1,0
0.4573611306421351,0.20309334024025674,-0.2438329684417733,0.2715987980755835,0.2231881922098704,0.031032874032821574,1,0
0.046857103422656775,-0.4031560805901039,0.15582058046456557,-0.11833407866319298,0.25630207197055804,0.02104643488621531,0,0
0.47129811725874293,0.201336787892099,-0.234567859610241,0.28562495332438637,0.22526684289808616,0.014185617275512988,0,0
-0.09066648299540261,-0.41416361297098137,-0.026552118485670705,-0.09327146629424646,0.15538561784654828,-0.0500769260893705,1,0
0.47815484621379883,0.20280696391813158,-0.22499075280753364,0.29672488949269726,0.22608159529341174,0.009957220124703067,0,0
-0.12986853872070175,-0.43627741778179907,0.11401121814632886,-0.049437565111278316,0.21300474144354806,0.044869967847985165,1,0
0.47702309737798443,0.20255608155743993,-0.20772424449148535,0.26448951115931324,0.2304891166369497,-0.0380113955870257,0,0
-0.017763354289076796,-0.2874501510275503,0.3339911596828303,0.0030536952388640856,0.08383136810539465,0.00938690014744357,1,0
0.48150046533190743,0.2023155978399645,-0.19758790379187657,0.2841669892549263,0.2306976282624149,-0.032959289608401464,0,0
-0.2102788424592928,-0.44539245122314175,0.10947323516395073,0.016163039078057207,0.19904370979983352,-0.009997886171561984,1,0
0.474883618702322,0.20369337274552543,-0.22224108313415164,0.25217932842876667,0.22512888248473106,-0.0643026364860354,0,0
-0.3061806926720344,-0.4777324344237456,-0.0013982370879165988,0.04272742501130618,0.1695032121354317,-0.055907074749600286,1,0
0.46357236675148017,0.21648570097022019,-0.27191834203954107,0.21921912173934477,0.21574864929591991,-0.05578050112557049,0,0
-0.38228537155089914,-0.4923765894870513,-0.06391934908128086,0.09330100442667259,0.12670553412125385,-0.07839138460144236,1,0
0.453281323127124,0.2196446700485058,-0.29769218164324235,0.18135935518267082,0.2039591002836909,-0.07344576662231107,0,0
-0.32772555546167653,-0.458986496487819,0.041494929104827105,0.12087772680255562,0.18789872284142195,-0.06747238969223192,1,0
0.4602046074787577,0.22044657365258685,-0.2851692688102388,0.19334458157228826,0.208779176493763,-0.06762481697961681,0,0
-0.3875571271739671,-0.47423508309998863,-0.020042278089068315,0.13936247274865157,0.15939069948384843,-0.09036173515477801,1,0
0.46361244781335464,0.22203014176050326,-0.27578601248729046,0.20739740711109575,0.21327641087132293,-0.052990178473432945,0,0
-0.42137003548210256,-0.470189279144759,-0.04901743530020352,0.15561924352604395,0.1360221470507212,-0.09922377670582616,1,0
0.45821096728585503,0.22307736897040137,-0.2992932338809929,0.19502662543116017,0.20438827082499886,-0.05086783513175916,0,0
-0.4219389946458772,-0.4599354453979392,-0.035437174537289166,0.1733571088424823,0.15216091729529407,-0.09318206941312285,1,0
-0.5205524213257914,-0.4294958942827822,-0.1694919361237004,0.18503546130263346,0.0424642868489353,-0.15968304243955722,1,1
0.5178517985586881,0.1742992862557845,-0.19260093007232928,0.3043778700854775,0.23213797177690737,-0.039942145238852846,0,1
-0.5078735767950608,-0.42999139397744657,-0.13534914679056095,0.1828726540132088,0.11462038479679465,-0.16011907809351236,1,1
0.5083859076384798,0.17812894522819678,-0.22464856343759393,0.24838904113300148,0.2291370468802264,-0.08511566869828535,0,1
0.5141753050437009,0.17269416336457713,-0.21813195353383033,0.2678932539646229,0.2304922672361785,-0.07624026430362603,0,1
-0.5039594218255512,-0.43445425341016686,-0.10952828147567663,0.1950975238020201,0.15090887249539778,-0.13304632289042645,1,1
-0.503511810611754,-0.4308234935199501,-0.11124734386523268,0.18543770525362027,0.14189763466603236,-0.14037165715001007,1,1
0.5084543830101423,0.17875889979597054,-0.24528715386266,0.22520393664985522,0.22613617533130098,-0.09575638585891989,0,1
0.506226132381344,0.1823643644142156,-0.2732279372319235,0.20973219740460225,0.22282599489057403,-0.0884238894919642,0,1
-0.5007675214924828,-0.42938839434056203,-0.09599528521950784,0.19203902777479892,0.14851351041383884,-0.11699365768722711,1,1
0.5067388145353221,0.17949890896606563,-0.2630457581308592,0.21141477811859627,0.22456496800960907,-0.0942033507556195,0,1
-0.4993834751117741,-0.426584190372878,-0.09754241223643968,0.18745892662205585,0.14103649895728515,-0.1208596209179103,1,1
-0.4964879843830496,-0.42960169004116805,-0.0889446926563122,0.19217044320874044,0.15135780331534818,-0.10983868044464194,1,1
0.5114339097614758,0.18202004493731797,-0.26428176888427085,0.2187830171452863,0.22685272565486553,-0.07572885373894317,0,1
-0.4928695997552724,-0.42504195007375095,-0.0841439132208429,0.18995974749881547,0.1473477713939757,-0.10416916959454883,1,1
0.5135385419111909,0.17510123246784426,-0.2449454220834808,0.2354012910603417,0.23089544067015086,-0.07838989911137598,0,1
-0.5000802484520965,-0.42648158472771713,-0.09997535291576097,0.18372701702538713,0.12912271253082538,-0.1216323614457382,1,1
0.5159819366581274,0.17084192734400763,-0.2188774792055518,0.24511473034605732,0.23222131103516386,-0.08325744906781021,0,1
-0.5049393185867808,-0.43257589902776744,-0.10804879072486044,0.184842086741694,0.1293916536936005,-0.12909773996594107,1,1
0.5169825524969751,0.1684818607334783,-0.21635963733141145,0.248099252477346,0.23210819545912706,-0.0859418673136875,0,1
-0.5121303408155888,-0.43951978731225255,-0.11123344888065194,0.19417777694818442,0.12943860445503746,-0.11777873930250839,1,1
0.5120007854797458,0.1794318645152758,-0.2693751146492119,0.21508689207997772,0.22745206467394022,-0.07462830416238798,0,1
-0.506139999636925,-0.43340812448309246,-0.10770399492577465,0.1877115418981329,0.13083350687617537,-0.12359407634320003,1,1
0.512959055506484,0.17378234342621815,-0.25010100253991824,0.22298245021491692,0.22921337450147186,-0.08817111319969245,0,1
0.37086679293022295,0.34391052326373484,-0.23595664864514032,0.21580074634879148,0.031836716484418486,0.05210182421361319,1,0
0.3537363669934488,-0.31800877665813976,0.37278962450762493,-0.16120625494768961,0.3088030746451449,0.019679486494995933,0,0
0.35276050944679366,-0.27128306117937273,0.5720721708107067,-0.05153826916981225,0.19341968189178713,-0.05336379196990499,0,0
0.3773598594679092,0.3441049408964705,-0.2115999699357243,0.2605722161956379,0.008363208228155958,0.035061812948285725,1,0
0.3395828897314521,0.3576773230773437,-0.1904873463726495,0.26108676682870147,-0.06189803723567508,0.04838351730688107,1,0
0.36400608394528783,-0.29374294478480506,0.4825102240291863,-0.09634111867898061,0.27239383677869194,-0.045481058747878084,0,0
0.357499800122703,-0.2735101300803021,0.570907605583428,-0.059143798927062105,0.19334214046444204,-0.06087411268316609,0,0
0.31745562737898425,0.36572584727711493,-0.1599139441546233,0.294063150500698,-0.09431310303862074,0.04276428034198208,1,0
0.3630911445233781,-0.30625804983144517,0.4457257900951911,-0.13308868901168855,0.2698920559790027,-0.017436118639258764,0,0
0.23594329627433136,0.3977396052580079,-0.1452777011059387,0.2153024329165854,-0.15399866010106586,0.012204828957166557,1,0
0.3644448841753527,-0.2992613830315894,0.5020864922916504,-0.1084278796712441,0.2528795568587766,-0.019436033908922314,0,0
0.20720990618598212,0.39634550107858035,-0.07653919800771679,0.2759036387146806,-0.16813990674328141,0.052026950133598725,1,0
0.3662917080444669,-0.270338772991942,0.6021518959744828,-0.02911215390558812,0.1769770647076497,-0.07820528659211624,0,0
0.20586915994176938,0.38962620220318567,-0.041865161885358944,0.34070345453760725,-0.15799110124531116,0.07454905812571777,1,0
0.3752971342260458,-0.3088187302893122,0.47899431217357397,-0.11289338247519348,0.2763522073771995,-0.02328761670072107,0,0
0.17646254416879742,0.36805403942175685,0.007228707606533081,0.3529552402688426,-0.163029920775122,0.08257235463765922,1,0
0.3681865754628353,-0.28696082735031697,0.5807648357031118,-0.06410815411824648,0.19817301953379618,-0.04199893004268491,0,0
0.11302433985287291,0.36176585345028395,0.05553090031695797,0.2954133329485653,-0.18540600838246568,0.07384678735580773,1,0
0.3744194749494065,-0.29652245297914454,0.5290246070209238,-0.08919950126659444,0.24096322895887065,-0.052138314875338224,0,0
0.08192032016408246,0.22733699672164817,0.10745705940868325,0.2488107992447385,-0.22305791063475744,0.06021833410796228,1,0
0.37411949164584524,-0.3078034890422363,0.4622035908245054,-0.12354577763098182,0.27826161047291825,-0.042904238407645054,0,0
0.04336223983700693,0.37872457341867305,0.10126126504914117,0.2268440348197029,-0.16391364774688524,0.0427113681552711,1,0
0.35700618120833627,-0.2664617368598523,0.6022301211361927,-0.04818978507144632,0.15520565596289312,-0.09709160651984564,0,0
-0.014190148381412427,0.46841639194790785,0.1132704903327345,0.15919900367108922,-0.1316481622269664,-0.0053933912405607345,1,0
0.36398065065040164,-0.3147424930039654,0.4926286912687864,-0.16173695551855832,0.19293275922251854,-0.046515756506279794,0,1
-0.3582287536708182,0.588178685058071,0.059777819799294016,-0.14764553139704206,0.07835904266531171,-0.0857004710348886,1,1
0.3629352452370146,-0.31861217322440283,0.47352210023277636,-0.17640826452877198,0.1986111138362035,-0.04049038838535372,0,1
-0.3657369215388604,0.6016788215760327,0.06709971664005791,-0.14681418234331653,0.09359156101408454,-0.08079279404059886,1,1
0.3580061720866024,-0.2944182536294393,0.5763009416767734,-0.11308288072740388,0.13833043432108433,-0.06585139448632396,0,1
-0.36266246834259735,0.6224625053666566,0.09395829374999208,-0.11632016373791611,0.12957965634247978,-0.04443212174756468,1,1
0.3617566931698109,-0.30816998792302924,0.5235591657705875,-0.14623500205283588,0.171422435445454,-0.04561334488694358,0,1
-0.34160855299627985,0.6138378135926983,0.12069169454276873,-0.0895810973051083,0.12679500606795038,-0.017340203837421228,1,1
0.35423301098261,-0.2952421924667157,0.5812566151257367,-0.1144977060580079,0.12769232826726595,-0.04780446192557759,0,1
-0.34621455468199563,0.6152285606398598,0.12051542442795746,-0.09211387551570553,0.12322888960523805,-0.009843627170898704,1,1
0.35550444961641875,-0.29255520164053067,0.5715661641395837,-0.11493271496655183,0.13597271307756764,-0.06608309698320496,0,1
-0.3541932784702759,0.622731849714728,0.11393864690426854,-0.10892647899820172,0.11783568096103093,-0.03126669670080411,1,1
0.36202713158245237,-0.3012434466066893,0.5485064639441634,-0.12995871833854397,0.1570040731950979,-0.05878560039956914,0,1
-0.3438270873741121,0.6142385428091884,0.11236560471389824,-0.0932620698614419,0.12940004784978615,-0.01977926889282842,1,1
0.3608822087527462,-0.29779389823434016,0.5595725035948586,-0.12083627230328202,0.1486002131519858,-0.061439803433574705,0,1
-0.3472706593577628,0.6152030244497316,0.11386564894770393,-0.09834314543051466,0.12203962413509402,-0.01768550172782804,1,1
0.3597681904369284,-0.29802351885047573,0.545341679126493,-0.1304276714007318,0.1553213537113249,-0.06483305394439963,0,1
-0.3399861581340385,0.612874258917152,0.12053733893603269,-0.0980815892653809,0.11670244674049403,-0.023321440076150248,1,1
0.35971816501461695,-0.2915440628772837,0.5691648378933671,-0.10801571216719477,0.14116227219048536,-0.07322199262787923,0,1
-0.35086618695258726,0.6128731399678473,0.11130452309483989,-0.10188707931300792,0.12124795726409052,-0.01748089152032608,1,1
0.3610795363951197,-0.30196125845895766,0.529982377587244,-0.13649930661520582,0.1641911446946153,-0.056402638732118295,0,1
-0.3415658799641691,0.604910741047618,0.11333041741373603,-0.09419799312426996,0.12422226685222643,-0.013086949064203646,1,1
0.3663931168841801,-0.3105555693851878,0.48840951482188455,-0.1589949152764098,0.18815365983440083,-0.052906099376694646,0,1
-0.3381539440139148,0.6045338766310286,0.11223616296564562,-0.08948472084776611,0.13116374492621116,-0.010361386955311795,1,1
-0.5278499805661976,-0.35928096842580093,-0.1272168944379231,0.19411161113290007,0.027647742019881724,0.009301483013363082,1,0
0.391840075148985,0.2737295019366727,-0.19773248810599553,0.3889636880081126,0.08572618394628043,0.18448159525526253,0,0
-0.5298429466341167,-0.33901004483253727,-0.13512444056673584,0.20413058949372861,-0.03611152151119453,-0.021519015221173936,1,0
0.39573824974114014,0.27330735305702464,-0.1755438144179979,0.41395959678389066,0.08848185664423736,0.2003967510057218,0,0
-0.5201575568241,-0.31156906636789133,-0.10112414983909189,0.2198603691689169,-0.02071535240937816,0.011775120370104248,1,0
0.3799805196419832,0.2517980057465948,-0.1475079669618428,0.4313642623336817,0.06217774258712307,0.21632960821894576,0,0
-0.5367105845911868,-0.30452833616604563,-0.10089130623702725,0.22310689314208462,-0.005584043832369065,-0.001412017475765645,1,0
0.390423700390111,0.2631212495686632,-0.16235591435987196,0.4275314449420249,0.07784631265025053,0.19554827726944027,0,0
-0.5310055436458807,-0.2781829082572859,-0.09902408743064062,0.21501719108651987,-0.04344860213597125,-0.005123025454875613,1,0
0.3825307950562641,0.2628086650363935,-0.17177855766203776,0.4132299618729653,0.07514575156447394,0.1900328294313259,0,0
-0.5255103287497019,-0.2720063396261427,-0.08731603267876112,0.22097544010171666,-0.01842936444896252,0.0005331582317513087,1,0
0.3742378494229725,0.26326056532977793,-0.1620128820264078,0.41681510615332423,0.0644060295428895,0.20509616772004965,0,0
-0.5299437298424423,-0.2618353568110114,-0.09931002255981919,0.2104799748707242,-0.062472612125476515,-0.016528827087612767,1,0
0.38368768267025744,0.26654594475699683,-0.1590401657421094,0.42686322343329974,0.07206508656233351,0.20001380273696498,0,0
-0.5103881027098881,-0.2511736225297158,-0.07790196599805499,0.2193961518152506,-0.03289863004257616,0.005416525250748722,1,0
0.37058167446759,0.24691121596516105,-0.12546409429489366,0.4497127739850826,0.05281406140644676,0.20960295403074775,0,0
-0.5217283057504585,-0.2527683818862577,-0.08320191302490096,0.21715281008762466,-0.03237042625939918,-0.005649776308013999,1,0
0.3623986578056169,0.27398034507065394,-0.1867757913349997,0.3858011869075539,0.05883042492390937,0.189925439916793,0,0
-0.4964623403876907,-0.2487628516633078,-0.06890146684206279,0.22449653774207867,-0.03192272022015304,0.0077540190958136435,1,0
0.35544859372637055,0.24796104551054085,-0.13804217057870308,0.4278091303781474,0.037398723671767865,0.21096933223999195,0,0
-0.5272644771994284,-0.2665951552135446,-0.08507932431480486,0.2227544611448066,-0.025084911335940006,-0.01717630770028373,1,0
0.38205239656143336,0.265478333732798,-0.15319618878705626,0.43407542716381614,0.06729528138316343,0.19014515683530347,0,0
-0.5298150081258087,-0.28249307710757887,-0.08462304663651861,0.23087647265279507,-0.027811652787277482,-0.01936851908021486,1,0
0.3874180136399884,0.2605920805580746,-0.1332572178367899,0.4523128099380107,0.0647603260053405,0.2007394705107845,0,0
-0.4828596390727559,-0.3474666143545426,-0.10762345817157988,0.26136672046674797,-0.1867892395308309,-0.07595207745546607,1,1
0.39471733309372664,0.2508642773572133,-0.1457774884107851,0.45974201069317805,0.03436855954101106,0.18814884589338848,0,1
0.4119939534549564,0.2569766064289088,-0.16089884457138504,0.4622398699398749,0.04983262528749333,0.17068678235365314,0,1
-0.5161470486477683,-0.3840417627169084,-0.10642848118065106,0.2808703579994853,-0.12263900993743533,-0.06740484866706403,1,1
0.40615494858612927,0.24713355332906467,-0.13927807786960059,0.4777432765261148,0.03994338909408802,0.1810455679874477,0,1
-0.5035927735012065,-0.3832449386763388,-0.09693375058207121,0.2822241494927021,-0.11753577155120892,-0.05586467081670345,1,1
0.4106439254850634,0.23641713163467173,-0.11211310880266818,0.4976929136711623,0.03809322114769069,0.1857399419809972,0,1
-0.5047683681525608,-0.390656834616997,-0.09966324226939768,0.2820259300726499,-0.12635152996635904,-0.055497657447335653,1,1
0.4224610947766384,0.22746245606132348,-0.07802388562692963,0.5200373281411375,0.038673316256473224,0.17550415641806688,0,1
-0.515193709250933,-0.4046046317042787,-0.10440389530768274,0.2806705518532033,-0.11852327823949295,-0.06567657858875763,1,1
0.4221860660012769,0.22748476063193512,-0.08910498823004483,0.5135629313442592,0.03878112194432676,0.17872697893060907,0,1
-0.5050214277730372,-0.4000797553710819,-0.10108926824581238,0.2775952694871536,-0.1362888826988076,-0.057433467504481875,1,1
-0.4545525646109476,-0.3591036136612725,-0.08319294828003541,0.2636205510756104,-0.17728649252052567,-0.03799290913885772,1,1
0.38880542654606337,0.22481714882202683,-0.13012852778743567,0.46289272004681853,0.0161776940253214,0.18315374641961207,0,1
0.42380063111107935,0.24180621164866478,-0.12810245368591688,0.4934132773952513,0.046146809135360775,0.17774797298407521,0,1
-0.48904491691090046,-0.39125165093838754,-0.10201289991659347,0.27037797693674387,-0.1665931234046205,-0.06026810522957426,1,1
-0.4825707517620568,-0.3869353421579178,-0.09611762508581277,0.2665249669077043,-0.17165364860864538,-0.05237215119168759,1,1
0.4221774468178582,0.25131690405689233,-0.16459276700169748,0.4611933161512235,0.05081763749809911,0.1689032663978742,0,1
-0.4733713039907324,-0.38589305843007027,-0.09095651569011108,0.2655048314652715,-0.16518841821928026,-0.044654153078281134,1,1
0.4200481292452761,0.22873247847822986,-0.12040272986529175,0.491570628691765,0.039139995312918646,0.17406478783906443,0,1
-0.47601740962941735,-0.3981415661955673,-0.07882664674796526,0.27051692158468793,-0.11956087460549852,-0.0357111647666358,1,1
0.4224834749840552,0.23869394332142801,-0.1507773092849019,0.47197376872985203,0.04573692900435955,0.16672113857882323,0,1
-0.4745982953913453,-0.40215349877089124,-0.07038692116776103,0.2677111398750359,-0.10182732962932425,-0.02968083948635751,1,1
0.4295566971687858,0.24911183695011963,-0.17930855309037397,0.45170899378684026,0.055965303314195004,0.1550640777404719,0,1
0.32990487279957026,-0.1705394800844533,0.6467406962644063,0.07758771887201253,-0.082977265953824,-0.19989211413753452,0,0
-0.32116983518264763,0.6490568740030956,0.12407904329065315,-0.12303002633979837,0.01815296854301981,-0.09421670712771486,1,0
0.31414414383193573,-0.16258163554515404,0.6417445751473184,0.08184533091979378,-0.10626568560756428,-0.20373347562268568,0,0
-0.3165541848037964,0.6439049086098818,0.1231194758299709,-0.12079940209142115,0.02031253433502858,-0.09146141179799187,1,0
0.3114967461570474,-0.15911071148384665,0.6342817581624154,0.08999891767718941,-0.11267529941970125,-0.19669243529819194,0,0
-0.3087521883158076,0.5918091687854794,0.10433557442551689,-0.13084114630011695,-0.016994059282060103,-0.09025185127694127,1,0
-0.30711786387510354,0.5949444175753442,0.10398156821559244,-0.13481498119820215,-0.02142211828496895,-0.09373307171344096,1,0
0.3081894669197971,-0.1574904407033734,0.6358066101935439,0.09082369629048274,-0.11948704465672293,-0.1992500934685128,0,0
-0.3053548143364878,0.6146817933327055,0.11314467349548589,-0.1279031290387632,-0.013281669761965138,-0.08573854719891184,1,0
0.33124589061364834,-0.16893091680032699,0.6378423310590167,0.08229972336339049,-0.08368376421852554,-0.19195031478436275,0,0
-0.30179975671404036,0.6079964673069271,0.11710645436726076,-0.12927537411332088,-0.032159547608792756,-0.08505189643730282,1,0
0.3082545295598865,-0.15713202372528112,0.6330163593385216,0.09080703322483658,-0.11967570629017542,-0.19628455429247257,0,0
-0.2984589933761238,0.6265855318698561,0.12114192619454639,-0.13021945954941544,-0.03147533312328571,-0.09620085776120886,1,0
0.28832113887480015,-0.1477753446928272,0.6282637297780578,0.09229844543767278,-0.1475934368368304,-0.20778731791327937,0,0
-0.29230120395752307,0.6525080031303253,0.13947439857192037,-0.11376815357324696,-0.022211166866136656,-0.08771673625466914,1,0
0.2841425414797563,-0.1467429338970927,0.6288993782583888,0.0895339166834899,-0.1526605379220981,-0.21161641894516406,0,0
-0.2817126854476397,0.627251288396255,0.13368685704469965,-0.10471283423360106,-0.03414455234570837,-0.07205220908904356,1,0
0.28252135468628203,-0.1455805351758734,0.6231514108647699,0.09309394605353967,-0.1548794120300074,-0.20140455597324186,0,0
-0.2666259060451107,0.6261252818398876,0.13594910842803098,-0.08366824512210659,-0.02498692864647684,-0.05804075208945494,1,0
0.2753926206590909,-0.14188123739117683,0.6187827389748126,0.0941856973743047,-0.16536488263669769,-0.20133039208473485,0,0
-0.26773988567444756,0.6137635102057859,0.13337789338513342,-0.09186740540633188,-0.040912514573524995,-0.06356693432833975,1,0
0.28112313594535165,-0.14349075255626154,0.6161830289823281,0.09566471199336572,-0.15596448725752068,-0.19993007737034443,0,0
-0.26581997338342417,0.6411952122767925,0.14169819740739162,-0.09116862781772958,-0.035033782882816146,-0.07784688787214772,1,0
0.29083039982138564,-0.1505990636482912,0.630839352302061,0.0877376289611515,-0.14331733214435338,-0.2074541810706085,0,0
0.27853621777487225,-0.1564980355267091,0.6502893991614335,0.07973941141784407,-0.16305101026879526,-0.20443390582242207,0,1
-0.36444511562096166,0.581689155592446,0.11378855993500876,-0.14969079426405882,-0.02938935440343974,-0.07747113857131567,1,1
-0.3651560145382005,0.6074536670878152,0.12352813579190214,-0.11983402689902452,0.017793211934968755,-0.03985322298549612,1,1
0.2869561729027673,-0.16014869029410544,0.6511914546583352,0.08222742686244677,-0.14947484383314183,-0.20149947555856124,0,1
-0.35585482345765546,0.6052831747393037,0.12172129365838928,-0.10529516419337591,0.03119344469927962,-0.027157499601173446,1,1
0.2587607547301966,-0.14327343710316368,0.6297341452455556,0.08866974087091253,-0.1899960180370679,-0.2040838296115761,0,1
-0.356271986346021,0.6348504371733704,0.13190131763479077,-0.10959893857081726,0.040878443623327064,-0.04312756777136475,1,1
0.261231057392968,-0.1458471147177673,0.6360485770331457,0.08400391667774688,-0.1850491817777559,-0.21341892159694043,0,1
-0.32764663513201325,0.6162252909517509,0.1466453883849451,-0.0758574575383415,0.043387011690133724,-0.015031433455724488,1,1
0.2946776142777026,-0.16617265264598563,0.6576472489638585,0.07706568348127292,-0.1366526098595704,-0.20377649967736522,0,1
-0.3154429178309821,0.623500092162132,0.15648513573928208,-0.0710716556195963,0.04229865899194518,-0.023111477017289547,1,1
0.3154782357795013,-0.1788212769883929,0.6661996589886486,0.06600536127250223,-0.10142794507894551,-0.20486449987793054,0,1
-0.342565591138404,0.6296981069330159,0.14499384506718654,-0.111472557425269,0.007623885700181555,-0.04248560140667659,1,1
0.276217623024458,-0.15462893976547823,0.6468369842722486,0.0817406258454209,-0.16373578040729095,-0.21154277568080193,0,1
-0.3014481055860393,0.6072432539557797,0.1513841914768187,-0.05575771564865979,0.03853870472607696,-0.004734825470734373,1,1
0.24642981468948655,-0.1366960909879385,0.6204174387948954,0.08971391597788059,-0.2045901058864537,-0.2096182125118844,0,1
-0.318165030161055,0.6202210094273072,0.1557299366249818,-0.08740177003763173,0.006286730795795356,-0.026582370303096056,1,1
0.27440987757082536,-0.15440027800892742,0.6468198289631625,0.08265039146448146,-0.16502805504501905,-0.21182881288756378,0,1
-0.3059068223805915,0.628872337539887,0.16251222125238626,-0.07844554468592527,0.0129890428101001,-0.03262584660420457,1,1
0.2995863412320973,-0.1706060814965207,0.6615408675926806,0.0707919159547774,-0.12368101287473249,-0.21076301427423497,0,1
-0.29490413831480194,0.5870989503073201,0.1602131314284515,-0.06944933424272376,-0.009218615589355118,-0.006215515542130644,1,1
0.29603043944912016,-0.16823185738187788,0.6558209250554393,0.07759743165649445,-0.1316859684899149,-0.1950462979456169,0,1
-0.27191220161138485,0.589880992714767,0.16653000333358087,-0.04233077649367907,0.015078999971860673,-0.009369883855223898,1,1
0.2842587773804869,-0.16320893271651196,0.660985818353292,0.07563338292444116,-0.15102419212106405,-0.20754427699019262,0,1
0.4674006665099238,0.18624400459911097,-0.069722599492687,0.48599462247083564,0.08918531209466513,0.21324928162466983,0,0
-0.4464089475180764,-0.4297457740814978,-0.11142913880605604,0.22272228914550313,-0.24515445656917262,-0.03910767845071654,1,0
0.44217845608194845,0.16957998583364398,-0.04426158162951741,0.4888969604230251,0.0578034383247436,0.2130487009589975,0,0
-0.4211069503354455,-0.4064468318268773,-0.107416161430105,0.22008102816672648,-0.2667326231392608,-0.04102919218772152,1,0
0.4745064580995647,0.1879673269773867,-0.07387485818458672,0.48952217245624857,0.09054964385869128,0.2003009679821028,0,0
-0.4368140833102541,-0.4267637187077192,-0.11212246949977353,0.2152978107651201,-0.2541965420526558,-0.04489276918496997,1,0
0.4521398590983379,0.1682051767809205,-0.029598496305433476,0.5012414001902047,0.05920560367846706,0.1965149371586198,0,0
-0.4240964978180231,-0.4216266799757954,-0.09650594167418385,0.21829568289183912,-0.23918834931179422,-0.028123605730088406,1,0
0.4556804853452903,0.1698889469675837,-0.020612372445307343,0.5099571067055733,0.05702116015360666,0.19808114238015112,0,0
-0.4208390541310809,-0.4204153566498416,-0.09838845008049882,0.21330407910190788,-0.2422444860111001,-0.03370151549268834,1,0
0.48077680376383497,0.18119810775804762,-0.04646446198351358,0.5052889842292094,0.08426014248455785,0.17666721138645194,0,0
-0.4267426441133926,-0.4258542791225771,-0.10330830341762377,0.20308465516270643,-0.24369785235417757,-0.03874440902114251,1,0
0.4807026394803936,0.18634693260804114,-0.06240028549559455,0.5030248608605876,0.08189397819622034,0.181767120816184,0,0
-0.4234800168442689,-0.42676488790929745,-0.10026474564262021,0.20341630209117476,-0.23308213273225248,-0.03686808780772618,1,0
0.46887820938746727,0.17588395589246497,-0.03289813904585957,0.5157806696357238,0.06225767275690165,0.18069273907633648,0,0
-0.42022414058430657,-0.42379389052526334,-0.09996424335903396,0.20311684345283512,-0.23531687799358428,-0.03321627378066392,1,0
0.46616761644732346,0.17072477944314,-0.03608067349542312,0.5101219778688328,0.05920916997701681,0.17152587629325278,0,0
-0.4104470639257493,-0.4085180386927439,-0.09937113494583341,0.19581400268979815,-0.2591075178372804,-0.024217066113770194,1,0
0.47132834477483676,0.17417945776681446,-0.02842360618565576,0.5185446077864324,0.05912877852332453,0.1751709350153807,0,0
-0.41267864610638055,-0.4165881230448394,-0.1025908416322318,0.19353365359323982,-0.24287654324358746,-0.03428957889193626,1,0
0.4777298341822724,0.17263641814216726,-0.0341930014267014,0.5149604546323677,0.06616952851707447,0.15083453100557323,0,0
-0.42399034387727536,-0.43142910572904086,-0.10520972256873079,0.19311212868723812,-0.22448777331393574,-0.03359001801108043,1,0
0.47933930011980713,0.18361396721974324,-0.07456661811633829,0.5058337360967486,0.07046544031112058,0.1575769540982388,0,0
-0.4169604633946309,-0.42292842600446706,-0.10383149753430977,0.19315106668683946,-0.23304151080851082,-0.028395790019897987,1,0
0.4741898544251994,0.21120457452376362,-0.12288688314941963,0.5177409631487562,0.03845852097265076,0.12255351532137462,0,1
-0.4013794142875242,-0.32869249129075656,-0.12218826807761901,0.18370036902494968,-0.27739111993026483,-0.09256105472594622,1,1
0.4482620589492475,0.19537863470267258,-0.09623367590532853,0.5161058351447838,0.0156808286189746,0.13312492889272837,0,1
-0.45199829309543504,-0.38147953664328316,-0.1329279163015442,0.21732363623584522,-0.19695088695968077,-0.07107414044746403,1,1
0.4575883947705923,0.19748729198553008,-0.09244048833882909,0.5240516215191268,0.02173463826960007,0.12618199938739327,0,1
-0.477263167089948,-0.4078507269372248,-0.13493509143820298,0.22794624196526592,-0.1507691965036562,-0.06648097610752413,1,1
0.471222452370472,0.2078668008838235,-0.10859352820431584,0.5260983536363426,0.03342272731020423,0.12267508694053311,0,1
-0.4999656421489696,-0.43505039919172545,-0.13074496546051123,0.23683601702147605,-0.08896321475036396,-0.05880878489703917,1,1
0.47627175231772984,0.21758053596906665,-0.14076749100141056,0.5113834959609976,0.04082807735829395,0.11094536603177992,0,1
-0.49544721592549484,-0.4318213381778189,-0.11337137749301368,0.23613897676074921,-0.056710648288342574,-0.043006937722181386,1,1
0.4758694586279213,0.21705175781417446,-0.13601314135613685,0.5150826055131992,0.03799911192994457,0.11578365942809694,0,1
-0.49634125900672177,-0.4315561601185717,-0.11756267001179532,0.2338742165640831,-0.06203962511927953,-0.04348075979745564,1,1
0.4829329532503911,0.21577624748592236,-0.11479676887521142,0.5305916498809071,0.04072537641664455,0.11616798760783395,0,1
-0.5122156798037589,-0.44393141904175243,-0.13385505956084823,0.23173304165069802,-0.0642485749558499,-0.06121534867882426,1,1
0.48272043280623383,0.21424184175475222,-0.10630265523878661,0.534406988166783,0.038307493112624234,0.11663367242643852,0,1
-0.5086621384858616,-0.4349146531284455,-0.1326624688886754,0.22427853764568148,-0.08227454294018917,-0.053727438623854526,1,1
0.48254071821085237,0.21402087185942384,-0.098524798544894,0.5387801312662462,0.03627730497889807,0.11997701577525058,0,1
-0.5126533980826306,-0.4403465384539771,-0.1405394898877896,0.2254204656334255,-0.08540758063808992,-0.0654148171484646,1,1
0.45398068070006664,0.19786189048315958,-0.07565003788358143,0.5369403863426485,0.011084162015771119,0.13486314250529874,0,1
-0.4837813090284438,-0.4146350524256074,-0.12282315990717346,0.2243956688212892,-0.10132177923323235,-0.03892178160403349,1,1
0.4732130548712156,0.21504409914997386,-0.10575492534763577,0.5357760269756275,0.028229159172355456,0.1302483866198102,0,1
-0.4931949825878632,-0.42329555857240664,-0.12358552744977554,0.22233372524400194,-0.09292289690540556,-0.03965068015974199,1,1
0.4802865059924984,0.22325647558038317,-0.12938634179836908,0.5273339137878476,0.03658702274999595,0.11361875666986414,0,1
-0.497238171805725,-0.42593390964156774,-0.1302649506555605,0.2206304686267208,-0.09145084094434715,-0.05197335407530537,1,1
0.27747761831208667,-0.20737269989796817,0.7107110776014969,0.02783336629424749,-0.1352884371089615,-0.12309387472730206,0,0
-0.38965050087241293,0.5595926783818619,0.10472072775207275,-0.16208033079171263,-0.05089677003445091,-0.00874338829306411,1,0
0.2756490323246404,-0.20526506424111104,0.7082396789983483,0.030007137947042423,-0.13875983711919962,-0.1224894752044664,0,0
-0.39625177619452007,0.6039652555786734,0.11475654386521808,-0.14965097810260888,-0.006014227096289933,0.009919505456763771,1,0
0.3136591118056415,-0.24619987293842016,0.7137867598707327,-0.004919205417128388,-0.053923063494852465,-0.07644302780846289,0,0
-0.39240729794062473,0.6212383674499762,0.12315543621761357,-0.14369500093875567,0.001581106120196353,0.014073203631096954,1,0
0.2934013408575031,-0.2228081273605006,0.7147929246973,0.01601090147481748,-0.10384797260720875,-0.1021606134432672,0,0
-0.3827050937250092,0.6384382796197351,0.13239067164872362,-0.1306121413049455,0.012529823958953409,0.02736109264665158,1,0
0.3049060187215585,-0.23575475342972635,0.7192557236630845,0.0022994286186807144,-0.07845965865071224,-0.09386339474127639,0,0
-0.3776621711726837,0.6504422976534071,0.13926960483472933,-0.13309076548826368,0.0067384284082222445,0.01673350146412448,1,0
0.2997461629795675,-0.2320085781274687,0.7172329668957753,0.0032843143712969723,-0.08822424137060095,-0.09489980631465807,0,0
-0.3662332877367428,0.6543926083757386,0.14450114882917076,-0.12563860966712917,0.00428983358059641,0.017897906857719005,1,0
0.3061440224410795,-0.23706451454378796,0.7181742358757477,0.0010616053435884179,-0.0756169409848966,-0.0902978932299217,0,0
-0.3610744450442829,0.6600167520599339,0.14947188698426267,-0.1197864708872692,-0.0003415027302204517,0.016587285115818237,1,0
0.2940227024325758,-0.22320630274303377,0.7175266967267578,0.013628314420139218,-0.10418261227258589,-0.10575924433822641,0,0
-0.35013845846082275,0.6620323601064965,0.15291535799411435,-0.11357337094944044,-0.003893989973730863,0.013752593534344975,1,0
0.2951753297276213,-0.22418521638950759,0.7181692552024029,0.010462741527711143,-0.10223764741543916,-0.10713757202409398,0,0
-0.3418010681515067,0.6667622620008488,0.1580531470205565,-0.11355522933906076,-0.01447500060495487,0.004964388067947909,1,0
0.2841793564707118,-0.2109170870296352,0.712382213916924,0.026617869337964103,-0.1272827840754498,-0.11877596385840938,0,0
-0.3324148621461951,0.6555115715965842,0.15871940947912364,-0.10322926578321096,-0.02061884802572652,0.015583909074760925,1,0
0.28312978950296847,-0.209229162097954,0.7125637074945945,0.026695263460033914,-0.1295914225364291,-0.1241183495281533,0,0
-0.3292595179030484,0.6627705506003545,0.16250526431901627,-0.09843207757552752,-0.014089785084845107,0.013590849208906413,1,0
0.2832659872071647,-0.21006279659451893,0.7094711698363225,0.027420661644255873,-0.12907361407516282,-0.11549653819370187,0,0
-0.3240406724044185,0.6503840383957106,0.16001841339040193,-0.08854518156442438,-0.011026758268046138,0.028259516033101315,1,0
-0.40701324219693774,0.6014821316681462,0.14105972818809162,-0.14173248530261823,-0.022151046933126427,-0.016853933871618036,1,1
0.26441031425496253,-0.17993031622154845,0.6896339861407459,0.05624126573517715,-0.16978236175384173,-0.14699447153494546,0,1
-0.4017294297270071,0.6269420343215573,0.14460313228745333,-0.10474350502617163,0.04678513380665773,0.014606524111810758,1,1
0.2780465127772454,-0.18984592004144363,0.6965653464845969,0.05423044395331287,-0.14518391799536218,-0.13697358279214178,0,1
-0.39828650499651025,0.6265776756874515,0.1551426732022735,-0.1151840140276363,0.016220803490696,0.0033522836650741656,1,1
0.29870861872469906,-0.20881207162659166,0.7080366538663002,0.04057636634025832,-0.1042728401390577,-0.1185361151375241,0,1
-0.39753787111227296,0.6297187628795723,0.1592484946317829,-0.12813083572472592,-0.004262183963358638,-0.010283059324483135,1,1
0.30891400653193407,-0.21896172354389853,0.7128490598365478,0.029630436950801153,-0.08402437787121649,-0.1092729974171463,0,1
-0.38342155185744,0.5990533383833572,0.15700142575140164,-0.13731432394901985,-0.047793620081166305,-0.027308622319251453,1,1
0.2728961010985327,-0.18451809118456708,0.6949537479223897,0.05585892686974936,-0.1552689577764702,-0.14817460862739207,0,1
-0.375394773441409,0.6187542913346876,0.16913158547522167,-0.12902836193997017,-0.038711255651067686,-0.026020086214631564,1,1
0.26059757832847225,-0.1738607997592,0.6851568478496857,0.06100703058515827,-0.17620618042921501,-0.15947324292152032,0,1
-0.3724063472539642,0.6374007195862365,0.17156651057261343,-0.11443017252465927,-0.012088654541828564,-0.016285575984612763,1,1
0.2690190595037804,-0.18028938119103613,0.6919346150338204,0.05837231473854161,-0.1622782355269418,-0.15492039345089434,0,1
-0.36631384726547594,0.6280222146494908,0.17239642531668523,-0.12327795430193161,-0.038092050638312565,-0.026644812730142117,1,1
0.3288363994013229,-0.23759164023406804,0.7055881461277909,0.012301677854703867,-0.035469712763775786,-0.0856683967038578,0,1
-0.36517163766607874,0.6449744094726424,0.17301720108826943,-0.11153687659514933,-0.012035552064197859,-0.018130695914483127,1,1
0.29864960246859246,-0.20410778845029046,0.7078203276252559,0.045365461757357166,-0.10909902623197988,-0.1316929889575814,0,1
-0.3517493024683871,0.6355776066014555,0.17562764809340686,-0.09832993173871145,-0.010337362341783929,-0.010908260697813477,1,1
0.2690406934467103,-0.17832461385454176,0.6865643732422374,0.06288193560724083,-0.1620848413308905,-0.15018594089358167,0,1
-0.36762783976558383,0.6554725021075795,0.16809299426541802,-0.12006644341461832,-0.01530991518066701,-0.03492826898603925,1,1
0.2744292351421668,-0.18319485658686654,0.6939327931553878,0.057445927381050726,-0.15368417305157062,-0.14922557773272407,0,1
-0.3582495807480479,0.6473680603440679,0.1658693594879933,-0.10578410771157834,-0.006363068208479133,-0.023589676361294006,1,1
0.2740376616099579,-0.18214466167514656,0.6888916039833565,0.0610874424730993,-0.15152206326252624,-0.14594074679236613,0,1
0.38531073138113636,0.2781283986019306,-0.0864656821506249,0.41168069512596944,0.08966068809486387,0.30800286218629797,0,0
-0.42524603831877417,-0.4890126532836979,-0.05619304380611969,0.1951781414161196,-0.0858026117101959,-0.014211948961263954,1,0
0.3825929915538199,0.27429216601330086,-0.09822750134890464,0.4057776894377719,0.08769822481071246,0.323570327601242,0,0
-0.45425062671861743,-0.4726758378180282,-0.06941820926638215,0.23467458223482204,-0.13732305133538616,-0.022330184985148563,1,0
0.3728209296843523,0.27831616275564836,-0.11663049967205417,0.39002022084391097,0.08216876505680717,0.33975972954882117,0,0
-0.46766162826992197,-0.45610555696707306,-0.07570033880461206,0.25957948004360626,-0.16339964006132582,-0.032397292462089014,1,0
0.38041525896373074,0.25646452573621614,-0.07860000018036555,0.42837500526902955,0.0765523402999265,0.34633076101283305,0,0
-0.4777085601231387,-0.44148614718509765,-0.08363167022757445,0.2697992323081072,-0.19632270835664153,-0.03089009924980413,1,0
0.371352330935397,0.23281319631887587,-0.035680005954178896,0.45546321476147256,0.048896326853991,0.3530999764575906,0,0
-0.4709449015170848,-0.4244092420253567,-0.08469561743698192,0.27360947428270116,-0.20851610325833642,-0.031155454308471126,1,0
0.3706297028358726,0.2458410061441274,-0.06445764382553329,0.43611433328354504,0.05556186614311468,0.35796960259780786,0,0
-0.47471304127010777,-0.4154405705078338,-0.09068646772507874,0.2708401063059752,-0.2263482955242097,-0.0331868891347357,1,0
0.3748162987001195,0.2662618953808925,-0.09995195350510543,0.41025593995045956,0.0711679690654295,0.3514819644174289,0,0
-0.4871634047442987,-0.4215824546690836,-0.09458262649933812,0.271605339892805,-0.21248934523897156,-0.04008938201460821,1,0
0.3774377492477105,0.26977940036273607,-0.10730953181087433,0.4031950610901229,0.0759809431608289,0.3468949709978034,0,0
-0.490279738176402,-0.42210062102190826,-0.09083217603049186,0.2734594875084443,-0.2018200709584623,-0.039782732917147824,1,0
0.3731534169513168,0.2763858601605878,-0.12239406474152152,0.3841298532455842,0.07406767526766729,0.34638460107398117,0,0
-0.49043052025253014,-0.4238968369829687,-0.08549560437319223,0.2760919757348759,-0.19371735904918988,-0.03856303664031645,1,0
0.38752672590730164,0.26506619328888475,-0.0908065784472654,0.4184485541131062,0.07687511673520356,0.34151610014457634,0,0
-0.49087241063434156,-0.4290216490429853,-0.08680486679745622,0.2758010926916952,-0.18344440570105033,-0.04735499538364168,1,0
0.38079211034460636,0.262212533031996,-0.12348968253044146,0.39991036215825443,0.07754143545375686,0.33714889589148567,0,0
-0.47613330503123935,-0.42022488139281855,-0.06828686525077911,0.2781822510084631,-0.18040400148011365,-0.02198507693056228,1,0
0.3821765198419113,0.27817778650064806,-0.14659316700081748,0.3688459333122972,0.08415389180680999,0.33263265959358984,0,0
-0.47927456091480514,-0.4300285766739364,-0.06634214376454459,0.277809227117491,-0.1576824833699373,-0.03399316804877642,1,0
0.41491059021457233,0.22640059370739385,-0.13769699378838668,0.3893956383577867,0.06500193477114928,0.32653432023759177,0,1
-0.48280655624447855,-0.3518724709724189,-0.11494128807372153,0.2568001647136681,-0.23209411742423705,-0.05087403584563162,1,1
0.42780083100865157,0.23146345822811515,-0.14298154452933182,0.3914037504425448,0.07797737427004746,0.32109501660947376,0,1
-0.4483501351504804,-0.32165723157732967,-0.11433196886245535,0.22944076725665105,-0.27907930190585634,-0.07204551276757577,1,1
0.423094552233807,0.21259160965076287,-0.10105447298944903,0.42089238289646863,0.0646394844775041,0.32285155208663197,0,1
-0.4516590794362284,-0.32512703403851917,-0.11293478585034787,0.23519124930220342,-0.2729422392817201,-0.06236763287915919,1,1
0.43139024638495926,0.21637858710262223,-0.11889671486543565,0.4115231047499621,0.07659467126046132,0.3119084825756592,0,1
-0.49612939002315537,-0.3633541695300956,-0.12071426042612458,0.26000472567626715,-0.2247469905860272,-0.0522852240711586,1,1
0.42774370278552776,0.20400046544044875,-0.07352312987793673,0.43651693557071247,0.06174664304465363,0.31540074949161745,0,1
-0.5110852389337596,-0.3794799052719467,-0.11726049181300777,0.2722985824900123,-0.1899290339648739,-0.04324965643724518,1,1
0.4235692726233625,0.2072335237535606,-0.09977113855287344,0.4179373802565698,0.06269570914706611,0.3168060537534019,0,1
-0.5109146026462444,-0.3808153954239389,-0.11317944138950566,0.27441355563318875,-0.1899795700969545,-0.03206943567296242,1,1
0.4325035024296076,0.22231584820414133,-0.14585193347137282,0.387834445330879,0.07826245048290134,0.31011393302345935,0,1
-0.5108749229354682,-0.38516436785808206,-0.12159806461309232,0.2710375591076433,-0.2074222118949174,-0.04809953523533219,1,1
0.433708305811612,0.22128243154788654,-0.14279622951913837,0.3889061218535409,0.0779726494414704,0.309515484839222,0,1
-0.5261941309509143,-0.40170239344485037,-0.10846330761411355,0.2830291856285272,-0.16036735185999001,-0.02549829769031918,1,1
0.4306572978778463,0.208378978124433,-0.11464055024677428,0.4114768811190597,0.06995979084405142,0.3068706504226151,0,1
-0.5176522363971862,-0.39465603623750806,-0.10465479406137533,0.2800659352651176,-0.1706002651910106,-0.017059882715759773,1,1
0.4189023215117189,0.19272217980752912,-0.07071815300712116,0.4357744007645548,0.050011536141041826,0.30934785998166814,0,1
-0.5018579521945341,-0.38563008959028744,-0.10552930646979562,0.276715038338366,-0.19476605252563264,-0.02112631975056086,1,1
0.4235976021733542,0.1981229401676981,-0.08853265744813109,0.4264703149450053,0.05831967888157664,0.3090765522550373,0,1
-0.5054414531178018,-0.3941677458189937,-0.10060368116138495,0.28019514565903697,-0.17354764612400164,-0.015006695158722787,1,1
0.42177507802015474,0.1991710528332209,-0.09800374020051944,0.41796264182132614,0.05598039058465677,0.3118075511069614,0,1
-0.5011803934936945,-0.3929404380558617,-0.1024752680634948,0.2782997378337857,-0.1872157285875812,-0.015320876311901972,1,1
0.25356187329159696,-0.16299344432075683,0.6063324149182304,0.06866045329422096,-0.14020879985340182,-0.10739382925682804,0,0
0.3653864280889115,0.16765133005427849,0.09006076613012418,0.49168970202349516,-0.040446663936648246,0.2401859412467289,1,0
0.24947619926171546,-0.16114609574189756,0.6061495338712638,0.07082133981151398,-0.14893635568184938,-0.09734409882415862,0,0
0.36203188819576937,0.21741996306907535,0.025096557481836188,0.4972823992206075,-0.017988883324006808,0.2848428077927267,1,0
0.3276211397158964,0.21852018454757122,0.06001041471706538,0.4871292571694397,-0.044297391737400625,0.25790272570080186,1,0
0.26533605813870154,-0.17315100748049458,0.6227634545865125,0.0606687293136431,-0.12486303897235798,-0.09973047953527733,0,0
0.25430594123925737,-0.16390903860080272,0.6198569721184128,0.06524607641965727,-0.14519492913757778,-0.1145780544620376,0,0
0.29702807221068134,0.2542303193250708,0.04811159785820428,0.47269771881046685,-0.037291275881203484,0.2549037402576938,1,0
0.2664041678838515,-0.17373107836979834,0.6246958236304286,0.06081936012927504,-0.123292859723234,-0.10249508746626514,0,0
0.2289902715747016,0.2541141744538252,0.08077111858427276,0.42562677801551535,-0.07369736241481609,0.2396682094375141,1,0
0.26423391942815116,-0.17138405989891967,0.6265555255874672,0.06462013255151385,-0.13014860154732416,-0.10485208064229426,0,0
0.14633053522370773,0.13400552613225214,0.14882051232877969,0.3097076646716604,-0.18085914077558876,0.128365939963579,1,0
0.008956749051523126,0.48292459596860865,0.05545737361124172,0.19900730606428355,-0.021920301988465684,0.21400403817793734,1,0
0.21816688516102054,-0.13621873883585242,0.5881701708420652,0.07774274608702103,-0.2045202886174166,-0.13025100566605033,0,0
0.19412968405553221,-0.11960667554266237,0.5587236865587322,0.07447286613443369,-0.231481975955656,-0.14704526284704755,0,0
-0.08239006441695951,0.5785863946390786,0.07312744338980173,0.10755143091630155,0.0025636220629935984,0.1388755061452193,1,0
-0.16264007474220296,0.6151695847258976,0.10013481922244111,0.04589676459290789,0.0065886957801785965,0.10956151963646689,1,0
0.2113820993433425,-0.13275578112597178,0.580878830906229,0.07195483565352567,-0.20904318341137504,-0.13850310516990205,0,0
0.20556209998502717,-0.12717121153999236,0.5711643021810487,0.07615856164490208,-0.21781043471533318,-0.14170976587911735,0,0
-0.2428485325207069,0.6423417296349322,0.11815599325159082,-0.02031686244379551,0.006284657008206931,0.07927796924441721,1,0
-0.29913377778771505,0.6392740094084304,0.12677980517696572,-0.06809035130746109,-0.004635697252794013,0.05007609897440942,1,0
0.2017537376587069,-0.12530703152369577,0.5678182642409221,0.0763477950541966,-0.22334853258785456,-0.13823949110139738,0,0
0.20824787966613564,-0.13184044434631256,0.582955443854222,0.07248787811117326,-0.21718190558536218,-0.13606851253528535,0,0
-0.33703619861886036,0.6484801685952617,0.14873658113870403,-0.08645288713758828,-0.0015697664635307804,0.036193803631700716,1,0
0.26575568714627296,-0.17959153345902926,0.6375961704471349,0.04958660017251967,-0.1332099540672139,-0.09892395989530404,0,1
-0.39792471651235894,0.5871698157546169,0.1594226332655806,-0.11768205124355734,-0.03182534003687343,0.04646326178030356,1,1
0.25211793192448184,-0.1678025825325725,0.6258761390188545,0.05858432060403143,-0.15768872519784533,-0.10365017770809955,0,1
-0.3939580632349527,0.5718632071279431,0.1561615820630353,-0.11027114740416902,-0.035298101921067644,0.05658102290805615,1,1
0.2790353172808708,-0.19357475849158162,0.634864270861129,0.0406032642861744,-0.1049173958255816,-0.06849306385200477,0,1
-0.39099684485404834,0.5660052594518287,0.15323848190250147,-0.10842844440941354,-0.03353410118903836,0.05857344830361156,1,1
0.2698823406562286,-0.18492586425138025,0.6277678748756763,0.046234466155681025,-0.1201278432397659,-0.07671289508355693,0,1
-0.39194647423476126,0.5650654547502539,0.15078627831624342,-0.10328199086029799,-0.02439257207278708,0.062353837263295686,1,1
0.27783262102703526,-0.19237835640703901,0.6273500790444142,0.03938402350386099,-0.10337001796652232,-0.06715060986504796,0,1
-0.394085783157669,0.5649626494800185,0.15073743599925965,-0.10466584788388537,-0.02456569518299817,0.064620422523961,1,1
0.2531289600070469,-0.16949485831122635,0.6222547595187211,0.05524913356528354,-0.15324346885784532,-0.09780488334121455,0,1
-0.39837249858241863,0.5623681111172235,0.14997235891267113,-0.11058325003099102,-0.031675780897876725,0.06058659537119235,1,1
0.2413289946567191,-0.1583686618197584,0.6155367886795691,0.06209754225463531,-0.1751647153585485,-0.11411332024511393,0,1
-0.40235786571073373,0.5663436885294632,0.14916825072538578,-0.11016255394620099,-0.02414682311611443,0.05937522640978666,1,1
0.21860838224712667,-0.13963679294424658,0.5861594960572819,0.06899257256623939,-0.20364306557301312,-0.12596196516119246,0,1
-0.4009986405599605,0.556843764030617,0.14386344783398355,-0.10617913386317927,-0.01962935406425477,0.05965749989090797,1,1
0.22188440632169332,-0.14302820055586807,0.5975572592859281,0.06819201468629606,-0.20363544194577082,-0.12524011546098918,0,1
-0.40481106140945283,0.5504738111503595,0.13915406383186196,-0.11139217444893385,-0.02568474346293813,0.04967683515367704,1,1
0.1968082470430722,-0.12467049069298586,0.5672634265980508,0.07115230990125275,-0.23622456434007766,-0.13328580654768604,0,1
-0.39913405825222525,0.5246372438035882,0.13439702632436992,-0.1212656184949077,-0.059598293232898544,0.03594148735957433,1,1
0.2118850508263954,-0.13737759553026585,0.5903352141529694,0.06786440913515557,-0.22072471523982257,-0.12014375931439143,0,1
-0.3997490217914599,0.5214640234134722,0.130242001487416,-0.10743448215281552,-0.03387450130663361,0.05389169332423753,1,1
0.21504329864826835,-0.13837367716411242,0.5895175743565723,0.06813958740635678,-0.21467090780137918,-0.12260037774038555,0,1
-0.40431121196464254,0.5049101170132054,0.1293801320959408,-0.11242966801839613,-0.058811399696319155,0.04502531719463493,1,1
-0.4609388064840548,-0.388231116475925,-0.11205519399917438,0.18396994745397632,0.1455224239041045,-0.04058062248381655,1,0
0.4314036703839999,0.19252778924203073,-0.05698901233338148,0.5378120127943455,-0.05847861078872418,0.10859070439861451,0,0
0.42470968492181843,0.1875156186664902,-0.049546169408170256,0.5364254122590801,-0.062469862189518235,0.11293631828395567,0,0
-0.47745103607852263,-0.3710971479171808,-0.12273807488250267,0.19454296551392,0.10506200656330314,-0.04631074666028319,1,0
-0.49189414751661065,-0.36512769071523554,-0.13258430446123742,0.18872530709691013,0.0881763935937458,-0.05394738730838517,1,0
0.42574339839080755,0.18520188733492376,-0.041036825530033016,0.5391407553249945,-0.06246391874262776,0.10989244311330934,0,0
-0.5039846684094338,-0.36161170372210694,-0.13840878753197713,0.19071023805458145,0.0816837409074424,-0.05824686114317539,1,0
0.4348161642762209,0.19073415792553616,-0.04967850934430488,0.5428382844686392,-0.055890416583642195,0.11218514209503601,0,0
-0.5102072261241134,-0.3591657277772528,-0.14362094645845933,0.1856451098027544,0.07391598858216517,-0.06465369472855503,1,0
0.43878052086693,0.1908706672401583,-0.04955378901188385,0.5440272250911232,-0.05151625609059053,0.10399729960131268,0,0
-0.49660086006631615,-0.3459233550421349,-0.14787037659137378,0.17858335178838555,0.02138122384605353,-0.06519571651442352,1,0
0.43250964861740565,0.18865114151144827,-0.049684480286849,0.542038640684318,-0.055970409035111024,0.11190747181406355,0,0
-0.4692935957674721,-0.3297683528522562,-0.14364248606142027,0.17059891690271362,-0.016836278975694247,-0.06817005164996107,1,0
0.39957455872114983,0.16315955513536315,0.00037499115654597825,0.5315078356692422,-0.08067832636350512,0.10916851090959309,0,0
-0.47909599368346883,-0.34241581816533206,-0.13821556712135433,0.17841491415652763,0.013667098339538058,-0.06029579461352909,1,0
0.4026862492055583,0.1630230561590747,2.4950896119687433e-06,0.5331547543586835,-0.07750961125045083,0.1057284172697993,0,0
-0.47979155551207503,-0.35150581702589273,-0.13924347823756117,0.1822741884550032,0.018416959593412798,-0.0641625038801957,1,0
0.41106996334319595,0.1704734007098261,-0.012715208663532086,0.5371922659771357,-0.07225043150327275,0.11130333891226396,0,0
-0.48324163155160516,-0.35462056408994685,-0.13627461581877995,0.18329110245525054,0.01672904505045103,-0.056310165147863966,1,0
0.4112321285155557,0.17146906451057248,-0.011744091899418023,0.5383839171249996,-0.07239234477086515,0.1162100398303014,0,0
-0.49736504272324406,-0.3789678210866911,-0.13474235187277017,0.1873687595632263,0.0642921439581099,-0.059014128832943394,1,0
0.4301643461961075,0.17934482851330022,-0.021604925512148033,0.5485343921721373,-0.05943373791485997,0.10932813795218883,0,0
-0.491435645952505,-0.37877419803522383,-0.14352088574916952,0.18763512302177476,0.023847625517619684,-0.061320505739788575,1,0
0.4173382432841163,0.17355216612074342,-0.012114239029887643,0.5421289359359501,-0.06918447507156729,0.11528659596280645,0,0
-0.4900111369212149,-0.3301934951747993,-0.1377627264332052,0.20328939902375326,-0.08963958557219291,-0.06207049629937981,1,1
0.42708004628691887,0.1809454584987601,-0.04142504054572625,0.5384003662269587,-0.052840166061621216,0.13292738821879815,0,1
-0.5045613616969663,-0.35106602900842143,-0.12410451942206781,0.22118882205790683,-0.0024835027979033747,-0.04144628710072752,1,1
0.4316373106052414,0.1868175750490243,-0.05781440381610346,0.5359049707002577,-0.04795682008767383,0.13135401837588626,0,1
-0.49808201514242595,-0.3504935229174903,-0.10734036343184906,0.2246232445796476,0.027490707668656217,-0.021038623222363637,1,1
0.4250620437781647,0.18203850171630925,-0.04765294785854953,0.5326865462379677,-0.05242394023027474,0.13454783936089762,0,1
-0.5004836110435854,-0.34970180417141455,-0.116829927803079,0.2203438475764408,-0.0017116966092551912,-0.027502675086942555,1,1
0.42325898898651254,0.1786102867184208,-0.039089770823643774,0.5341297594452039,-0.053180990754210865,0.13373164128310447,0,1
-0.5042739764190123,-0.35170421881204456,-0.11914427759567096,0.21823353298844683,-0.007995286770601706,-0.03087815365546884,1,1
0.4288263285440168,0.18137534685173762,-0.042092251943459745,0.5381188106146164,-0.04932561557872811,0.13225417600546688,0,1
-0.5005208169774686,-0.35092914765316296,-0.10983859059461851,0.21854525596895857,-0.002731949969898562,-0.0187904794734279,1,1
0.42944280053607103,0.17937094640931206,-0.038144749290584104,0.5395563278049633,-0.04771893560626583,0.1322056753555566,0,1
-0.5051716578506847,-0.3564355461545037,-0.11833360320718686,0.2173907756410183,-0.01461466444046458,-0.025591013122551923,1,1
0.4359520894557807,0.18413941213391427,-0.04754762179568807,0.5401287750735242,-0.04240463391223786,0.13352991498292482,0,1
-0.5077541339592572,-0.3553366895614804,-0.12096815968051795,0.2153079088614601,-0.02011321851443922,-0.030027294264576315,1,1
0.43560153437404797,0.18125487677088592,-0.037750668245663026,0.5423647842766354,-0.04278022026080044,0.12944565002759237,0,1
-0.4939313852148419,-0.34877282355755196,-0.1051322375691395,0.2180094674542505,-0.00475069077903887,-0.011867171435145884,1,1
0.4207254549838145,0.17358652583837023,-0.02492379756103451,0.537025534967073,-0.053680155952567817,0.13545841632601316,0,1
-0.5135511460738827,-0.3613548887969305,-0.11357093615016048,0.21709069905207248,0.013865610816240898,-0.019138419930195414,1,1
0.43944311067520964,0.18222159216474473,-0.03511814351445628,0.5458649173225387,-0.04089470844454038,0.13198433061429785,0,1
-0.5084629125971356,-0.3546991005894633,-0.11620499137130434,0.21526849015294358,-0.006059088874221768,-0.018169836125505164,1,1
0.43216433126821063,0.1797982324429322,-0.03233752586564213,0.5425808844047203,-0.046066746845460305,0.13729195863395968,0,1
-0.4944982430508921,-0.33773046886879526,-0.1225273684058665,0.20733003057343,-0.055766343893098896,-0.030773462815025427,1,1
0.43074001622187913,0.18408530691310274,-0.04945950391024487,0.5357837291650556,-0.04474174042411909,0.13767243837701804,0,1
0.28388987186907044,-0.1763521362333759,0.6286142355220526,0.08418466046442089,-0.10397998693470255,-0.08074635788024413,0,0
0.3236319619103649,0.20744289650890946,0.05885519987211415,0.4948006456788762,-0.03756118818770244,0.2599943951771825,1,0
0.294438791510319,-0.18148130101284596,0.6329360305681009,0.07904428947831148,-0.08594318175856533,-0.08926973546324063,0,0
0.2763440109157229,0.18938324489502206,0.10197233083156794,0.4572878452219479,-0.0835307375123093,0.2252394986468425,1,0
0.31075690690129887,-0.1950167893804578,0.6308905934077074,0.07012527586828594,-0.049804911669188955,-0.06819527509981961,0,0
0.20769064402897924,0.1780252914952536,0.1277715086377299,0.39488346291821613,-0.13288545008240563,0.19611305823625327,1,0
0.3074900895079952,-0.19419923867434363,0.6141437469604503,0.0719890457623468,-0.04543302696055713,-0.04706042440374678,0,0
0.1540915882006104,0.13530927095787101,0.14417555482714536,0.32645951984298793,-0.17856684913936047,0.1470589024751849,1,0
0.30438329723662433,-0.19443140838937778,0.6361762873326053,0.07158808699715508,-0.06010861940153198,-0.05506962525723143,0,0
0.09147547719585632,0.36417858677925563,0.07725297403782358,0.3007904530156424,-0.05530039947851361,0.23193591058606192,1,0
0.3007909126172185,-0.1912440787000408,0.6450866391222163,0.0697062830579744,-0.07071717934323439,-0.07600994359810548,0,0
-0.017769470099770535,0.4946900727357758,0.0757380607269202,0.18265700046834557,-0.029521470301360358,0.19231731392899648,1,0
0.2902399056114315,-0.1802967496507432,0.6381129574684922,0.07579978235947556,-0.09114972995973256,-0.09710169039583148,0,0
-0.1161417528920408,0.5824726361782611,0.08274241181489154,0.08443419839116016,-0.004703281872198821,0.13118675751876718,1,0
0.26357782694552984,-0.1615901119493129,0.6288441080962465,0.08381696369441914,-0.14195400711773232,-0.1117416876615344,0,0
-0.20185211644115517,0.6161119266196114,0.1027678422019693,-0.0018435361887560351,-0.015407539842737432,0.09118912851573262,1,0
0.23151358933993862,-0.13826163702283428,0.5996088862350667,0.08995774160999996,-0.19152243536179386,-0.12898237042162208,0,0
-0.26886395574424576,0.6183969400887642,0.11252838219490753,-0.0714677060500108,-0.03346102441016626,0.04315741622052002,1,0
-0.3067837656020233,0.6222109753101421,0.13113252251720212,-0.08812249162416344,-0.03291165934194082,0.027663281953771768,1,0
0.2165739490564736,-0.1271040973161204,0.581406126111867,0.09226404181405858,-0.21027098313124679,-0.13984273497152788,0,0
-0.3289430886213961,0.5867664732642363,0.13523750918800143,-0.10350941199695735,-0.05097231442738409,0.017786940902056896,1,0
0.29120314084364246,-0.180731246186143,0.6296200874354361,0.08104466008927945,-0.08413901887331883,-0.08838201327917176,0,0
-0.3551801937056539,0.5924727671322569,0.14526797735035835,-0.11704567457617487,-0.04961193923352698,0.0073567451387805925,1,0
0.30892221950491106,-0.1986351914130992,0.6452454691999082,0.06551375578177628,-0.049668004284641284,-0.07364044809427898,0,0
-0.3704328818590401,0.5559305658127538,0.16406145413436155,-0.1048293794532993,-0.06482624041345343,0.029052887414727727,1,1
0.2905837988953575,-0.1897737254176026,0.6299267293381712,0.0704949761829131,-0.07239198305426496,-0.056236260367634044,0,1
-0.3750878024939416,0.5733850348357536,0.16940658111395715,-0.10372488490572011,-0.053401239719686126,0.028845027333913184,1,1
0.3039241617774082,-0.2029884815581465,0.640165385653608,0.0627758172861301,-0.04612546842214035,-0.0495389794125059,0,1
-0.3763413136024189,0.5665496942335703,0.1683073066213229,-0.10431703875364222,-0.0587724032726131,0.03540249212436404,1,1
0.29151254582920877,-0.18746852904912645,0.6246274098914987,0.07259710362068432,-0.07118833082522613,-0.06955864449708159,0,1
-0.3760626772746608,0.5631243590229684,0.1651226549989054,-0.10462186999355837,-0.05655701597121714,0.034516680358036136,1,1
0.28635583547293636,-0.1838678433362583,0.6282745872045618,0.07407749270747296,-0.08460561544074309,-0.07184327273365397,0,1
-0.3796381089694901,0.5721952303377886,0.16723605995876012,-0.10379562703943193,-0.04845151764678682,0.03350389528473864,1,1
0.2787284490337699,-0.17532078890614042,0.6276356520850788,0.08031929159475898,-0.10209263682101664,-0.09166225215808697,0,1
-0.37756137139483603,0.5526986680171798,0.16177447419916688,-0.0997441649407508,-0.05472609184799366,0.041100648679755845,1,1
0.25085733085608547,-0.15317314189923237,0.6098908183053844,0.09064889107469756,-0.1539774025695125,-0.1085165257031685,0,1
-0.38344379943769585,0.5501898245762895,0.1587686125627925,-0.10789956381066178,-0.061170282051638755,0.03267051414370672,1,1
0.26106051901941735,-0.16062896654797273,0.6173562608175768,0.08645157169538041,-0.1364666930628073,-0.10510720991501221,0,1
-0.38435354933771404,0.5442500281718591,0.15519781856176432,-0.10612331472660373,-0.05816160523960235,0.030584376062175123,1,1
0.30009820760713496,-0.19484264141026447,0.6327526666341351,0.06933943933243605,-0.05905964610724909,-0.06111136399462663,0,1
-0.3943645271406428,0.5583543597748457,0.15559989549847003,-0.10574660863610155,-0.04060768323397237,0.031141785518580087,1,1
0.24479053384314797,-0.1488399071770988,0.612852773558151,0.08844241131047818,-0.16844528902149217,-0.11938019428897112,0,1
-0.38383633201661804,0.5254696670265305,0.1460419033105547,-0.09457558530708952,-0.04166523885942825,0.041909051109503895,1,1
0.29290366915407107,-0.1906010822477409,0.6268204965205255,0.07109985980304172,-0.069828993624196,-0.05699780701416004,0,1
-0.38539967120612284,0.5104549162061638,0.14057844349609439,-0.10895207197583216,-0.06695362964376356,0.018875735178427923,1,1
0.3204791899447884,-0.2219934901117678,0.6351128015449187,0.042989586584192,-0.007520954582393576,-0.016007740295955305,0,1
0.2941924477911861,-0.18917737715140753,0.6393645063603683,0.07288520350855796,-0.07797130655118968,-0.07747081347881817,0,1
-0.3772542537629483,0.48164738387297473,0.13431139245203286,-0.1089603737194798,-0.08552032228116108,0.014370302200553074,1,1
-0.17561453745740485,-0.45521032579394227,0.18400360570183452,0.04517611974132381,0.06617774414325792,0.0972352944907175,1,0
0.4348056103490918,0.19995300708650005,-0.007127812619066884,0.4999598081501419,0.045102208531125204,0.23905145141350095,0,0
0.4188376071651506,0.1853225161019868,0.013753946035416773,0.4981084475412625,0.0237975259801552,0.24370324668269647,0,0
-0.28406830615065026,-0.4749831598421174,0.07069059545329134,0.11119134965027128,0.002991714120326018,0.06959020458334426,1,0
-0.34606991325895153,-0.4663069419769941,0.0138167532135428,0.1692665950934277,-0.06332408034648486,0.0581644324563132,1,0
0.404767470466852,0.18294604870123304,0.006506589034121957,0.49998108919127343,0.011093039578552233,0.26991123229698805,0,0
-0.39883998055230413,-0.47145749702696155,-0.03160786409400609,0.20678173131827585,-0.1066638218074381,0.031632033102816294,1,0
0.4067969523072161,0.1810788098356414,0.004095459434671462,0.5001799521888783,0.01352651517237864,0.26373598778560176,0,0
0.40994194975462006,0.18508828534423352,-0.0022255388114696866,0.5007565190683381,0.018641021223613816,0.26901986942079537,0,0
-0.43686393321244554,-0.4692369955315697,-0.07225326898905163,0.22579999826891356,-0.15146433621128527,0.008764759951443322,1,0
0.41359338942526935,0.18196081938320818,0.00829588753459178,0.5027507325011222,0.01855974359269443,0.25996690775061293,0,0
-0.4591487423812377,-0.47158706318449767,-0.08659111656770921,0.23574377626703485,-0.16259020906095223,-0.004030841213788679,1,0
0.4018319436620753,0.1754347699833913,0.01491278869436402,0.5008104522685278,0.0050579729629738335,0.2671892439047386,0,0
-0.4603767694243833,-0.45497839831885356,-0.09101502618028806,0.24203604297004877,-0.18842272306684352,0.0008285719652559794,1,0
-0.46265571816205137,-0.44090662677609893,-0.0944665301033781,0.24469900646281703,-0.2078265816929309,0.003891399687942964,1,0
0.39772194274268413,0.1722613605932974,0.01297921090251327,0.4984479080104608,0.0017409480010159128,0.2649621372774719,0,0
-0.44849770027178376,-0.4208802702156785,-0.08670286568784154,0.2445980088666208,-0.21167681994151405,0.009776694028319422,1,0
0.38257623047924527,0.16474582880746408,0.01723486267464365,0.49113651706059075,-0.012616196923665576,0.26558033739538145,0,0
-0.46988501781502234,-0.4376063176736817,-0.10423945983212074,0.24728407363477797,-0.21459336605486404,-0.009477299671227858,1,0
0.3988556928830022,0.16935033471148875,0.02093094516001845,0.500949405738224,-0.0008792331209280443,0.2596596784860358,0,0
0.39765663389929506,0.16938081048077225,0.022724363754486877,0.5029032097123545,-0.003106880219543138,0.25867077233910585,0,0
-0.4701673739402367,-0.4362146883941227,-0.10038580755503304,0.24899573460587848,-0.20165634402160984,-0.006843520258701114,1,0
0.3904457393581459,0.16753288443070566,0.013504584740683797,0.4953662328825965,-0.005805099836057672,0.2608224715286415,0,0
-0.4563674791517379,-0.4252690094091138,-0.08719041156320809,0.2484251643550147,-0.1958520477226262,0.006179374520568168,1,0
0.39992779858899297,0.15992320371720092,0.025392086037306544,0.5017498262922634,-0.009863116732782222,0.24588617150363823,0,1
-0.49132669126788575,-0.412114438504299,-0.0957343532676309,0.268355615495383,-0.17176716955651855,-0.0030709065384366685,1,1
0.40730098775170476,0.16755274070728904,0.003988385208598398,0.5009983178926588,0.002380969337743683,0.2512117090459237,0,1
-0.48083308779235084,-0.4109067584442471,-0.07759862667905791,0.2727991983909838,-0.13029213262285855,0.0014722878914132627,1,1
0.4130079392240385,0.17322574997885767,-0.010205295460981841,0.5007118639509059,0.008243228862397315,0.2535554301725748,0,1
-0.4885782005044695,-0.40919088149668664,-0.0853203350642638,0.2741943386221329,-0.14374782105132344,-0.002213093607223816,1,1
0.41443646842621024,0.1754355420885707,-0.013587139911022138,0.5008345494802943,0.01060467208518986,0.2565266286844932,0,1
-0.4928492203421031,-0.4034238347928295,-0.10827902511304584,0.26796385384813537,-0.20293434106314717,-0.01633099673642145,1,1
0.4221082580956436,0.17880362509170353,-0.018719481230676367,0.5028172253480786,0.018429582494977944,0.25453684155646666,0,1
-0.49382309127544355,-0.39148459655037954,-0.11325973055497672,0.2628664414248527,-0.22624175312711103,-0.024256306407779194,1,1
0.39860060912185974,0.16535018876046761,0.0034905159309767753,0.49618907293662123,-0.004676795415754699,0.2506220465810017,0,1
-0.45237438584970263,-0.3501665666260522,-0.10595445921819398,0.24374198924341778,-0.27764558747357243,-0.02909084587574606,1,1
0.40682590456253725,0.17017531568004984,-0.002163228745480509,0.5001327492069736,0.00327836435630671,0.255465005956456,0,1
-0.4809566097286043,-0.37710654477130945,-0.10379458268710257,0.25970606105127114,-0.23052849569418438,-0.011805516013509806,1,1
0.405121796586631,0.16828299481103906,0.002248934205925729,0.5036663142780322,-5.444418070803084e-05,0.2470940553973899,0,1
-0.4905222144325785,-0.391841275958433,-0.10070711951099859,0.2711457392412216,-0.1889847626799341,-0.012877664821818974,1,1
0.41400836182766665,0.17014845276636578,0.004881598633877161,0.5093524968659726,0.006675955730391194,0.2427854299428957,0,1
-0.5026724559198398,-0.40720857690874185,-0.0974084860977599,0.27664362154707506,-0.15222499539606124,-0.009654518208585126,1,1
0.38688305974474846,0.15366892357919446,0.03230290263802858,0.5012366265543355,-0.021651313779549767,0.2325414176401774,0,1
-0.48286106098661186,-0.3860616855527638,-0.0984881671573738,0.26846331140161694,-0.188394493462971,-0.008835624347648712,1,1
0.3895922343303463,0.16926058366685154,-0.01135551344791336,0.4915951980994361,-0.008911808960674599,0.252789037099224,0,1
-0.4703804971280216,-0.3757497903519484,-0.08828012832279239,0.2659481036885465,-0.18407031519295527,0.002246199619367048,1,1
0.40651150822953935,0.1806803350758191,-0.02561276058519528,0.4990397159927013,0.006687064845073947,0.2606210080335387,0,1
-0.48465403343391367,-0.3808788298711065,-0.09875183757313857,0.2633442834857532,-0.20020979297898095,-0.0027266928540515207,1,1
-0.35497563644240676,0.5431935570227852,0.13337230251782722,-0.12510806702726907,-0.07350105726738713,0.02552903494212782,1,0
0.3473772222407936,-0.2505336986297481,0.5006432467618392,-0.034151092330662894,0.09772125923910804,0.07105796038006536,0,0
-0.359119733691131,0.5633494215113063,0.13949820024272996,-0.11837975205082008,-0.05486902731100656,0.03334813918753031,1,0
0.3325299377627905,-0.22101275944535886,0.5513851298049075,0.012626215943898978,0.038020522362404253,0.011572597505665068,0,0
-0.3531884611187195,0.5462680604848255,0.136906391478236,-0.11758694297685418,-0.06654932931781454,0.03311644982537032,1,0
0.31884853388457574,-0.2045531978183122,0.5675343734647196,0.03578161897700973,-0.0007299477806363832,-0.012178517498620492,0,0
-0.36249370046146995,0.5668146226976722,0.1400415923715725,-0.13040240962231922,-0.06578654632563978,0.01639667133012823,1,0
0.34105265568939597,-0.22459008469315583,0.5398750409209593,0.0034212076665991764,0.05749920881421665,0.003908362443389294,0,0
-0.3644157954355041,0.575421019269702,0.1430521939757804,-0.13157657797131206,-0.06327489054034682,0.014814930821337667,1,0
0.34018590971657947,-0.22144892789960832,0.5487269884184929,0.007653962564261836,0.0499237455609821,-0.005207659445183467,0,0
-0.367573230169051,0.5944876151636027,0.14537340405311036,-0.12623360371102632,-0.04152947467745506,0.01891596265003411,1,0
0.34699033899852666,-0.2239042885215205,0.5589787644876393,0.009011644389427574,0.054893074586620065,-0.00795990869809197,0,0
-0.3662522480673301,0.5924400544884126,0.14660224805226688,-0.12318725951278825,-0.04318621495568655,0.024067641557720957,1,0
0.34504150985295284,-0.22145305692637993,0.5474607192792647,0.011634123303856258,0.056970488892063395,-0.008680626854364734,0,0
-0.3593705696239371,0.5690023982801398,0.14198596663492774,-0.12605692225533746,-0.06214400862046448,0.01668852345307545,1,0
0.34790261394859323,-0.22362091403824558,0.5345197860789594,0.00859336703276999,0.06484828593726995,0.005229445216863793,0,0
-0.3653971800969476,0.5885867867541149,0.14934716090004296,-0.1326231201184227,-0.060472241820491844,0.010034400921476236,1,0
0.341231041451868,-0.21305753208879452,0.5470756933914274,0.01766457203456469,0.04562515661634312,-0.024032138182186306,0,0
-0.3684414431936549,0.5964823801144635,0.15117279443563061,-0.13595224866588154,-0.058293138151616235,0.008179934603552671,1,0
0.3507859476940314,-0.22366495967787367,0.5295443950576249,-0.003987477051844324,0.07265216045448661,-0.003376978236583983,0,0
-0.36705389529684956,0.5971708384239459,0.14847454033848712,-0.1321675102920579,-0.05165685136879327,0.006607211358710504,1,0
0.3574838946912323,-0.23065528384047249,0.5381137891519633,-0.006329997893032837,0.08248028427537679,0.011019268403580541,0,0
-0.36665346474432897,0.5997288253012552,0.1488342567704685,-0.1427681193041556,-0.05935406947638931,-0.016494546666088013,1,0
0.36272139834226724,-0.23355060338638142,0.5644664661738457,-0.008496333305407002,0.08229416268813401,0.0007460670477765255,0,0
-0.3944908910040896,0.5827827981887411,0.12186310836119188,-0.14985241429156865,-0.036796475251514735,-0.020155546405651023,1,1
0.38545756708752016,-0.24721371883502835,0.4941714836941987,-0.05709354630786062,0.12236138923879902,-0.005186221502458888,0,1
-0.40175189005989637,0.5831457333643548,0.1263309957397892,-0.1411956432049048,-0.029774125092889882,-0.003758103680283895,1,1
0.38064034224044174,-0.24187799729007775,0.5104197279197586,-0.044977778135272053,0.10524083359160641,-0.014198823150927038,0,1
-0.37437130643049893,0.5166081980868862,0.11609175045029818,-0.15123374202907777,-0.0954972198243164,-0.02805988913319278,1,1
0.3738001175510833,-0.235832479378442,0.5246492118651517,-0.03385932522627079,0.0864974472050582,-0.02172513379264144,0,1
-0.40420917761075587,0.5645260879496908,0.11862289197965911,-0.1469697098604572,-0.04112610017489439,-0.01446295587768678,1,1
0.36329093875164886,-0.2235676936780458,0.563897741455762,-0.006613552424627938,0.05198812796612064,-0.05273782700744168,0,1
-0.4187468747855504,0.6149400371770996,0.13605440672133118,-0.12606294376038238,0.02247513237713509,0.01575799675202952,1,1
0.37484128188990085,-0.23659538805227492,0.5323163539456266,-0.029814181126922353,0.08486690069542994,-0.029051923151497572,0,1
-0.4049567884996789,0.6073805667471068,0.14315909740178157,-0.10676663858845034,0.02593583393241388,0.039194952331942486,1,1
0.3718773863070417,-0.23798088735474487,0.5362113257110019,-0.024742203205788807,0.07835859798354299,-0.004488894739098041,0,1
-0.39232449416586834,0.5768635558532292,0.14836251407870082,-0.14918959263025808,-0.06913509352764835,-0.019384261331732024,1,1
0.36863125868924596,-0.23157726204315782,0.5807613534017089,-0.015000785138218783,0.056645070382460305,-0.051437592593852575,0,1
-0.3980847167109306,0.6046779932627544,0.15554575860043066,-0.14157232806363032,-0.04242372161780239,-0.006970340724682517,1,1
0.3563833546010594,-0.223090527679808,0.5688655603012075,-0.011929727791029125,0.041144188344999943,-0.0539101104694809,0,1
-0.39704749119004845,0.6097981040647259,0.15522695557326843,-0.13488457779354782,-0.03046464263417023,0.0025236331255027635,1,1
0.3700716965207379,-0.23677708117754054,0.5650925688202845,-0.0230840669484354,0.0661302753833823,-0.032929473566730344,0,1
-0.40074303552107693,0.6132277391621394,0.14907155279042042,-0.1466513438475925,-0.036718013262150254,-0.014472316019842637,1,1
0.3601508839717671,-0.2273652311394739,0.5712259827184278,-0.016486274270454855,0.04629948390354315,-0.05088004741492233,0,1
-0.3992442450165922,0.6168692485175974,0.14816298834137862,-0.1396436390928931,-0.02505594005962482,-0.004195661879963777,1,1
0.3768857048338946,-0.24539886821734494,0.5244213487657385,-0.048388991166569084,0.09423595769466585,-0.02354399432509752,0,1
-0.39571928827843755,0.6101696013565433,0.1478427275586373,-0.13817285460009104,-0.030963571767079576,0.0007419431052264539,1,1
0.3622755527425587,-0.23255892496688632,0.56654232340792,-0.020389418810374912,0.05088723402588671,-0.03485514453986587,0,1
