0,1,2,3,4,5,6,7,8,9,10,11,12,13,14,15,class_numeric
-0.282594733920455,-0.06232990884889113,0.3816118542036157,0.21649145599283387,-0.04453222133749443,0.08568839862421981,-0.014862463357775222,0.019536076960911815,0.13239285919750687,0.015673239663761954,-0.03743190652806863,-0.02292285802496271,0.02671689918058644,0.02751110007302643,-0.027778295381759126,-0.07837049757062534,0
-0.32594302627988725,0.004392111551379486,0.343486764776972,0.2718759702993259,0.06381730046972045,0.08971236727808221,0.03780978534206143,0.04498064132773699,0.11551713423196354,0.019152953466477392,-0.0427294741669073,-0.017965870505342447,0.031242250615382116,0.028803375833540704,-0.0422529195545127,-0.06051572409080323,0
-0.31660823253060405,-0.028135033390004668,0.29857016187481694,0.2586973486209692,-0.03231150729610994,0.06507544801046218,0.026070045941588557,0.04918858060880397,0.07923502801746096,0.035036579228035,-0.02543084468531695,-0.014971552101184893,0.02042007457701506,0.02466892786040825,-0.027904391996750877,-0.06542077152930086,0
-0.32794822233413345,-0.03306030254569071,0.26491355733372507,0.2834498502496922,-0.028785993371355973,0.05613422960672038,0.028643905265035158,0.0669394023068462,0.05560183788364774,0.05046538356311341,-0.022356508628773752,-0.0136237889262848,0.019543641394155268,0.02383834207124965,-0.028779824411359383,-0.06675062925836772,0
-0.3644202312102318,0.017873650316939417,0.21677888628157724,0.2487143737003487,-0.005956776028749974,0.032024974762452994,0.0505676284259295,0.04717621583837631,0.0337760743517467,0.04049336640817106,-0.006902525703234604,-0.005837273648500854,0.01652727216669126,0.012308860752711655,-0.023259920073971336,-0.05595060060940643,0
-0.36983970134418465,0.006725308805984132,0.20885458773709908,0.18357150633557506,-0.07202456533976327,0.01990032120505025,0.04328126202551114,0.018298881650327142,0.018343650309897423,0.05629011421902665,-0.0043878646850552564,0.003954707357829491,0.018727000198523847,0.006569770165871162,-0.009044324521748887,-0.05472593601112626,0
-0.36138085171599194,0.02819115978914385,0.21836243866940508,0.19099303474996288,0.006631353838779067,0.036760489065656266,0.05329777376828775,0.0260393160750515,0.03537488896677065,0.05130534838525516,-0.01144148499570595,0.005653153362907108,0.02305138912743344,0.00890359058090091,-0.012612029552756865,-0.049546183502245725,0
-0.3199581024861623,-0.029255456253846047,0.20975390276055905,0.18272677876700436,-0.03367888737825011,0.04398479973741335,0.028155389777792684,0.04124795240628921,0.030577013895470743,0.06273907644677289,-0.014361504842675553,0.00023714755611639363,0.018279595677549318,0.012520032857732883,-0.004576469864028833,-0.05654849695642545,0
-0.32566303144482417,0.00917902069201395,0.20392485450077757,0.19881683653746532,-0.04572083829578433,0.03279197500753882,0.04084834719320149,0.0293233798586814,0.03132695303164139,0.052403964102782974,-0.011467406351600153,0.0054635908677160925,0.013496337078973578,0.012305457520121832,-0.0005273625071574349,-0.06283188996651579,0
-0.29313701080901616,-0.053702962257885435,0.28278834537791625,0.19159298979750325,-0.04681445110097956,0.07146724656419684,0.011921306868328582,0.03783326996989759,0.06734894488619768,0.06684536966461946,-0.03186141027508551,-0.004496440855239924,0.025377361149949876,0.021571775110743124,-0.012603183493571478,-0.068150051354783,0
-0.2956710458502844,-0.04709974822745079,0.3085736154895352,0.1878825139569588,-0.12595262705014665,0.060884041956894695,0.0029206916233040442,0.0074175407447282645,0.06805006013857232,0.06821230630529622,-0.028873550186603765,-0.0016567650437382829,0.02372511298324543,0.023313491884822235,-0.006689613335753686,-0.07161476825142167,0
-0.29954326162377476,-0.013886381408902802,0.3411100173115206,0.15568813034098603,-0.13763983256621656,0.06481810384378078,0.0010332779063128613,-0.036268611885864464,0.0776166734469886,0.058487919611625916,-0.029157005638106755,-0.0034958291010598005,0.02579846897833742,0.02358257340790739,-0.0016187208675835358,-0.07031303622235723,0
-0.38523202233998965,0.10449892603424975,0.430575480578449,0.14040825471413143,0.004621126017148832,0.10483448507271242,0.024752319240062673,-0.10619306064023798,0.09853342871483727,0.004368549484353964,-0.06489177245469543,-0.00658110848554833,0.04385757929295592,0.027670010515165232,-0.04132551066188709,-0.04644720290637414,1
-0.39094536253525775,0.11657018398051135,0.43178502968804044,0.16743346760046396,0.0286397379595691,0.10775883299981183,0.032747740258575596,-0.09433750574352792,0.10336550285947979,0.004547142977542519,-0.07125976920682682,-0.0014302388891992393,0.04440920774320417,0.029612815345172298,-0.047106751694584455,-0.05158910132284336,1
-0.39522998830824846,0.11416559230705191,0.42877410740686883,0.15157437199936147,-0.007413105550364122,0.10163989014302441,0.02925373998523354,-0.10583700805138438,0.0941159577119039,0.0007164517999636333,-0.06289633648855851,-0.00334392326495795,0.04022900607462643,0.028745195080509003,-0.04357586054165584,-0.052246566887632295,1
-0.42007899100029067,0.12160511167653801,0.40760045705074294,0.15430050572302811,0.0016578893926077897,0.0968609829773062,0.04573144415746297,-0.09052363348155787,0.08519299280232906,-0.007449392319092461,-0.05114199138165468,0.0020123164044049614,0.03515864749817926,0.026667852164689664,-0.051245921432070025,-0.04457488375318556,1
-0.4189174874524812,0.0910027529601332,0.4422859842786873,0.12652373231623645,-0.062158856097239486,0.09714257573051055,0.02152079344958508,-0.12260023319876959,0.08415420880680498,-0.010040055670413049,-0.05521807268618394,-0.012806717719381439,0.03691878145306749,0.030615369194678665,-0.04338146254078927,-0.05738292826060279,1
-0.4563863535819894,0.11036764026098077,0.4067711240933167,0.12997703041323405,-0.05685284241926741,0.08639465001093186,0.04428502686855591,-0.10406079435484922,0.06548903213220328,-0.014444006604383827,-0.03797431003220489,0.0018774551505616026,0.029799263011346788,0.027597662995277637,-0.052462915664035506,-0.0399713560805586,1
-0.47806090052240563,0.15011583170979198,0.41381112122305663,0.14223260155040002,-0.02567374254462066,0.09595355899549826,0.05224759896087683,-0.10099652068868908,0.06425287740229019,-0.022506897190518793,-0.045386804907827906,0.015435790534159402,0.023766971626629607,0.02881204163191802,-0.05947676770464727,-0.046316492546129004,1
-0.4600977052607139,0.17481342265068647,0.4540091286750115,0.12347165366801027,-0.02390312989552095,0.11335514006035578,0.03317580011937792,-0.13656486918680077,0.06685839327622763,-0.02551911329077228,-0.07105926642345743,0.012028503717954029,0.02244589389227324,0.023127090738048493,-0.04940878182279036,-0.05497642804187265,1
-0.4593006812066829,0.17500607588459835,0.4668877595756083,0.12329011140989493,-0.005794874917265237,0.12005197545124828,0.03051616944450397,-0.1383670949105871,0.07184219333368554,-0.028933580793692938,-0.08029800472630723,0.00914839631859766,0.024022108021811622,0.021648313874154185,-0.050096313629722326,-0.05581780309716837,1
-0.46954743179485736,0.14517334707172885,0.41691070059448687,0.1521000070818137,0.0038384539469996696,0.10118118044577976,0.05477179813614844,-0.09235424169227457,0.07350768744151132,-0.01975808994256253,-0.0512884760312233,0.012636578643044256,0.02823742068451244,0.0282795842327807,-0.06141537099914833,-0.04605979937235278,1
-0.4417905056490215,0.09394383921224791,0.4259743547111788,0.12668670587822484,-0.04000667958563776,0.0978051652487138,0.03817905516482209,-0.10394400152485024,0.08186753923805157,-0.023025157852089393,-0.04544967551896699,-0.01224982009181078,0.03157241640843258,0.029311386442767873,-0.05358798882973188,-0.05855771766259618,1
-0.4428768822684597,0.08821887419735043,0.4096635999582467,0.14303729066095855,-0.02123147233131083,0.09302857631811819,0.046911027665995225,-0.08272754547600268,0.08446919984450117,-0.024913305206630338,-0.03729584947632556,-0.013490517677856388,0.03155222868442621,0.027832122479243313,-0.05838671569492193,-0.04985805066822887,1
0.2584852562167831,-0.40513711041603695,1.5843184718598022,0.6937609589978236,0.668604943003066,0.07397941139213686,-0.1447854185865797,0.38230866104538913,-0.29837014808769613,0.10561161367652146,1.0252411891017248,0.7521752186317228,0.2890176386696304,-0.380078512297246,0.5870907808457756,-0.25486361406305447,0
0.3224349240813923,0.5874384128196909,-0.023143374967807183,0.46145493143465505,0.16936573172905753,0.0004927236746621138,0.03692948174236428,0.12111700049655187,-0.04596175898019622,-0.13011690275233767,-0.002419813979388765,0.06201504352458872,-0.02511192212338868,0.05425045551718526,-0.08784999487131032,-0.15607433361660078,0
0.3049614753108993,0.5510336915941915,-0.025647850137117286,0.45447392921133456,0.10218174634941103,-0.022647142088450693,0.030898327556688487,0.10512544020083532,-0.05580620422851743,-0.13148718511233307,-0.00012620119081266118,0.07374710096403105,-0.03072988319610219,0.04476591672326494,-0.08970672791026792,-0.1362116573162568,0
0.2290083276846294,0.6705629024447184,-0.06097128092339569,0.29197458919852254,0.20441215277906588,0.03223311828609202,0.08182514932764982,0.08404359206573254,-0.08262116729466078,-0.1832113247247734,-0.006162263899356293,0.075923404555419,-0.0026532507394315557,0.048799617179823084,-0.04830633418785592,-0.09550326320300583,0
-0.039397041998826564,0.7695182995367471,-0.2531813493718722,0.2861510640040964,0.2618595585969241,-0.04267300072497478,0.12711659065095443,0.09984682828026978,0.026844095079826238,-0.03740729272710019,-0.11610162191310364,0.0920962789077588,0.060389083789364695,0.057764070209542565,-0.013714525399492609,0.07467247784610338,0
-0.04544417818661315,0.7478644607268335,-0.226399986949763,0.2951499343966591,0.18307270212193535,-0.03734555071713792,0.11931909322104164,0.09530542115634999,0.020890726938606215,-0.028768204278916593,-0.10607967982788913,0.07447413174142582,0.06604148400359103,0.03955125022306827,0.0019622306371549214,0.08286576607665859,0
0.023405405189281702,0.5652755119059419,-0.28802388633455345,0.3468472745200131,0.126470137736842,-0.011284304282063045,0.066803160461507,0.12064033296230839,0.10348129603354668,-0.007456781824927373,-0.051206498069219994,0.01030537290787324,0.019080918414576875,-0.08191155076483152,-0.01028066687303848,0.01854128452696217,0
-0.07392464158124408,0.516277537442774,-0.3576105527845273,0.3543839105220035,0.10266603290206161,-0.02104097821220828,0.024769010497955532,0.07703504446524949,0.1352730239290752,0.04289049252936857,-0.02938998319037839,-0.03931377341200957,-0.02928914608099686,-0.08096821400410543,0.015360725686883557,0.03962406050096335,0
-0.07600568876194398,0.5283602379842458,-0.36939062576293996,0.3862622580103114,0.1087522249962507,-0.017514859059668694,0.024884608889485314,0.07752621558177085,0.14262732361793287,0.058069051876751376,-0.025183848202699057,-0.04504778892201483,-0.03041821700134755,-0.07838326998276288,0.014889084305224076,0.034822924275469194,0
-0.06661770419530301,0.4295227533182785,-0.4123959148951332,0.40832575556949935,0.13820564476027597,0.03138067914738646,-0.034717935532390484,0.039165447386950124,0.1596748765715238,0.052611273438293686,0.017988405049324436,-0.09086718562626893,-0.03136026689413107,-0.09795668671915961,0.03365484377448074,0.04310863110202272,0
-0.074376345724083,0.43740077970386365,-0.40656161039548555,0.4322768684086601,0.09574437066754028,0.017821638540661502,-0.03234447166583107,0.03312059255987952,0.15324238630513487,0.05470709561796892,0.013803528624899374,-0.08780486967099824,-0.033709480370898166,-0.09802211026500525,0.03510140598959868,0.053122538631718154,0
-0.06692367829472173,0.4757258437824744,-0.3777659820944386,0.35492134729815017,0.1721634562204287,0.01065564342906409,0.0033943225561665347,0.07966509558507359,0.15191266882680077,0.03531528572599539,-0.005484527449821448,-0.0627798609105964,-0.02990986346685058,-0.09212409904881728,0.021999030672479176,0.0413070306089207,0
0.10257504840628016,0.5927471013316409,0.03560615194799273,0.2592594019898728,0.07170717376664167,0.04842082032999668,0.03305743044682243,0.04362805293873532,-0.04971021098060314,-0.07507939706542116,0.007607402841806914,0.00457903377451005,0.023281743025264888,0.009668547906956834,-0.0014551587817051956,-0.0145740156295451,1
0.07315951888784865,0.6904164959037421,0.07793087761561121,0.2514575350188018,0.056716629098476384,0.06551340215574325,0.037794091357244285,-0.0030815297643357158,-0.07000502404097085,-0.06140609283259866,0.023638572585369416,-0.014088891473781461,0.022060089757996944,0.0400481963521227,0.039894661482869936,0.01566638039258152,1
0.12203540191074275,0.5793957379644767,0.07852587587849719,0.3311582307441937,0.0578266259726471,0.033888943874842446,0.011417839379634483,0.035594266941435866,-0.03800052660589729,-0.05871911302448535,0.005387598319917821,0.004688930635159618,0.002112774207487654,0.019198726001750568,-0.010528301865104034,-0.02506524799395367,1
0.07505939085040843,0.6302784706119775,0.1330858295966267,0.22062699292262233,0.040646070868398616,0.06698295635706547,-0.008329421127518461,-0.020600951104211493,-0.055624127140093925,-0.03562891031387518,0.031471153246112285,-0.03486246292451836,0.0006850040271383997,0.019422042215470562,0.024103815971919667,-2.455102618181535e-05,1
0.12202730528048403,0.6742513782409566,0.11943085090252319,0.2496823390977653,0.007289912384986167,0.05794812492346865,-0.010790257535610807,-0.0196728493518889,-0.06826343824210117,-0.011299725875070919,0.050044871241209446,-0.050779493308535394,0.009728075135214991,0.02703510165640821,0.051817352772359423,-0.011049361275982555,1
0.11014176333529477,0.6719211649834798,0.19878711783623296,0.22394448567406375,0.06869268801526347,0.07107096851886509,-0.051282515852984885,-0.05159141812690523,-0.03497069006752997,-0.0019730761169666237,0.05192739973384393,-0.07223174133179815,-0.018928558388727954,0.023323331555955045,0.04165533941216679,-0.003305047081149579,1
0.13165725769966882,0.585593744954304,0.1748857073061619,0.21787527967510867,0.05303888143871601,0.05545076771749765,-0.06968742601422205,-0.022691771090110936,-0.03454370547511194,0.0020623596081109754,0.03853117209625027,-0.05789569263842606,-0.004559952267945036,0.0014428295644702237,0.01716615555302147,0.003099451711205586,1
0.10169775843501251,0.6424314268953869,0.26142146582947623,0.22280835341942626,0.04735828574115055,0.04494052471227436,-0.10207081102583707,-0.08821810304645894,-0.01174967543482435,0.004705946901013678,0.05234710135006894,-0.08368448967927224,-0.04298426933604424,0.007694002628242153,0.025029586173386537,0.022984531207666813,1
0.09085449736258866,0.6550622813957527,0.3990063487703176,0.17221917452236904,0.09556725309272263,0.02395393928175797,-0.18075947731070105,-0.15052084425556594,0.06447422749785647,0.03644305812330747,0.04666818887559844,-0.12797725400518573,-0.06371406295163043,-0.015804832815812842,0.011095816236838843,0.029620499330078476,1
0.05812002692521785,0.7232466092916943,0.44504985860393514,0.1741769082799942,0.11043628204800177,0.015390551852441122,-0.17082594543376659,-0.17600135408467127,0.07862415147305243,0.03913968170399233,0.04697382909126845,-0.13758777997849717,-0.09800372820665747,-0.025047015987929536,0.02904841492310001,0.04421050154160118,1
0.10676988024829068,0.6225762800091508,0.4210737561179856,0.16629520150482,0.08242281155243969,-0.0011861141760852066,-0.2134062381570252,-0.16358542038407145,0.07675817712985195,0.0399438818825032,0.04035545342792921,-0.12441673717044943,-0.052858062289552976,-0.01766450152311897,-0.0005894032776972945,0.039238263459340776,1
0.12622404282871413,0.6530625033645787,0.36982107859817775,0.13429090903478513,0.11611205502583456,0.024923859296583337,-0.17271157584577979,-0.14476372730735304,0.0463598774674771,0.02314113512685923,0.05581859753493682,-0.11524002342515245,-0.06406455646856389,-0.004604767076308512,0.006141927511258782,0.025257034389193855,1
-0.2706188776619463,-0.08415011017934135,0.33108102789935,0.1841597388046902,-0.03573008482977706,0.08210956590136434,-0.00818154348964547,0.039172090645848846,0.10496172064593429,0.03022722496061358,-0.03142350777235824,-0.017076786282646767,0.022742702641486014,0.02190824902709187,-0.02430193085410569,-0.06701124096676792,0
-0.28230585967355376,-0.08493143642431843,0.2336403158999759,0.1520203331712931,-0.07722558818867592,0.053131050152615066,0.005961106485792739,0.04548399504348869,0.0433548859101736,0.04440503327198317,-0.0110364128098672,-0.008187362427077797,0.011414491618283047,0.016147002817568326,-0.007280249270113514,-0.05910507265351158,0
-0.28947604695519835,-0.04235610403780615,0.2228729009324848,0.19262602087241038,-0.0522536700653943,0.046598866583782865,0.019808089059523824,0.0441948566567703,0.04149880039338866,0.04659920676772641,-0.013805394441062867,-0.0023278791619433265,0.012457196888231593,0.018198929933466883,-0.005421496027546984,-0.05450406853558871,0
-0.3041830548622128,-0.05340715881655179,0.18392419630973839,0.13984479067851754,-0.08452123306698536,0.02756383545436928,0.017479325925664445,0.03278830462425267,0.017465734127769524,0.04704336149285064,-0.0019144549830117255,0.0003915830580340189,0.0089701746980017,0.00945780754668366,0.003591062320140366,-0.04748279035615646,0
-0.3223819195361036,0.007268871486683585,0.1479817742510378,0.14449965920916,-0.07156556300306251,0.0016190523116798145,0.037264916134641675,0.017687729982428294,0.01360575093228974,0.02658608637717516,0.0074374625019588345,0.005454446532995533,0.002300042784530359,0.0016220537168355094,0.01452820654052029,-0.041384408308732135,0
-0.35577355869581656,0.03167250701071492,0.126810225207536,0.08046655999333059,-0.12017728389314225,-0.02574826385321479,0.04328575780219334,-0.017807383539597915,-0.0015178647511119906,0.03242521377230371,0.010206799824002858,0.018420358546244,0.004244343647298631,-0.005042269079857552,0.026112674909732733,-0.040454712183743705,0
-0.37488918134705035,0.07862349947137852,0.16899697481844678,0.0936286315393404,-0.14595992245447442,-0.0212908040644865,0.05733865375215943,-0.04102270680862552,0.007446309982769949,0.008873925543116114,0.01811198910757312,0.016490055639770816,0.0024051230948271495,-0.002268334991365343,0.02090035307675052,-0.03354161322701076,0
-0.34846438011767694,0.06465469894633748,0.18192327575623937,0.12857303439350978,-0.14740248772117706,-0.007226004109844195,0.05210922671778479,-0.03220967203714396,0.007553037779344721,0.04216557497901655,0.002130855744333185,0.024257021122317948,0.008117804430012386,0.002574896119042825,0.02191166069027732,-0.04585086811037236,0
-0.3809765582434803,0.13229738917209483,0.16482274818343412,0.1428548984897671,-0.11804366987733876,-0.022656880569349374,0.0707221957678006,-0.03801459713887461,0.009011417510466078,0.013595422480972699,0.010876411051978877,0.03136200099702573,0.003357935382614326,0.004067809397329292,0.024212109139383684,-0.0402858084761765,0
-0.40901622171608254,0.12882356362007977,0.08517720480581946,0.16237464483076797,-0.0746434058348664,-0.058975939853221075,0.06482919716960746,-0.013365244135942306,-0.0073393806316219305,0.03441629409001745,0.004756442731721976,0.03786660719502453,0.0045823683746269665,-0.0010723512202772962,0.03584378976877075,-0.03998104389714006,0
-0.3878039326093711,0.13575600222288312,0.1738842445200787,0.1600532655979215,-0.10939863480141579,-0.020084048923630134,0.07281955663902803,-0.03355885548761787,0.011756255902985107,0.01166891769562486,0.0121884747936148,0.028772260527711226,0.004445525546616807,0.003952659208330804,0.019477876255231005,-0.03298401286671782,0
-0.40088128419259705,0.09716703654550457,0.1790611494143818,0.09931381993771296,-0.1310794453183601,-0.01956135200750826,0.06322804174968434,-0.04372527333260849,0.008999059597348551,0.007331915669540283,0.019292819283280773,0.01952110742219172,0.005083008931901385,-0.0008612812169843773,0.0162604429329067,-0.03251263455807709,0
-0.3568378552617823,0.09570408007284058,0.29627715786140596,0.10766406472381619,-0.025787947531544602,0.06255170062997913,0.047415146531759954,-0.06924766524103895,0.04574680605665319,0.06264325499450853,-0.0374224603423185,0.03448800063341289,0.039657474984517514,0.024361333989047204,-0.023803346268774294,-0.042937273679840564,1
-0.35966634527390684,0.08333072721428356,0.29852184610102933,0.08817802025922879,-0.06609864451974726,0.0574133389690361,0.0408337184029429,-0.08004360395435288,0.039785882310257696,0.0596316784760373,-0.03047759206600336,0.030200047738369495,0.036774418789225424,0.022799872976618146,-0.02102358931965067,-0.04290145926703453,1
-0.4170097787097793,0.1330584735220235,0.2394735955698496,0.09802028512215002,-0.006313796640366294,0.030173641299807947,0.06788689928536878,-0.05594898798121704,0.026941094340839293,0.037227447154781414,-0.0097908389362271,0.043117724289257336,0.032073127448096865,0.01912662662457258,-0.02266085628451028,-0.03229893905181481,1
-0.4320597980726583,0.09805793682582209,0.2510238071580425,0.073567797690043,-0.07174597632320062,0.023799473077210868,0.05806587322175336,-0.06687420688620724,0.02087478652008506,0.032726873222968536,0.000764343842322995,0.02855731856830657,0.028525693394578725,0.01483848432998845,-0.023762255588983854,-0.03218550660697568,1
-0.428910741649136,0.09814317618157987,0.32374830609062966,0.05741718700920387,-0.07509638341088719,0.059223924303335077,0.04867483744906184,-0.09820480923509932,0.04107586805062312,0.0065421411750041705,-0.00882079783442955,0.011109297096702535,0.027436465895875225,0.018095663111861334,-0.03520896446278586,-0.032524446349506145,1
-0.44362322078253685,0.13284468770971725,0.33758344087154135,0.06883134406636914,-0.04016504819842758,0.06987945122388867,0.05544984366095561,-0.09810323330300558,0.04960186755518659,-0.021710028876988842,-0.008935814330959127,0.011165420976920873,0.02033505062682471,0.020084352182446114,-0.04297698063930639,-0.03230716583238199,1
-0.4551466048109206,0.10837187393313467,0.337830026944598,0.0882157928059332,-0.0520512807662779,0.062019637232137194,0.05763643155401659,-0.08177717939085975,0.054753465850541715,-0.042186205964959186,0.0035200295928312936,-0.0036267067809813585,0.015547000312983433,0.02071233389742672,-0.05115104961339855,-0.030788875970130296,1
-0.47017630567910684,0.13213372674763893,0.3640988397501867,0.06410828622261383,-0.0590085438787041,0.07615908053086336,0.05195326186321431,-0.10850591181541921,0.05013254493125981,-0.04008809187049897,-0.008356547837591122,0.004347351573545589,0.014256827618125276,0.021509542135643565,-0.049106732161762194,-0.03432371438539687,1
-0.459660839628481,0.1255342793825653,0.3756391168453404,0.13495539684739344,0.010841065325175174,0.08496064588779917,0.06246812907565249,-0.07123757971916808,0.07444133921179721,-0.04587723028238263,-0.019561209594898248,-0.002080363684566781,0.020792233557716817,0.025967175513225763,-0.0654109277430723,-0.03419396770341068,1
-0.45996778922074877,0.12554568207991557,0.3669772789983777,0.07341478894185903,-0.034958283570132836,0.08012729954768497,0.05306483908971281,-0.10129179509474197,0.05800963878841724,-0.04109086792902257,-0.011918553197166585,-8.489660758942507e-05,0.01799317536800204,0.0207679624840816,-0.05135145174284171,-0.028764491614888785,1
-0.4628549779940513,0.15051601699550266,0.3892349930902221,0.08253231926873776,-0.042795976371779704,0.08826269256691,0.04770100084026509,-0.11743432989737233,0.05566443874672371,-0.03853893256736698,-0.02526039693088228,0.0077476610821877725,0.01666728131355184,0.02184349459222776,-0.05065910444594205,-0.030741181955252616,1
-0.4625702186626529,0.12572417195949037,0.3879424561825702,0.06107608702904548,-0.0916688974461183,0.08013053048114359,0.040244323300934574,-0.1307308559355145,0.04712042333310631,-0.02972478287019871,-0.01966641699234052,0.002565932356765386,0.017895302698737937,0.022263198302786624,-0.045140981258851826,-0.034818083120757806,1
0.35741721843404145,0.5017990844963854,0.2507598235037878,0.4968237018388605,0.17574696463805178,-0.12701903856964247,-0.16675343470548973,-0.05610944494943862,0.03167993465295021,-0.11324508764960446,-0.08007702864951649,0.14293244984339548,-0.124007911856339,0.1477710058673409,-0.19713559747622736,-0.10454311341956535,0
0.15095664414358928,0.711555304337337,0.125582962112062,0.3691855909084968,0.2428128859668828,0.003822488834802397,0.04742757704379737,-0.050269309972836865,-0.08140255816633055,-0.2046336831211183,-0.03315711808062044,0.1463870578961139,-0.10923267833816823,0.13495317530903767,-0.0808299271582268,-0.05726292457999059,0
-0.08392410497001192,0.9208786658770455,0.07454417566489023,0.24300352920602938,0.22737444167988385,0.08757878876781493,0.1460089503183509,-0.09686349405720479,-0.12602974985678742,-0.06806704627872509,-0.04673551503244115,0.23337486880021552,0.06925714070083384,0.18336123389622894,0.029011221692040904,0.09478978071648564,0
0.05060678551752989,0.8111972382706545,0.12608275708471914,0.15342421153925193,0.23225477561674895,0.10830586480399523,0.08824597987556723,-0.078259027003988,-0.1039248443524253,-0.09497360661958917,0.0024710622665360684,0.0725835272482817,-0.026214652895672742,0.11435512904348635,0.045849682451477615,-0.002610774884223184,0
0.06363981492308224,0.7889877906639673,0.03246735482993523,0.23129173657938376,0.21534224999434567,0.08800060741826274,0.1074155607299373,-0.0030700806858150282,-0.08645632884323046,-0.1011145502889387,-0.02116080268663371,0.0778053429693635,0.037429699321475086,0.10359183122044129,0.04243353286524618,0.0021068953882197273,0
0.1090042696905071,0.7504027787078584,0.0756285901328915,0.2603261155090631,0.13733647168201327,0.07577999829426325,0.06315054754855155,-0.01103449137458883,-0.08359037367249854,-0.07062042014878998,0.008993591995455736,0.032285062169343993,0.006685774902257926,0.07943492587518354,0.044825755731471795,-0.03028247614015489,0
0.11643062392704738,0.7782022676705371,0.052204198334564744,0.32049650813340513,0.12251004915667427,0.07476034811037886,0.07777537795996788,0.009086177209239054,-0.07533271071333106,-0.0473618709974299,0.00241882499990721,0.02873645933698195,0.031141523103025315,0.08238781658402516,0.06613388774275172,-0.020098683798127247,0
0.03594970677553139,0.7195350587604871,-0.03259542264249482,0.2529550254034873,0.1394129664174919,0.07917882771160924,0.09090113076330594,0.06669278945621848,-0.03940716437210207,-0.034021860716235246,-0.037596449074095116,0.031065365589989596,0.08820856760855968,0.032336077400895225,0.05351200819385738,0.016934754440922142,0
-0.04592805913968223,0.7116208656504174,-0.05348699685155548,0.36185790599182255,0.020855331123836425,0.02698072118906512,0.10271553476504415,0.07186625119772726,-0.019635251848533833,-0.00209884580103891,-0.05645711958148715,0.05638156525625273,0.08476366455951066,0.03051592338745731,0.05480029344671485,0.047228198956905366,0
-0.010111576092675573,0.739550385312368,-0.11811914531133055,0.25195342463718345,0.11717585214291408,0.0326345232233458,0.10707852009099068,0.07409627081213892,-0.018673464915606328,-0.023716608533085437,-0.07464801964858478,0.04789177590340574,0.10384156300872797,0.03463432996251747,0.04412136324325036,0.0549639231755702,0
0.0030775644568235335,0.7601807200620535,0.03676760414239259,0.2320093263467553,0.10663882114152709,0.08235609838890288,0.08702745893085835,-0.000821669427709236,-0.07779031676349318,-0.049144487138529314,-0.018792141182500187,0.04798847602342704,0.0614186017302947,0.07043495771953726,0.06146838771794902,0.036500062825811495,0
-0.05360882477718754,0.8244138433257446,0.09725058095633882,0.19251753315018036,0.08064018451131887,0.10212791291847341,0.08924776964428748,-0.06759025387821861,-0.10467006104671697,-0.02771242322236241,-0.002151783764999323,0.06603589684370392,0.04950872238096355,0.09999690580278946,0.07912242145357104,0.06279106850668349,0
0.02993957292778428,0.7632270557973064,0.4860452969880831,0.20394445504214778,0.07043227832595683,-0.023873322491488574,-0.16738575281300003,-0.2162035430342585,0.07168586491811393,0.05817054680245485,0.03042727342031029,-0.09802178581200502,-0.12856487188951327,-0.01627543996869207,0.02632263686143254,0.0195513109961251,1
0.12937690498498686,0.7759593298877516,0.39281946646450644,0.1727029222730725,0.15708880260136426,0.0243808873186624,-0.12714685836421333,-0.16457562602433023,0.06888506081873148,0.037304684405893934,0.0685454106086987,-0.11146866220084545,-0.1110048713033249,0.025802643644567545,0.04725324079767847,0.0026287606007895565,1
0.0050578093661566926,0.8455931090645175,0.42441452871795676,0.14268895785205674,0.14436143881116076,0.0635035852309884,-0.06712859739580716,-0.19574426568789335,0.023180330510993347,0.07111271390000048,0.04480443468371589,-0.07116590427370253,-0.1498577983156215,-0.009224629355276393,0.054401605714595076,0.009235038945566109,1
-0.05561189193012986,0.7994671631682227,0.47340235697942196,0.1376701869206388,0.11667886663785747,0.05418268842261713,-0.10583002417049887,-0.20004236082310592,0.01906479436634252,0.07901310458293445,0.0014171061536353193,-0.0609147532286443,-0.14889974882233012,-0.047402245534681656,0.012607461164617135,-0.001517829491954464,1
0.07396397914456218,0.7771334839916478,0.4398426853402497,0.18346869321730186,0.1389009569595879,0.01667119312419731,-0.1413658298027833,-0.1819902055609422,0.07833889369579256,0.05214314642063549,0.049087665314254215,-0.11535099402475496,-0.11987677154750428,-0.0025859710646511567,0.04046991337844644,0.020340250846534423,1
0.024316533696662486,0.8058651242366474,0.419821121855166,0.17103178540066277,0.1423150436126073,0.05381835473384845,-0.09766139952856155,-0.1809975903301158,0.04079141327350601,0.053172981045765705,0.04283294344917592,-0.09117440429244106,-0.13239641318693782,-0.007707992680767796,0.04489147554289124,0.021278806754472305,1
0.07896030507921675,0.7852221244579892,0.37291012068112406,0.12855310697620992,0.1483993274140094,0.06168970364231884,-0.0879385445428523,-0.1664507732784441,0.02862035159205105,0.0413736411656426,0.06643649932485302,-0.1016847479279293,-0.10999193169344582,0.01836420489834442,0.050646586742316875,-0.006364496100230203,1
0.0685201679558537,0.7980007610314243,0.345757749338721,0.12667294218231878,0.19836089456975833,0.0955374317941355,-0.05635056180790593,-0.14624032492222191,0.016142328076260856,0.03074040075266134,0.05400433982679086,-0.08905340385867225,-0.10320567668391156,0.024525093011646695,0.05199791797089807,-0.006561759364078831,1
0.1089651780039774,0.7538772996928286,0.3462188769577622,0.15139223261806461,0.14357631145390906,0.05310972586511507,-0.10200075016008299,-0.1495693421069118,0.025381920758918017,0.027534001343113717,0.06573698849214948,-0.09792660666117285,-0.09285318610016915,0.026626882493197137,0.040826023421981064,-0.0067959766191169465,1
0.07367826497647738,0.7818116144335251,0.3798127705047938,0.13069888859210568,0.19261647100350127,0.0724330636297896,-0.08782968878222526,-0.15704803826707828,0.03905062187948062,0.035176656592998956,0.04906989295230716,-0.09867923669965808,-0.11156226172270095,0.01262054321249891,0.038346802428373954,-0.00282195373541858,1
0.024516149457374722,0.7903412072287717,0.4337108036521419,0.18257157725547143,0.17469898828731567,0.05722833124024607,-0.10382575962967154,-0.17284521956854768,0.05709518758470586,0.053433890496675636,0.020790562319527157,-0.0851569523521498,-0.13024608265191073,-0.005662847292850525,0.022796382250796644,-0.0040628427550674275,1
0.061173551576967196,0.745892506727066,0.4614763460867416,0.13102775333887173,0.15525288141737845,0.019354435517711144,-0.15495321566262146,-0.18475669926446456,0.08109289000091527,0.053229039869478474,0.032940629546632946,-0.12145957619218181,-0.11071416585828261,-0.018226950769794414,0.019012618637058186,0.011027530190881905,1
-0.42021837069405665,0.01951677081625275,0.051995732838308155,0.24527925219173766,0.03543821936933101,-0.029777596795238948,0.010453240722989275,0.0375897376889536,-0.03468893174844743,0.09334221493493092,-0.007563539178334346,0.010491571805425232,0.02217916778855989,-0.008200062810253617,0.015171247520200841,-0.05552082696464062,0
-0.43983398335670726,0.026396983793201628,0.0270290839915729,0.22897855079711663,0.032057091199033036,-0.04336771584241493,0.004537376466898525,0.026301678077864418,-0.04149234724324325,0.10242234902101711,-0.012681103043509162,0.015852386614284324,0.024558721357529865,-0.01226112914216445,0.02440837051214281,-0.060511698205968446,0
-0.47047277739051396,0.05242322599709663,0.0005319322468321888,0.2104795081213562,0.011492954359353335,-0.06720569741764898,0.006941108480006598,0.009618303415471442,-0.04544219489284996,0.10493759579824777,-0.020680224173427283,0.025161639057722226,0.02372662033368575,-0.01401669908633743,0.03521462443513106,-0.07021374245335292,0
-0.468949176691046,0.05698323629771196,0.03749523106573653,0.16874246901156295,-0.058824521770777655,-0.0769553990275705,0.026133981721239014,0.0010705167206727082,-0.03843663453409631,0.08609170430880735,-0.009289889565352014,0.027131616998136734,0.018330216853858147,-0.011971643553871317,0.028786467693953644,-0.06197299175834321,0
-0.4380128860723927,0.08487917946968572,0.10795793455360211,0.1919395870367107,-0.06831292055933173,-0.050672481735358973,0.05474258954112799,0.004279583755015312,-0.014401867660909309,0.05593233974301301,0.0045716961518125435,0.02722654785460464,0.012973489560055344,-0.0046694273531559995,0.014682999366705644,-0.049451540806972345,0
-0.4204717239480826,0.10988663040807599,0.19357888309098792,0.20772687975686446,-0.0489395564053046,-0.00617408231921931,0.07377296018338522,-0.0046915848767832375,0.012945286937332642,0.045430040952061775,-0.00022701095273940358,0.030656627930013808,0.018949771887955214,0.006352032256612263,-0.0054981551073665135,-0.04389088172320058,0
-0.4154015440399416,0.10827570767245732,0.16525674432590765,0.23217992162120787,-0.05021869831622594,-0.020447363406745633,0.07177839733430903,0.009697302201687666,0.00884365982493378,0.03432998238248256,0.006703711357676084,0.02264465875918482,0.011445256032981617,0.001793621863461811,-0.0001509764233041377,-0.03798834714345921,0
-0.4513078547594777,0.13214642942426683,0.1117330618831304,0.23031879505529068,-0.06098054291938484,-0.05417023115445674,0.0677894109481725,0.006429577852601428,-0.010580619819838061,0.05106898476214658,0.004094235535763788,0.03838874312545498,0.0108786375252901,0.0008490735342880161,0.015910164085174622,-0.047760282716377646,0
-0.46690378421581175,0.14396980726882289,0.10509831465240216,0.1759193939691001,0.015644406018291618,-0.04831978091640729,0.0721285665689112,0.005849373437683589,0.000824218539979005,0.04389210124833395,0.008736341639095103,0.04006530782751009,0.016169947018618725,0.005058230157481515,0.019040086768384333,-0.04121943205378738,0
-0.48407720764191575,0.1760392501062742,0.1153096504133361,0.13306566885437932,-0.05497475519977062,-0.058318450203441015,0.07460620573749882,-0.025050571635324422,-0.005026281244705253,0.044095370870995784,0.010171126635449496,0.05835695363761624,0.015022123838151527,0.013542115630596287,0.02829992348740874,-0.0393194452198542,0
-0.45985957066855676,0.09391891152206024,0.17399176306759467,0.23147554169706927,0.09736997781042027,0.004044105760444645,0.07378302511503382,0.03855179507824828,0.01392043427950953,0.07142704605822511,-0.004465817002904217,0.024113071243137708,0.0339771360011842,0.006065630661001034,-0.021030529461926534,-0.04466151644014911,0
-0.46879395154486064,0.11717533496695638,0.11519957125014615,0.2203431280880823,0.050483513520925456,-0.03673843409785833,0.06762785645267387,0.02757505976499487,-0.0006996685939592912,0.05429788821716246,0.006073058554938796,0.02933553902510172,0.020891588542997986,0.001452074254962147,0.003929244809594822,-0.042753825324431366,0
-0.4645113256090898,0.15691375863404647,0.2881609707899531,0.1417836102120835,-0.11325655202113498,0.024517493977070846,0.06428187407804443,-0.08075185376031117,0.017254862191895055,0.025137161034825307,-0.004423184040849635,0.04610956186484268,0.023305883172521292,0.025555927134469792,-0.03610451802934983,-0.029282609916723826,1
-0.4372063371413164,0.1610804938681136,0.3214365544577466,0.2161843066390394,-0.006624531884261657,0.054802262411285094,0.07470064011452641,-0.048054530830976876,0.05137770932360271,0.024883241475504685,-0.028816653295231892,0.039460106088820925,0.030870117286123672,0.029765193092110075,-0.05526257708468154,-0.03705286735211838,1
-0.39085735309399855,0.11644972245929626,0.35389723838379816,0.20360122409753942,0.08800396163445591,0.09105368347851944,0.0659458884085472,-0.03291871270684141,0.08940509411003636,0.028520017528289074,-0.05425618168147787,0.017313143943819685,0.04355499341874791,0.029268017110970466,-0.05864298927462436,-0.042454929918921996,1
-0.37814043511997675,0.13213027787384454,0.3655037245307446,0.2468457815753228,0.06382018220716447,0.08765070542635663,0.06273847856106485,-0.03630479832008125,0.09440217298125886,0.03670892723334611,-0.06276431348704675,0.022107022517229527,0.0423381490141636,0.03307325407996213,-0.055480291756076903,-0.050760905708962106,1
-0.3794647378531992,0.11536062599275661,0.37300119377470153,0.16796039663287926,-0.006819396533021669,0.08457861045555982,0.04587403080500329,-0.07804978237070662,0.0789760968296493,0.031392035950837734,-0.05299838891979164,0.016010289057650184,0.04000287934516049,0.02933146071324956,-0.042851702438768666,-0.052898518838482095,1
-0.38365637272982933,0.11879310495452866,0.34843845173671695,0.2135695542788793,0.03482555429045886,0.07844775748419121,0.061353259251665654,-0.041182916327457936,0.08184509822723968,0.028150324931307178,-0.04754497127459727,0.01824155597832794,0.03819489421270157,0.029108409309857728,-0.051317544309077,-0.044868356760601025,1
-0.3885656558201886,0.06655973607713425,0.4206619536227765,0.12602024476233423,-0.13704135203882573,0.07465127809984057,0.007202905585901113,-0.12806889035832275,0.07021306178821742,0.019901967621285245,-0.04468051651194838,-0.00519283978755043,0.037534625541814325,0.03543774092172051,-0.03468727260261753,-0.05728474764136287,1
-0.41010356211823074,0.08937731156769403,0.4251957064841102,0.11528693101892958,-0.07058005143378747,0.08922955610201483,0.02292887676582787,-0.1225314471016156,0.07787977037656761,-0.008475784957651254,-0.04703970123503924,-0.008627451708451373,0.03528547981019915,0.029959343264717216,-0.044623607608946556,-0.050913392832777626,1
-0.40884722459992506,0.13649307091408575,0.4133644602888394,0.2213499396029586,0.03145896843347352,0.09626376199498818,0.051919375485401396,-0.06844566554587589,0.09982096225453366,-0.0049419265501960945,-0.062445969303219016,0.009117269920488781,0.03634414204945736,0.03328907856677342,-0.061253223874512215,-0.058352178081595006,1
-0.42807227852062574,0.14331493592379949,0.4352322359211623,0.19870952533782177,0.006987754020743355,0.09998599967389588,0.0444077711718878,-0.09306152302161172,0.0918023274690178,-0.012054466461912125,-0.06812839237079912,0.010588371137006706,0.03525586617787347,0.03331745604361007,-0.05984807319603275,-0.059514611489791695,1
-0.4435908390658803,0.1435399933662998,0.4186829763428879,0.22587684229864322,0.016730144906845483,0.09387460346946741,0.05735253230875725,-0.06964062476181615,0.08915945593568325,-0.010484985256776089,-0.05955042946258677,0.015255620178203075,0.033830618154143316,0.034994820195224145,-0.06864656393247245,-0.05537873190694538,1
-0.4387124624029583,0.11164361054264375,0.4188792723557515,0.18094858214122106,0.010245193182843634,0.09497441809165086,0.05042464197342427,-0.0773977637153654,0.09052859119382274,-0.023495640508707692,-0.05073699221502003,-0.0009272996772316361,0.03462102723286979,0.031258586256171145,-0.06505649694167873,-0.044903395613651066,1
0.12286072988732095,0.5679808606099076,-0.0943097763028217,0.5778077670891716,-0.0524134750020185,-0.025922092908080615,0.08301899700643357,0.12173673867603986,0.018763603256035273,-0.016283438881763018,-0.022304987036781913,0.05203696285886567,0.04039680475649281,-0.04214296489525438,0.00624453842616484,-0.009349041168637712,0
0.053867705560731234,0.5723400635349654,-0.15153705100060952,0.44841462322086884,0.10103926785338369,0.0017508280270089646,0.09141666087926056,0.14697878564079703,0.045526228066896525,-0.041475213284657,-0.0376739456649432,0.04242182027573715,0.047758746859482386,-0.06825082931682515,0.0084386376820925,0.04809331734528183,0
0.07109864355086974,0.5658459625360622,-0.13010842736878803,0.5557398321963637,0.10774441959669004,0.01501804536732738,0.10095009787991878,0.1682164311969092,0.0689722954994504,-0.00767315529346821,-0.037346544525410155,0.042060667202743665,0.05160942887839588,-0.06321176005534923,0.008829806687927136,0.013181131948469132,0
0.05036909323186533,0.5344646591539429,-0.1562924693748911,0.5189197771657462,-0.01799260124355505,-0.013478161405706613,0.08167169971475653,0.12887133831251887,0.06158817169396244,0.008916842402347424,-0.030909862824476934,0.03540909990211265,0.04473703645458067,-0.07930814523646211,0.020881892898398115,0.03234585008398564,0
0.060885371861700885,0.5668531128565552,-0.20226352867687455,0.51050213290213,0.046065577916982334,-0.003682318747661607,0.08972303341575166,0.14161542372339878,0.08142040232188699,0.007927687417346889,-0.03685099879067717,0.03202985967568251,0.04964183383511718,-0.08333623384661158,0.005015887266919063,0.014498000782462299,0
0.018220890234622835,0.5792464060373473,-0.22661268146356195,0.3630890302411397,0.1914094010814554,0.015618218628311063,0.08716045764745342,0.15101738622453745,0.09002585153915224,-0.01749644372599227,-0.05136668854650052,0.027601795824204436,0.043974569920048695,-0.06589551644652855,0.0019205245878259098,0.0015666202457287543,0
0.023808131910568506,0.5901721273780753,-0.19344212324609592,0.5381810041386584,0.11902953704373784,0.011009562806415421,0.10064229029462204,0.17294662675025965,0.09308591412215671,0.021477977421757152,-0.040605854395177526,0.025953046336733097,0.05701584611747112,-0.081050290466641,0.01998225432637716,0.05037292878621159,0
-0.022271584908017523,0.5384641414059771,-0.3250360161179475,0.43562025097121815,0.16164848687548214,-0.0011204143196891295,0.05289756080099108,0.11972521826629742,0.13606243404388105,0.03053888862900947,-0.0262042719764489,-0.010463630221030796,0.0009359697412788277,-0.0953915199376673,0.006481902705823785,0.03374760892716516,0
-0.03532087019308712,0.5461439118796374,-0.2942165640286722,0.4363983286154179,0.0876829315945884,-0.022244832206867834,0.06155472613687767,0.10957772537731425,0.11485668732758256,0.025866570235882912,-0.03864293253547125,0.004751031585287959,0.004837004611394537,-0.08774371219413143,0.00941224733265991,0.03925127998682568,0
-0.012533568804663095,0.5411148242089869,-0.2736861302238837,0.5047464581766797,-0.04308544972420465,-0.04685347505376259,0.06468708793621278,0.08555600267251821,0.09941484046341603,0.027699864196300095,-0.0379738602228988,0.016670193457238993,0.010697733541692197,-0.09309740503593036,0.006536784523494363,0.045218981931608164,0
0.09541156890915957,0.5438527869383399,-0.17222126504823254,0.42519784025656565,0.1137871617421731,0.01039112680081576,0.08811137790079303,0.14000840199582895,0.05696331275666961,-0.046059838429538806,-0.035718698467872664,0.04913513116739677,0.042049465727613644,-0.06509743811760077,-0.01756705907067594,-0.03302525116903468,0
0.0948196406657996,0.5743443251428487,-0.0606711341795947,0.3766987394332243,0.07164772205874734,0.0020765917197074803,0.07881047809148088,0.0916173020123004,-0.02546634856247283,-0.09458997361981927,-0.030034133432706726,0.0727332406811388,0.023428870647558706,-0.015086943524878733,-0.018314012747999264,-0.019006035942376945,0
0.26692544699430754,0.5531443274318769,0.20365818121807583,0.3201647691342171,0.1875581378085255,0.02642041453112748,-0.12509524284035628,0.015609174591032997,0.027218932828881943,0.01564764096600393,0.001826823759565849,-0.036287668582669554,-0.01666957778586873,0.03769234886586079,-0.04286661000922849,-0.05045755719178567,1
0.18331257833044579,0.6068986190957107,0.07977918929588004,0.3387421329375259,0.06239255493123167,0.034313064813057195,-0.009394977873202641,0.039589800938851484,-0.04532876628353029,-0.03262407710499928,0.021481506743980965,-0.014048208098218419,0.00875068259912738,0.023623175654493116,-0.0016244326758357644,-0.042656478525917634,1
0.16999022807124828,0.6263072834736302,0.13230498963098794,0.2307707067881634,0.24874709235873763,0.09134888274649305,-0.018475892495525045,0.026195626434680732,-0.021183159184016816,-0.06640332961383684,0.011342913213511437,-0.024986740853525282,-0.004402940638337319,0.036174420489437836,-0.019822376807949314,-0.042660168074627206,1
0.2198747071456322,0.5121203682037718,0.17394164722889463,0.3197543476584923,0.07440785540585172,0.010937867123104456,-0.09311405297293139,0.00481733807655492,-0.007832447495013333,0.01503850565839808,0.0024826098961022456,-0.010475519313344499,-0.016377274922191477,0.035350691046051916,-0.04119184078395592,-0.058017039175523075,1
0.23208767026445937,0.5268810754388301,0.26981764072796277,0.37365175619325086,0.16904090192406032,0.0013904190591548858,-0.16639535783149462,-0.01826152347512946,0.06664639156516197,0.03006551729272904,-0.02187912047119049,-0.03535828470355785,-0.025058561607465116,0.029074634747411055,-0.047164340330659034,-0.0020089799355041816,1
0.25702806103928094,0.44204307303568924,0.2947829957132292,0.26617798906217016,0.1748674660716404,0.0013346779300982359,-0.20778276475960403,-0.030775128580147196,0.07052942088438152,0.06847369350173992,-0.03275083470703163,-0.027625151364528235,0.005526137343780662,0.009215178148555252,-0.0544381118213421,0.01545402205438202,1
0.20445813435916566,0.5623907703112215,0.5023559812327458,0.24776857612464975,0.2238841491098861,-0.02359413091551417,-0.3037734048975077,-0.11488875137853874,0.20325544897483827,0.07367718597174974,-0.02000999021188325,-0.12437936097956416,0.01527953082563709,0.0038396552490521816,-0.019840939497769654,0.05305555011830606,1
0.19491955605007596,0.4868242657980611,0.49941985104251596,0.24623912169284934,0.13798885485515874,-0.031640039834197525,-0.3200351413820214,-0.12631224141588202,0.17834411490356292,0.11459502482680918,-0.029005132343571688,-0.09508802861925614,0.0456816560722888,-0.0014791097163490076,-0.019174618757095068,0.0441999912716981,1
0.20822613668477094,0.5256719563306701,0.5401867179750742,0.25334637255960557,0.22217718305726836,-0.03153710810812752,-0.33090084130801223,-0.11346805023984055,0.22751532127760843,0.09398378797346753,-0.03531618240765626,-0.12190107063735874,0.052421152101183345,0.005943147403603794,-0.015985007726453875,0.05829460709078633,1
0.17274463193150771,0.43982809255945954,0.624243312934156,0.2540429490204653,0.22728730639937128,-0.039903567490984115,-0.36357907728880023,-0.12453664691461254,0.2485181562894252,0.10432299037049228,-0.0681731814682614,-0.11123238818522156,0.1347570280743458,0.00015937635566998644,0.00078188601037273,0.092833111335312,1
0.13619828319889937,0.5360789669465119,0.5616885426658413,0.24476094414426597,0.275883454643744,-0.014290437933173411,-0.3027145860131892,-0.12844645313762737,0.21896294429581592,0.06093541465369187,-0.06521268542352997,-0.12560197675280907,0.03958269893843266,-0.011791863314339832,-0.027625329745215196,0.06415130260535361,1
0.1239075968660818,0.6496467497363209,0.5738494766248053,0.17409192407440977,0.22622079000279616,-0.05011802047670476,-0.2696286441771566,-0.16634424312823848,0.19723343168020815,0.049263615525967246,-0.02160153764009778,-0.15500090516517093,-0.024490423751426453,-0.01659912795616011,-0.004155833036962108,0.04798902681861659,1
-0.3492021151172628,0.012509069314686188,0.3498905904767828,0.24164248934223545,-0.025840790665130994,0.071759787388161,0.03605855801208548,0.005383565193464491,0.0935092260137949,0.023471314593149252,-0.03551055524053943,-0.009263023327478293,0.03051580432162044,0.028768147055086894,-0.03877350379719834,-0.06509336229408239,0
-0.36613309887706297,-0.026280018170671923,0.27561236139258094,0.21032306512373847,-0.030337443167206,0.051953007184086526,0.037507771036546254,0.035986198588426346,0.04846696911275872,0.044000014824869184,-0.015441375862341926,-0.010156132015143043,0.026630038476075764,0.01826747418592503,-0.037020074237538864,-0.05580096601636377,0
-0.3625487930719959,-0.06994503283906317,0.24643254872864975,0.21985915951778912,-0.10170206665864555,0.039767083217220216,0.016736800181100006,0.048306236735919196,0.017451223303955314,0.07922383419291809,-0.01571135334354928,-0.008119570592680743,0.025720736081672548,0.020110976105146592,-0.029350264853096424,-0.07667603590060537,0
-0.36487197946816546,-0.056878542783286905,0.25627340909536644,0.22154928784240357,-0.06720183566126446,0.04594695155201431,0.023937246609918666,0.04871746272853597,0.02777269033484502,0.07152447010525813,-0.01745481588804809,-0.008884963207801133,0.027703330697385117,0.020025441276073475,-0.03353629874336168,-0.06992102532077746,0
-0.36677286084547744,-0.03972138954490709,0.24766492541652557,0.25370443649353064,-0.002157011465986489,0.05162107864265161,0.03204986313841075,0.06544609618439541,0.03177594911446355,0.07046819699011404,-0.020818623214614144,-0.010039943128876969,0.029636900668965807,0.020532409062977004,-0.03824891980038541,-0.06411071240539985,0
-0.36803439603564697,-0.03204817570190256,0.254826249297273,0.2559105818861196,-0.057873019062215786,0.04087314994110096,0.03317154682399957,0.05102331203193386,0.030918993003731826,0.06488383069325103,-0.016833537913959945,-0.007714484576285196,0.025225172457102634,0.020040446501517945,-0.03435343949467161,-0.0678541616235979,0
-0.32806301088308243,-0.05559628454113459,0.26068434946416646,0.3604739576031128,0.06117995214143112,0.07796424928945028,0.02054514888701738,0.11317896545399411,0.049456821996501074,0.08594473220911956,-0.04198784395893928,-0.01755094587180467,0.0324679197292676,0.0350656899408282,-0.044879205252729884,-0.07807607017590662,0
-0.29031147001405166,-0.08381320999915184,0.2215980534541971,0.303487699459567,-0.06128606785147064,0.058971613034586305,-0.004118959275365644,0.08379343085914552,0.02246970803667588,0.09696759971510058,-0.03328063412493417,-0.004009371030982036,0.021959017109921805,0.03204412249897109,-0.011613005008634388,-0.08474693247790623,0
-0.2790020055862917,-0.10651849197600333,0.25288137616074796,0.2784277051961884,-0.12294571610449077,0.05766307741389277,-0.015403242011078972,0.07124018794498588,0.032760965007610145,0.09701261307144222,-0.03568244803443639,0.0006312058931450763,0.022464145605565197,0.032820175325951544,-0.010094094440940293,-0.09487818222366427,0
-0.32371114200758533,-0.046838281571465974,0.24562297278490275,0.18072086307727028,-0.189404323367455,0.026467632590561993,0.014810383564782575,0.008363926079779786,0.021996297844357485,0.07211549695969896,-0.011731035637087323,0.004962357366769774,0.014342517352209334,0.01869668901847944,-0.0036718670837644464,-0.07539875436156677,0
-0.319843298904213,-0.014111160397722321,0.2734502000537732,0.15809376562731306,-0.21216000566326204,0.026651505223331706,0.017403149691649668,-0.02828290714909594,0.03096613994260194,0.0665824359210882,-0.010867411546098419,0.007727104286106476,0.015251373254294268,0.016386993690171724,0.004512452502814202,-0.06035641024212724,0
-0.32728017032603957,0.0001021384488658158,0.2726285961638785,0.1859497582927629,-0.1415143254449234,0.038490454152844605,0.028450550246589212,-0.008871304670827366,0.04091109982973546,0.0627525317771649,-0.019100684200914406,0.008733313341096541,0.018997022454445074,0.019706664210852615,-0.005387658598466398,-0.06966767319398708,0
-0.4059243570130459,0.10505655153637712,0.3844511539878135,0.20059825453309768,0.014146955342493777,0.08678105866428641,0.053646315413723215,-0.057546393965997075,0.08706382028646868,0.015555853310291884,-0.05253601683945592,0.01044940141958377,0.04005782647951969,0.033978541841719716,-0.060038883416647294,-0.05717812412553403,1
-0.41235906817474094,0.09514898050479836,0.35758878284108325,0.2811548302400524,0.022125873342980388,0.06990743658110722,0.06545984602365705,-0.012047511237465735,0.07972526946325632,0.03905270620934113,-0.04805275393969252,0.015753689989134737,0.04264300613639537,0.035912405589959125,-0.06940629687727018,-0.048958678193545165,1
-0.3866008688213599,0.08692697504258855,0.37382556868914313,0.28264341451366204,-0.04646662896349045,0.06449415614424607,0.046570500899685445,-0.035263029840529946,0.08036068907004401,0.05067499139886619,-0.05547011495138414,0.018879587787741882,0.04242769142590438,0.04008290467316987,-0.05500029319222938,-0.05892909816799555,1
-0.36067240691538555,0.07532971867687709,0.3884643841679625,0.25277093726139704,-0.10653902019016437,0.06072912210835095,0.023662982991789004,-0.06592585565609109,0.07958998457057391,0.059925958445038494,-0.05754200646847048,0.017931799408162728,0.04203461699516575,0.04156631607923319,-0.03774033270303094,-0.0633680168361931,1
-0.34793268681084005,0.07875616259848157,0.39928416770792374,0.2557344195925339,-0.07415045705640348,0.0689016036482778,0.019530663088866144,-0.06515817186112421,0.0928209009945412,0.058885509152171625,-0.06516013237143722,0.015916077870215203,0.045571737207984804,0.04212750644060544,-0.03650490854660285,-0.060467645371626084,1
-0.3371938211404407,0.06306801077195484,0.3949524458439093,0.21805915905485637,-0.12402057240902348,0.06462900760365305,0.00834583266210659,-0.0805772432918088,0.0834444807497183,0.06403134458045648,-0.05731686526603318,0.01275975997888275,0.04075474513441514,0.0431406636083632,-0.029390927511456784,-0.07714736151940763,1
-0.33318430373233626,0.06697468347012432,0.4079398917616791,0.20635723666415473,-0.10814902137721209,0.07155826511234367,0.0030266907055427933,-0.0892247076533851,0.08990887707846751,0.05978929838349579,-0.06236205807739536,0.010814381368532163,0.04295609288094497,0.04449248093835689,-0.029750695663518095,-0.08031944502256606,1
-0.34124789831242786,0.07428398566633973,0.40474028787821587,0.23152798908324582,-0.0605692593150091,0.077388380389524,0.01648679742806778,-0.0672972693144219,0.10130811943132038,0.04118285174765277,-0.06302962920307267,0.007845652339531222,0.041439684764525024,0.04404281193524674,-0.04047284224768767,-0.07986649401201609,1
-0.3480221048629344,0.07507158120853699,0.399540632785028,0.12121129790784448,-0.12177301154897167,0.07251234849204488,0.003812119923993335,-0.12164098153474673,0.07436082705316409,0.020610996795757678,-0.0392395822143042,-0.002617157851894557,0.03270041437554185,0.03446894928809878,-0.02979909396546779,-0.06066363812845621,1
-0.38009071381311843,0.11534026032838073,0.36575783529182226,0.1492331274709619,-0.07215971764900653,0.06947316726505766,0.038538975997081774,-0.09487323102302163,0.06794890771489488,0.0010400964570249647,-0.031883201703078304,0.008438987093633004,0.02612493438497911,0.02986173271093105,-0.041459929275509004,-0.05416686470275339,1
-0.40047086946241417,0.12728566474410377,0.386711237926661,0.17927690563552282,-0.04882705206255284,0.07730959695221813,0.04440405283819938,-0.0897071528589969,0.07559794108363546,-8.897256302138181e-05,-0.043128015962327314,0.011133259158500835,0.029211222399260058,0.03272386967090372,-0.050623705513216925,-0.06176285056372798,1
-0.4124805837814044,0.11040004647666819,0.3824448209404313,0.14492278607047843,-0.06669945482302998,0.0755399830442979,0.042792895442107966,-0.09628600126310427,0.06829932409009845,-0.0040747778694176584,-0.03437204483190788,0.005620753734992531,0.028281009230388062,0.029884917174857594,-0.049377687860860296,-0.0570951702652579,1
-0.025909628174677395,0.713685482277787,-0.018236542966264296,0.39430064847344143,-0.0036436843232621335,0.0005943994519711173,0.10461879932193921,0.03335428975538463,-0.058585317139268005,-0.06062078517462369,-0.04572522027677335,0.096766335066022,0.048454414616085864,0.0523695813494511,0.02843955590768076,0.04679520766918458,0
-0.014720039183528318,0.6581028359772256,-0.0823641605521214,0.3819097104709096,0.0450296063252527,-0.008814686237919226,0.10706403103167475,0.07847793821144676,-0.018725015304297193,-0.06693525990659259,-0.05746244375129391,0.08632650230380644,0.0480351862282547,0.012095872872265188,0.01324771178093245,0.030725281734191482,0
-0.008849260724769662,0.6022273493407402,-0.10411854974021503,0.44507103916769014,0.08125554947308873,0.0019948519135930777,0.10615788742992949,0.12489776740602415,0.03276028000446245,-0.030979274411213467,-0.056874379973365786,0.06914634592130552,0.044184967417863937,-0.023690501837139298,0.014376182089998269,0.0069397405129766445,0
-0.021806911724162163,0.5534734301376503,-0.1571222124561753,0.3499643987546355,0.14807142394833553,0.008479804891372417,0.0911610931057404,0.13058764464880088,0.0633797854888515,-0.037083273705633926,-0.05582459911470713,0.05202571251796611,0.033707172129726556,-0.0431787274084854,0.010960420193033765,-0.010870808363114569,0
0.0057663891397284105,0.5445729555245148,-0.17468475899262756,0.33491959416445005,-0.0170605798294829,-0.02526502757091565,0.077008860445366,0.08656400165462112,0.042554756725827786,-0.02941556506522942,-0.05767335443365951,0.04230369777609801,0.027413857064322252,-0.04990853470353725,0.003093878091737012,-0.014373451363095193,0
0.041136603045908667,0.5889037141455526,-0.161599502621022,0.43486068007748546,0.1488595255143317,0.012099333976096216,0.10274583764469292,0.1499816822868119,0.05860532874789886,-0.038009958936031076,-0.04917824172138265,0.05234319966854017,0.049216037682548834,-0.05147837985795479,-0.0016724191423208266,-0.00298871720418578,0
0.09174106743174452,0.6180519144236842,-0.11765607190318655,0.44312909767875736,0.06876301716372636,-0.001042813599622152,0.09966793383199024,0.12171258937722461,0.006161069032994566,-0.06585032211662756,-0.04162729475957436,0.0635392790180555,0.046557989611893676,-0.029844512012045885,-0.008350665315300272,-0.011633141114491412,0
0.13908905381697567,0.5579448881715395,-0.06967645732991501,0.4433743090988511,0.049585007207519564,-0.0004419860884997685,0.07497806443612465,0.11355068280528084,-0.007847173818896687,-0.07255460698084999,-0.02403399010663799,0.059530023193817526,0.02385675739717579,-0.022884605249618176,-0.01835167204420384,-0.04086761291120517,0
0.101794241097019,0.6098552926630783,-0.030397788247215715,0.35314055672804306,0.12833281258825646,0.020585613086489197,0.08102470051800276,0.07967827890736862,-0.040876125007042345,-0.11653690875766826,-0.031489937070543955,0.08012623130368669,0.016255539296771086,0.013483990158131454,-0.025423825005197583,-0.03438208991881481,0
0.10099969170621477,0.6263682334171674,0.009211752071991071,0.3092204303586789,0.23460479722831426,0.053068123713421525,0.07668798793693811,0.07239090799307021,-0.041169216613674044,-0.13744315789971512,-0.03433561268527164,0.08193917815863586,0.008385394571404345,0.035862681680495896,-0.03390971725190288,-0.03248525406275923,0
0.07245198509576556,0.6359756207583882,-0.00896556464948175,0.3077983599596837,0.19092700863498385,0.045144972426017095,0.08568850270878373,0.06882518238258396,-0.043032164628463196,-0.12247085634543659,-0.03803343352735481,0.08696943878280844,0.02006646079330912,0.031985074403437716,-0.02107397266952898,-0.024885032196724423,0
0.0521734899961881,0.6851324762638482,0.05242605935251592,0.3012871971657234,0.18741669809954287,0.06187207116957481,0.0798004944818033,0.024522214602294944,-0.059066165713732216,-0.11305483062139575,-0.03317214672371112,0.0872166559532099,0.004609449521053563,0.06616067781688069,-0.010184459246113,-0.019507505644691257,0
0.03537143115773406,0.7129071091551133,0.09318701244763454,0.2618605736730427,-0.019133178478940468,0.026769060703228903,0.05670090682950355,-0.06531014510328607,-0.10844381610529526,-0.09160235324195398,0.01923583556142006,0.046611053265403816,-0.01554001634758116,0.0806695636015584,0.0113434987948461,-0.01143247612670165,1
0.10193876574686798,0.7785529138834149,0.21549098831915817,0.24216917810913738,0.004237453544709081,0.0340406724734143,-0.011612569019363207,-0.1334084949582496,-0.07419847783984702,-0.026095994244470098,0.0793998236620338,-0.03221116521607379,-0.07163634176746343,0.08490100273582693,0.06493924294843166,-0.01924799160411266,1
0.05625489050344831,0.8110035420479941,0.26852686402505893,0.2215368765858278,-0.05594830359132125,0.028770646429150754,-0.022582425921189045,-0.18348680761206976,-0.07281856719313196,0.011475156401369419,0.10088776277578856,-0.043873861656931114,-0.09272721202280032,0.07628764706436225,0.08620370592815355,-0.005493253737178898,1
0.03494528877570477,0.7821213711738172,0.3873832880761147,0.2397637856317597,0.036680200943753884,0.0208192644775968,-0.10254297172596709,-0.19192222768946024,0.01708791330049496,0.03642958807392537,0.0613239526076284,-0.07119868489836395,-0.12471668765244136,0.025751988034819453,0.04111889336723267,0.0008647129635296838,1
0.0352940604089692,0.7588960351133749,0.35892143727838055,0.11476780534494194,0.04747663546045449,0.04273913020740691,-0.08408413994836246,-0.19548656288845936,-0.020570580838885424,0.019312545910506674,0.07448561155836904,-0.07826415611430698,-0.11556481135777052,0.01817992984821967,0.03503253937680711,0.0011483349045227776,1
0.019408777874398535,0.7418796320202083,0.3953262428086023,0.1332680083839186,0.05990468950143298,0.037289022895190316,-0.10937263197917946,-0.1964778596183884,0.004512464691258865,0.03011683035310701,0.05363585357895072,-0.08330153493453903,-0.11619635066305839,0.0023926643367028714,0.018022365788951233,-0.0003595442458345964,1
0.07489820554416611,0.7311901404202975,0.48579999564858595,0.19827325696042197,0.12123705284347024,-0.019211448957280945,-0.19102958612922943,-0.19085242869370583,0.10880926255388916,0.049521947366509576,0.03085838673989018,-0.1277169328392205,-0.10244605093824054,-0.014206493045667198,0.02039227292006476,0.025219450627016804,1
-0.07436433456191122,0.7583777224406515,0.45153015551886505,0.11872655982489126,0.15310416201695728,0.08310032894063582,-0.09647983997532734,-0.18447133806359758,0.00804687628533911,0.04531859881400762,-0.019300277491529058,-0.050141088332580706,-0.13714747090887203,-0.04837209359074096,-0.019625213927597033,0.006011040937640105,1
0.020867473326110674,0.8281818546409472,0.42461953054608637,0.0899929498398451,0.185899648330566,0.07633468724379489,-0.07069879243395798,-0.18281638769237593,0.03380588891624167,0.06293229747009779,0.0460670595659525,-0.09847866114597542,-0.14213806632431747,-0.01997967276096968,0.05129245183639078,0.013090172407709141,1
0.0548383858319354,0.858654093749618,0.40417870584872634,0.13347322019525212,0.09212158353879514,0.030266596584916875,-0.058788737776826826,-0.21840898179859175,0.017884631654390845,0.05991737244255472,0.08799375423338818,-0.07933191037180212,-0.15588977908394508,0.023749161831148138,0.08412193259131659,0.0050706684365307226,1
0.0397671680681332,0.8482894548097569,0.45685605906649224,0.12088513013601948,0.16169545509072733,0.031153383070607547,-0.0802426330549285,-0.20641019168227265,0.05541755998715607,0.07251112229624465,0.04884974236848055,-0.08717072083042728,-0.16417929153151775,-0.00920570171609835,0.05708765332944818,0.000839930007095835,1
0.019144164913780907,0.7994613923053624,0.4885872806492443,0.14004211122588892,0.10163788490115692,-0.006665505326885819,-0.13375675344191168,-0.2203337593557517,0.058287756753335515,0.06734089225427997,0.03432680115170098,-0.09504358955741808,-0.1502778987726741,-0.02703825781673162,0.03632903107975591,0.014701975321473918,1
-0.39049949579727444,0.0024947294606595875,0.3840340634925608,0.19993188906171874,-0.27980801288711543,0.03170798570694974,0.011730253746795547,-0.07568156740121225,0.06004955528530403,-0.004174130917404993,-0.00324125815475069,-0.02364647688137131,0.009677553259781965,0.030819023866888715,-0.02510888862045222,-0.08930495863498615,0
-0.31234367830128473,-0.05430538471556608,0.3802290359227113,0.13052752235005777,-0.23807485142100496,0.05055864595871799,-0.025186405950040618,-0.06457202864940409,0.08209432000297288,0.02029232376820629,-0.007219387094303714,-0.023455522215399417,0.014327247566165213,0.028526076415534504,-0.013036708778770181,-0.08406940704069729,0
-0.33123410462695146,-0.054180219989081915,0.29362334270802204,0.1557691182131842,-0.1911567384289615,0.03737931055696815,0.01032578431367828,-0.009676306189809776,0.04271328885407415,0.05258147913103869,-0.008900746336804296,-0.005761860013345056,0.017480176279920597,0.018993738386882772,-0.013960189481537254,-0.06699679427611634,0
-0.31229554031400836,-0.11266956231614896,0.29321222926365575,0.07986568583320655,-0.19771486845918046,0.04686106801966962,-0.009607666768528228,-0.007992822800783794,0.04190894578583032,0.061657895171165385,-0.005974564228621733,-0.009921800435156022,0.019670964506418195,0.013019213052164315,-0.012825736515495801,-0.06050896386097005,0
-0.32500947960482424,-0.10527290715413146,0.25727231786357857,0.09290774244228692,-0.20697523086408295,0.032863694349301836,-0.00229199209279349,-0.0004651856623492603,0.017788390038526246,0.07972976445157089,-0.0061978568347426845,-0.0011213052500063242,0.02105571954856254,0.011960414850005352,-0.008107836661987142,-0.05923469870635946,0
-0.31947228129732264,-0.13116550879402145,0.22404203226892017,0.11982181405747783,-0.22794616513104707,0.02561698842472036,-0.014683817092664723,0.018876981994747747,-0.007404339674151534,0.11218845786832872,-0.012044651322285747,0.004089474548500715,0.025063600226388462,0.012640089674827522,-0.001085575274786429,-0.0602653735792013,0
-0.3238800921638487,-0.11762842902576084,0.20172665303723847,0.08205927968717283,-0.2579098361161175,0.009914995717748556,-0.008666341162010843,-0.00029149435547381016,-0.017680845482501907,0.11029931684602032,-0.005808043190974833,0.010135081742112282,0.020898737359816292,0.008418213023496974,0.007664273391657159,-0.057084042019627135,0
-0.31792225392419426,-0.11209307974785164,0.17488453578936985,0.09421858507044299,-0.21155544454476924,0.011929549728083853,-0.008190638996059142,0.012212203596290926,-0.021698850067439587,0.10852740901821928,-0.009463294261354655,0.013693314920732244,0.020377035683522626,0.010337958165525617,0.009959811231594798,-0.05914183205770679,0
-0.330699350298573,-0.11267125856381445,0.1343145870783001,0.07647831782230982,-0.22584389688475512,-0.004098358913038672,-0.01294363462977144,0.004362952915381124,-0.041833640112319354,0.12646569905380667,-0.012413999020715482,0.021748614730867734,0.02260384317926913,0.008011884392484856,0.018503137969218972,-0.064043889653533,0
-0.3313388952415251,-0.09113887908513231,0.12089415713015855,0.06907769150750186,-0.18920252262629447,-0.0075259573374634485,-0.005490183943355433,0.0016315204380000835,-0.038037410306223395,0.11950833414656281,-0.012970055500428882,0.02655626543799102,0.021909999497350157,0.005900167180808036,0.021699318927365357,-0.05796500200236291,0
-0.33024099040903376,-0.10493878486368977,0.0907217376504579,0.045696892777529155,-0.23473948412378765,-0.025861174568885724,-0.012590942586188742,-0.006225389871536737,-0.04981765597616514,0.1120441740587293,-0.009260491091560508,0.025048330985429232,0.015432452084870546,0.002383615351848735,0.02719198898697962,-0.048273189113427456,0
-0.34010010474909497,-0.071196134302254,0.06713141660360816,0.10012479356824984,-0.1956551008077123,-0.03168834201514181,-0.011026884204097198,-0.004128568734809869,-0.052349314589317325,0.11472766125748518,-0.01584527727872145,0.03193026191777981,0.015468803156495793,0.005492357593690551,0.029644089602104105,-0.05881651572252226,0
-0.3848861574660748,0.06977673295834066,0.22153152971043305,0.025340445934808584,-0.2151612288071604,-0.004363571361280509,0.03814172940216958,-0.10195891551101058,-0.010194131737426452,0.07051524982678375,-0.0015165051569014955,0.04019374774914377,0.023578240649739582,0.010372905405560118,0.003362431272824512,-0.03410455392720862,1
-0.3724778280711405,0.0551293373620553,0.22065322426286219,-0.0066852813094509566,-0.23512150124644854,-0.004308456096075313,0.03141013863156096,-0.1118562040202251,-0.014127314700768672,0.07571640112223059,0.00014593631940366077,0.0382319428996081,0.023267769546559527,0.008323637282996661,0.008381515999818774,-0.02845715826962421,1
-0.3489213962837527,0.054865528726080394,0.23680201067241755,0.0421575044756926,-0.19756611234520122,0.012593682595275123,0.030923945295425588,-0.0945903247963045,-0.0031705156813144958,0.09235543462589549,-0.015838789752655836,0.04490929664695256,0.028612637938816285,0.01671362930634945,0.003491105569675781,-0.04307962326851133,1
-0.3622406647699856,0.043538375922602936,0.22019089308115847,-0.02219609755967009,-0.2508266634273138,-0.0044014201158455776,0.025669856689258384,-0.11720572418123916,-0.017985343423971102,0.08337640873909342,-0.00020793081851140408,0.038133492449441274,0.024296542639572594,0.008650794878123784,0.010391829532487963,-0.022796964858612708,1
-0.3324105484745387,0.05373243357295356,0.25343467968804256,-0.01728133941578886,-0.23567039279137067,0.016845142740909057,0.018839734485005102,-0.12953156774951263,-0.007068142398848122,0.08133053479384784,-0.005812034665103652,0.035480445783012717,0.023850703640968345,0.015325994089598968,0.008803675856561619,-0.030819882356541924,1
-0.33296100382948896,0.03382432348602523,0.238584080647523,0.01599334335462699,-0.2075034431582744,0.015740528621311606,0.022056880385654176,-0.09706786849078737,-0.0022489639462246027,0.0907872831357359,-0.011829329190002711,0.03833398708025229,0.027493428581701798,0.01564593720090858,0.005565533334987917,-0.03496153562461276,1
-0.34603742371782337,0.03767240958729765,0.23655307521999114,-0.048474469249439704,-0.24550940204826732,0.008713460821091212,0.019459919002484727,-0.1260958816828909,-0.010875042456363044,0.06829426201052928,0.004784599067241927,0.029008665107700657,0.020636130951456937,0.00986237136355209,0.008335236161259996,-0.025303847132394745,1
-0.38825505274463756,0.09601297660698842,0.24812800735112986,-0.013899849875181473,-0.24715561082464696,0.0035734790717806444,0.033403934881607734,-0.14004056902481937,-0.010921555959294456,0.04006151263398332,0.01030715566316394,0.031173897033527336,0.015125187985815799,0.012914288575063188,0.0016595956685821068,-0.027021286664983206,1
-0.3719414908089989,0.06748856653987245,0.2994359428048375,-0.04162540305804365,-0.1994613675340169,0.03953284315060422,0.019699483816802102,-0.1480283918583087,0.011835987637764667,0.03183757237057199,0.00611597224759498,0.00922741225284492,0.021202760837720522,0.012431871702383633,-0.007673458266722236,-0.02798229342514019,1
-0.4205075113830902,0.11096297780830072,0.2946087892841226,-0.007933014285693867,-0.22982322997082533,0.024577124894151973,0.032504767528494134,-0.15318477964512472,-0.0002964384505051219,0.020107965837079474,0.009978471919544318,0.02233860842913575,0.014514472620984797,0.01628036350456566,-0.01179459744608018,-0.030885845728842076,1
-0.42507527328218364,0.11083593092998904,0.2835295784159145,0.053156365703702683,-0.26745327732532936,0.006862467027077572,0.037248732065828224,-0.13597320960273002,-0.005697856020903737,0.031046988366032768,0.008655398165762338,0.028262274944441782,0.013107873496638455,0.018778926901191914,-0.012627341885906423,-0.03507459739247304,1
-0.41100810798027193,0.11697814790734226,0.29399808916686293,0.034440930166337744,-0.21883768646409815,0.02403108380419101,0.03708775003318974,-0.13763359469652986,0.006634520910059761,0.01721365660198237,0.006924432976218047,0.022290924111470024,0.013418116419630132,0.017868602803442636,-0.01361550289125094,-0.03527530060288484,1
0.18117902649147238,0.49443445232793987,-0.17751336294430628,0.3475490020628961,0.10347582354106757,-0.0679407061798442,0.09176023910495912,0.06668107335553873,-0.03156460702959932,-0.24332498669767205,-0.045509225277408395,0.17199891509904613,-0.049095902307221585,-0.014182165808389963,-0.12707810625145896,-0.14324627622925998,0
0.2001024654894151,0.6198271927621241,-0.0839777826193379,0.22452400432297268,0.09906711224647559,-0.0007265078312732052,0.07650875038788928,0.04817519586160104,-0.10535591473637265,-0.19469929281604742,-0.013895672972562292,0.10580732722855365,-0.018279996183897904,0.04034102371827383,-0.07849172494388018,-0.12354946603177293,0
0.1957925590160088,0.6835482318054796,-0.014845370102038331,0.1374124180456043,0.14017761841141843,0.04999810336480482,0.060250814183290556,0.016014423041843875,-0.12284463511123489,-0.14570783155305694,0.017785307946678285,0.05707005828516104,-0.005666026387665433,0.06473657250693036,-0.014633855732021198,-0.09187667973451402,0
0.06745471534105955,0.7088007826232201,-0.17117634590270114,0.12698777428432584,0.21548517753707494,0.02464479815483534,0.10159035941022605,0.0654549191961801,-0.03522461411963912,-0.11673196023761045,-0.08296609226861992,0.0749863732350612,0.06519831712016759,0.0368144421897749,-0.016132110371744023,-0.015449216250141935,0
0.07864854308141885,0.6870716597703821,-0.15117666008422176,0.30236794527257577,0.06978846550434335,-0.008830675742902205,0.10566276510817887,0.0778387358306283,-0.032748865708188,-0.09147896502842556,-0.06438553485570737,0.07254410171166371,0.053866656888650256,0.00357779935248957,-0.014476266150187288,0.003569389447243899,0
0.048471636604779315,0.5666209146533585,-0.23379609685596842,0.2504116320186744,0.15532983437887438,0.015524963374999177,0.07312183354830916,0.1191605774989839,0.07172748021857146,-0.03308886748926405,-0.06240005934593498,0.030675410031923728,0.04018726576744716,-0.05469081026037415,-0.01664359961130132,-0.04773188898919957,0
-0.06368459470532196,0.5351484438038167,-0.3434238267867141,0.23966920757142632,0.09749714217721499,-0.03813571657530401,0.035848335335593284,0.06599041465287249,0.11554160521122422,0.014711079686343444,-0.05666382075617322,-0.010508024025673917,-0.027331888026496696,-0.05771161999241462,-0.005241765278706203,-0.0008632416313652611,0
-0.023132081740478826,0.5228999185683962,-0.3158341497720571,0.27984458254748407,0.1619507129437377,-0.0010358140357901982,0.04615051690855815,0.09792275055980006,0.12540345044378387,0.011528854823366581,-0.04724775116117269,-0.000592266079232821,1.8740771673204146e-06,-0.071448522972935,-0.00487445972410817,-0.025124861921585476,0
-0.016815520848410932,0.5486748558800937,-0.35382016244414694,0.24723087763688473,0.1838525225648046,-0.012544124701974009,0.041925746301321065,0.08967388307681173,0.12707977750314403,0.008159852160590671,-0.04990824039219255,-0.004824624008920599,-0.012923927579954964,-0.06548326057128355,-0.0206866091572231,-0.01834256815279703,0
0.1456563873732929,0.6740295477646447,-0.08083644779547847,0.24895589729598547,0.0332543891342772,0.018224905731648828,0.07618710820628016,0.05407685032798926,-0.0835686442035778,-0.097255457977333,-0.01766300087079368,0.04394482568729437,0.04109145218325055,0.016218859563216996,-0.002376995130069573,-0.03086277393969555,0
0.09992874090216529,0.6801491202028871,-0.08863121344477981,0.1519522769442635,0.17398679390384292,0.048884221514444146,0.08901998452144273,0.05546490907819514,-0.06721458801226438,-0.12970953936754778,-0.038013736243837956,0.06197271720756627,0.04995039190610565,0.03458249715281866,-0.00804622243959712,-0.0353810821865244,0
0.02944074643342105,0.7327670145365994,-0.028591407769086318,0.10599276353670778,0.23093844531831678,0.06841864291148039,0.10185941493413796,0.004436818643744912,-0.09055101022078052,-0.14850912319506143,-0.037515543855834735,0.09154057473533567,0.048332940037323385,0.08140026123515448,0.012972048665441665,0.014875413444722848,0
0.16489124063202293,0.6167262052930087,0.15649261592315347,0.19000777198375676,0.1688938956838055,0.074629214533845,-0.0408520061362086,-0.013817501780828018,-0.039875838363111475,-0.037694325356568734,0.024976392875038243,-0.02454206676707928,-0.014500803989954526,0.03630476117822304,-0.01794170999686984,-0.057427227200940976,1
0.17866174350434363,0.5990841091474427,0.023170961945658954,0.2842900306893785,0.1113995042950629,0.053512653608806963,0.024307585052968133,0.06809228872365161,-0.04860129817278848,-0.061728805281881724,0.012672417572612041,0.0014998602495504632,0.02764619836548861,0.01625764181650472,-0.01494510421647081,-0.06219592416483215,1
0.20190135255465494,0.6182823976861284,0.05211751001609498,0.22062936806574085,0.05306621095515419,0.048576540056547775,-0.004035200765572307,0.028465572439804125,-0.07924182862982028,-0.04346111552612036,0.041613825761744466,-0.017656983428470895,0.01580016868069442,0.02630903351444292,-0.00019018983389408492,-0.0730669568221699,1
0.17888724012091214,0.5970154331172719,0.023886937186955587,0.22112266412755083,0.037115817176716304,0.03821283261776795,0.014308672641862665,0.03359566546686743,-0.0816264610118126,-0.06915141791651654,0.0287664735844664,0.002565032251623287,0.015871991334135062,0.02208307279322301,-0.016679526655897486,-0.07089775622432466,1
0.20359796197014365,0.5903971456201115,0.06455953817726659,0.1633536406251578,0.040900591608972754,0.04462092118912672,-0.021206495653821638,0.012124280507329974,-0.090371494755093,-0.05147384006630201,0.05001622610723852,-0.01784411772271153,0.0046645083049558405,0.024191256288177473,-0.010499768739514722,-0.07048662776350384,1
0.16621801411021553,0.7297181168845228,0.11018426997156718,0.164401084632013,0.06021226143060115,0.05657426105164731,0.011308458524156129,-0.055217795166767086,-0.10283481586698448,-0.06489619948499545,0.07308496980525132,-0.031225685095053236,-0.01920600820172824,0.07025191629424771,0.05103518309113251,-0.03976613284133571,1
0.15500442251454888,0.740509804659268,0.15611282114238106,0.06024232242098452,0.08250206625477963,0.07614385654411449,-0.007659223592991118,-0.09268183751924819,-0.1022713950737528,-0.044796380566300836,0.0970482265760148,-0.05826495180797741,-0.031396380243647846,0.06221493026836515,0.07068791784661867,-0.029363806590335582,1
0.21727966567764082,0.5525604418579596,0.11220944286596496,0.16709869741718206,0.030547131298160255,0.03921263581577098,-0.0668157588500647,0.002552518549133665,-0.07188651897115526,-0.0017253285937554829,0.051045251601928555,-0.03246271411537926,0.004251559715490672,0.01578582207138269,-0.007412970181389176,-0.058878830161315565,1
0.21854133234448792,0.5966253665917279,0.19456716340703215,0.16223809721332635,0.01822145997588175,0.013338038418094354,-0.11243513020051031,-0.06529894031150899,-0.05866634846028414,0.0001229535863089533,0.07031367279929654,-0.04475088932131156,-0.03494362797854159,0.034695306602265434,-0.006498930227828892,-0.05316862791148958,1
0.2043088993289142,0.6327957666086037,0.14229960043263978,0.09337041759557246,0.007112306981462959,0.038793721344102965,-0.06366061186525022,-0.05917149794227354,-0.100259851531672,-0.021680690917516246,0.0893005444821743,-0.046933659929904295,-0.023039303908087814,0.03659814620433452,0.016672432725989804,-0.06477900122039779,1
0.20334101999501739,0.6678098484747099,0.17185136756550354,0.1358829410165702,0.04973246253490431,0.04182711109675093,-0.06767010114927388,-0.06596021347096201,-0.07407595953651296,-0.018486978471999684,0.08699625873829131,-0.05718120358533477,-0.032725828644035955,0.043766623674983705,0.028827866060218383,-0.05325036368957417,1
0.17108078996514203,0.7361635782225255,0.23070054770642034,0.09299130298216075,0.1148275827407064,0.05525447540754959,-0.055050532682084125,-0.11872723898426346,-0.05390353570331476,-0.030058602695244678,0.09548224265535481,-0.06615120524450273,-0.07023497685691493,0.06057181844716903,0.04872610883080418,-0.035901352267446035,1
-0.5088691902949518,0.15939046201351476,-0.18171280788356034,-0.1528373811072416,-0.025858153555128018,-0.15757041998735394,0.07082031699238754,-0.05014444348442353,-0.02371184751592936,0.008033291586759323,-0.06490888354974474,0.015669821920182434,-0.020544523617478695,0.034694437283626256,0.042813222385785575,-0.004067494449882384,0
-0.41981363795813337,0.0678852935853337,-0.030671829629517245,-0.27661091391732023,-0.09620489797296636,-0.11172786539030283,0.04714861064269789,-0.09190454917779439,-0.011947832584137463,-0.01457123367504035,-0.011368169479042046,0.034470732266051164,-0.0029369883413799666,0.013025165251627373,0.04084578043752787,-0.007088808463753348,0
-0.3527590629518588,0.007559816267770759,-0.06984947864026257,-0.19967094249692408,-0.15687415587540102,-0.11767708361347082,0.030986013037994885,-0.07270989273819349,-0.024478826085254667,0.020403323958309228,-0.03329934579642003,0.04445300325956823,-0.01285335293875514,0.0029884460650838967,0.03813662681136901,-0.028135002422296936,0
-0.3120279944798649,-0.03996649233449786,-0.028740161461876263,-0.15735161637156014,-0.12960941745500115,-0.07626196479695115,0.017697703519669497,-0.045142076486373764,-0.02111029833566936,0.022735906273194974,-0.018026054949195867,0.041831728382761245,-0.012832066733417767,0.0032443169988191863,0.035067460634227485,-0.04127071266121418,0
-0.3083372590047715,-0.04801374727374876,-0.07535841884088736,-0.16023598267517378,-0.20082799716688807,-0.10594403229110463,0.012529876866201804,-0.059199438949848394,-0.032267154135712635,0.03220434356521448,-0.03494608018567729,0.04376562545151555,-0.019703319826498613,0.005128707452903813,0.03398882160445925,-0.02834575174721544,0
-0.34072229513271796,0.008298995538381915,0.012665801542159138,-0.11794528443430659,-0.18706834599845953,-0.08774009625611136,0.0312800201834252,-0.0634698739517583,-0.024834219402363467,0.020205820807889928,-0.009109877623740598,0.038087509578151574,-0.0090629128174197,-0.0055032633327403106,0.041584684219619174,-0.018043877688652114,0
-0.3642905747301669,0.016681106564368428,-0.05983980003061149,-0.15315467672519728,-0.13612362198687636,-0.11464827005701096,0.030300258102984663,-0.06099993638082956,-0.01974544647608227,0.006541886855188455,-0.025337683212419682,0.03745928823330056,-0.015205417843316029,-2.409212146394081e-05,0.0362087062660235,-0.032061394174895404,0
-0.3684100848660695,-0.028391969929815304,0.0037020077661763322,-0.2419116671076647,-0.2224602394078738,-0.10109490892675055,0.027190095487054658,-0.08393576215354027,-0.029382465596955204,0.018958444569668796,-0.006958418852390934,0.025612810007513323,-0.005923880976485319,-0.009275336345574012,0.0330002262327179,-0.004299094609452056,0
-0.4039847536801573,0.0750560098431615,-0.017147326453500433,-0.14660132403810097,-0.11305971165887478,-0.1096537450248159,0.04650507910413095,-0.06925802350182361,-0.011123578949560004,-0.0136278400327232,-0.008035230253958327,0.03299322822737814,-0.010231372812197949,0.003680131964318841,0.04388029420447633,-0.016962376713500642,0
-0.44260423545191935,0.090408435270216,-0.04175901776381145,-0.24274668609153113,-0.13030763300304118,-0.1315025034613653,0.0512651608865154,-0.08809787896421895,-0.010363039298273185,-0.03074251620727885,-0.010962088784144031,0.022456640956687944,-0.012550920874178365,0.015908068072839,0.0418323831378057,0.0035352571308741665,0
-0.45934005598842526,0.1127411777122055,-0.03654617492147125,-0.18312592589094526,-0.14435743951387392,-0.1368773075478074,0.05329209155254256,-0.0881731875161482,-0.019421683070910998,0.003970257396493512,-0.02154278281547445,0.03648382990514768,-0.005604961878370532,0.016965746310538838,0.04857759726118603,0.003243793098117224,0
-0.4639391803652973,0.11605306129442411,-0.04810058908273407,-0.21951438626784112,-0.15900876870319325,-0.14448418045434525,0.05433534066540562,-0.09702848388097497,-0.022388284894888328,0.004606256406108544,-0.02653951434537161,0.036566564073976814,-0.005366310928629046,0.021275300514643814,0.049314598158550625,0.012553683847733749,0
-0.4194402514066795,-0.008538452866750522,-0.05974436569884139,-0.16960038425414148,-0.08298218730961605,-0.11446620076933268,0.017093738917529692,-0.04613677107420748,-0.017545114786513105,-0.014508121973822174,-0.012152604597262938,0.013291821488800884,-0.010060548070232092,-0.002418303598014214,0.0018038698003007543,-0.017086763626911024,1
-0.40928236412169955,-0.05190422261354588,-0.11772377877562903,-0.1238437681156516,-0.051193415764730264,-0.11067436707671595,-0.008102107145406476,-0.027429122383631578,-0.02114743142861056,-0.03240575770384909,-0.01764503370486715,-0.0047267684523867835,-0.023911420775998248,-0.006535522868312634,-0.012696190742075331,-0.03191806750675023,1
-0.4540212687247879,-0.04310056872249223,-0.060477706290283116,-0.30464007283573813,-0.09362212420067821,-0.12700019805107396,0.022017685190521573,-0.055964690788152825,-0.015110037036651308,-0.04469145718377921,-2.766977926488942e-05,-0.00432918594260025,-0.0076277511256794515,-0.003418285981227515,-0.01649055159264854,0.00666234903536523,1
-0.4621227196016962,0.019013851931237804,-0.013637401926616773,-0.1573389294664205,-0.149732114131788,-0.12554151610110648,0.028286505058785636,-0.060951438832214495,-0.019434409507734462,-0.015580814460871024,0.0013629954059889164,0.007282454523536006,-0.007794557825035733,-0.002648030432084012,0.005336573631935642,-0.0012957901680800043,1
-0.4354286433644623,-0.015909587837582215,-0.004883670670251316,-0.21356805712101787,-0.10852582522123337,-0.1054911645251216,0.02383720356795928,-0.05689177937654164,-0.012879317464285773,-0.02861785702049553,0.011602802512381534,0.004782705195423425,-0.005737633472452569,-0.004781257131586968,-0.0006997086894794055,-0.0026791212333337534,1
-0.4352114044000162,-0.0027749821441740512,0.032913029858735586,-0.2206303711589911,-0.10184033453969604,-0.08711287766267192,0.02764703928806215,-0.06868143769788612,-0.009472564350456363,-0.021045985045369572,0.019799488266887964,0.011317241403203037,0.0015914499851333742,-0.003116068289525334,0.00398741476645441,-0.0024487970057016613,1
-0.45259584399932173,0.01736743549422216,0.0474178664757581,-0.24104607543330397,-0.10605611631958001,-0.08517089432894115,0.03136382737127714,-0.08369504992351073,-0.008166332998751157,-0.023157087795441567,0.023651859623499204,0.013374932402068126,0.00434646689302301,0.0008913929937380531,0.006458084666855504,0.005272486565214819,1
-0.43920594916585487,0.012766318327971541,0.04461667191914136,-0.22214281099517172,-0.06976798541891006,-0.07817594360642703,0.03095769074364526,-0.07025490887458487,-0.004923958185648986,-0.02591523379323668,0.024224753865074635,0.013685742725692758,0.005097894262960758,-0.001137907006687779,0.006300892151025137,0.00480656858235632,1
-0.4399286479344952,-0.02174651346032358,0.01313473204221651,-0.235719234605864,-0.08596729372477468,-0.09386470891683248,0.02424710001433201,-0.05860078426888111,-0.010017707461476077,-0.02697620633570775,0.019340206469448517,0.004209604383266834,0.00021663907570549596,-0.005678107040238841,-0.0009688798427103552,0.0011534059468530204,1
-0.46098335802982,-0.010193661440428268,0.013557149935912338,-0.2704262954007913,-0.07979064521225147,-0.09836370289730335,0.028256756558077776,-0.06771197598099117,-0.007168497731545002,-0.037298108158186294,0.02269079364896108,0.0018315009447930877,0.0009455847039016327,-0.001683386526382926,-0.0022740426210666256,0.009223454380521056,1
-0.41597769772801396,-0.05194154548108615,0.06000908878998966,-0.20502872814639989,-0.20337124430343972,-0.08156000588686167,0.018143251617656765,-0.06932057327268057,-0.021378658632540272,-0.00040691077013239434,0.024916841051854925,0.0010783411492464156,-0.0003502140338597934,-0.014698323105524448,0.0020774753860976127,-0.001624894852135847,1
-0.3835724922771588,-0.0736404495169725,0.07341056207001101,-0.22132891841235797,-0.12838907144711534,-0.05193871785840707,0.01519374970126131,-0.05142575467557082,-0.009788262856448321,-0.016899508849279102,0.03297081407457613,-1.8271473473813184e-05,0.0006892295174882415,-0.012338733927547335,-0.0019241027690999736,-0.005359546352650709,1
0.007039731680406553,0.20976374349730306,-0.797745686874013,0.05350218901342453,-0.23909096803215169,-0.010020829113042447,-0.13499528221307677,-0.18647621688551486,-0.04236599937306043,0.017601446455106695,0.330061141751235,0.040647881954682746,0.03568540555758908,0.010275634816530484,0.08324270148823548,-0.06032022625554559,0
0.09822178813595958,0.34022685799987573,-0.5718847893935927,-0.09664536572116152,-0.3844229936387615,-0.09140484619983628,-0.06543352271425261,-0.13120087610702383,0.09990423364281702,0.02900478198817661,0.08909207579846523,0.12821466208398538,-0.015347624473504665,-0.062469810083051316,0.07433512750614749,-0.09792378651668154,0
0.06730609691724102,0.4261657749853521,-0.5772618973433332,-0.1676389226766442,-0.39165044263479887,-0.12649628648418212,-0.05988195474803308,-0.10397521783920478,0.06940522223587586,0.07570174378092741,0.08950105823081486,0.1468100221739562,-0.031090790852275608,-0.10903704457769395,0.06125950018617654,-0.09816236737371074,0
0.14507578414614286,0.3327141477833514,-0.3272338957010531,-0.16464924118345006,-0.4815960810724029,-0.0876000277038495,-0.0008698114260897528,-0.048753452304337426,-0.013366408534096036,0.014327548165475056,-0.03479640180280915,0.0385677483252357,0.008868172209553766,-0.004770472741367991,-0.004213932423410519,-0.055669362980789214,0
0.15309156451295378,0.3265749332679217,-0.27743246901027824,-0.1920845697508489,-0.43484261325812523,-0.06253431080289318,0.002771399711352477,-0.034630234841647095,-0.03921460857236674,0.014987795461298508,-0.04205243159535877,0.012934693526020157,0.01012205328561871,0.009966169136733427,-0.018332452260469662,-0.04826974332701932,0
0.167932130347451,0.34977725418398814,-0.3791086261707811,-0.16179927192932356,-0.420688343357684,-0.04871839010575157,-0.015388953061832718,-0.04748992554800259,0.040292774032394084,0.07838078204042966,-0.023502552064830408,0.025644367091350987,0.0433331226397229,-0.009981192091365543,0.026343699353419826,-0.06731075654668044,0
0.1803730833527691,0.40204962077466583,-0.23337595204849756,-0.16122828387409605,-0.3645032823995702,-0.019355223096122073,-0.0037250561340039603,-0.011021320463594832,-0.05657017675465324,0.045981039487370146,-0.046456388501960814,-0.03387290697321419,0.037335916886317204,0.009072380734737437,-0.029668754225038473,-0.05617278748603077,0
0.1273044920306638,0.3520130385314282,-0.3267738876453374,-0.08985534051819227,-0.3585826040737107,-0.02659077287982199,-0.012473170812908291,-0.03216643944542978,0.05870462458669937,0.08268541230956253,-0.04610046524658208,-0.012033811410296996,0.04657488997190329,-0.009991817004922654,0.017683010145601814,-0.0592009083153256,0
0.11769971718322292,0.3573579401760926,-0.38494100996723857,-0.0477144373887458,-0.24811947472847687,-0.007005582564345257,-0.027598072026975427,-0.036890327928751104,0.11172847873155758,0.07531383528820014,-0.03112189069283628,-0.0074779971751004915,0.03886939765612885,-0.024844430221252628,0.02572986528860354,-0.07259228445760926,0
0.06573397794507153,0.35882813982442463,-0.41988299480997104,-0.04162154570971519,-0.22143085931613948,-0.02150573433032664,-0.04226714045049779,-0.04535438020851369,0.12815626296418167,0.057785918548096005,-0.012672700691035267,-0.0035689820179397045,0.019608141874714526,-0.04861919281008347,0.03936557452798931,-0.07154998981689471,0
0.061531391752013005,0.2889412750134636,-0.433033644979375,-0.09550059594123964,-0.17300525258126473,-0.003951450484931186,-0.04673138923181172,-0.05136635230403207,0.13509198406072642,0.034426160578231654,0.0025157335856515963,-0.004513851658690769,0.01618613004128798,-0.03454473075981984,0.05804245865073497,-0.06532157116013385,0
0.10236947922204957,0.28162872719410154,-0.3917111016992617,-0.05923109008005967,-0.12002299212225799,0.031175164364670476,-0.035929459462105205,-0.03374225549134063,0.14136969128631052,0.05367483530016437,-0.018615623818324413,-0.03335145801284334,0.03228888652479441,-0.013014694705721485,0.047763699920762036,-0.048848199523818255,0
0.12140115103925105,0.2813112160980863,-0.11057328894393584,-0.07448194240414426,-0.20108969371053048,-0.0014651246786154713,0.0021341572585694972,-0.002575987172181034,-0.03468528880584652,-0.012502303422013812,-0.026754440068486318,-0.014755029079907068,0.004534822297518438,0.022930623406892652,-0.03494982192136023,-0.016678205526512033,1
0.06033860660425706,0.236443675585921,-0.17721315419812536,-0.10336825842274287,-0.19306697910332346,-0.029548074067824778,0.008460581033649788,-0.015072334626428643,0.009149680063871162,-0.05746912645945945,-0.04927627051747348,0.004254366320278084,-0.022958881366001372,0.01738196894813679,-0.03554470286735633,-0.015992494153936092,1
0.06875359913203877,0.24052436333478114,-0.17853949441261444,-0.1411312683965965,-0.20898007827201676,-0.03015977491026922,0.006682848118555979,-0.016676715528188474,-0.002262109349440343,-0.058985535308388584,-0.047326291283522406,-0.00403614933958176,-0.020811896906519464,0.017491128921516202,-0.03619689830449413,-0.010616109016068355,1
0.08927425528175131,0.19254361378306392,-0.20572970691698206,-0.09781542191570144,-0.14827992435877552,-0.017687342616765325,0.010193044950923357,-0.012642548364670192,0.03425564938420646,-0.05194913077695508,-0.04566426394388553,0.003058240691759098,-0.027113262173980145,0.029835742228428476,-0.02967517939875117,-0.009463337098563054,1
0.15841241304414796,0.16609484982934583,-0.14990258197062514,-0.09335030474533737,-0.08860137953344001,0.012508670206653484,0.022067012171282815,0.0013098324740573656,0.012227502572260563,-0.018390249124426196,-0.03133538681096528,0.00014779839838852048,-0.013250311926158794,0.048500693156927545,-0.031134920849029885,-0.008812532132417398,1
0.13190004917554954,0.2233740370449601,-0.1259455928416335,-0.08304895003898698,-0.19065137911111626,-0.005832265576080182,0.009185962124076392,-0.005351678756027067,-0.01732750451559124,-0.011605460210796515,-0.032579319558782696,-0.0047186318873327065,-0.007835702829275351,0.03742144501272955,-0.033969608323988675,-0.008273643827657915,1
0.1417767777923452,0.15992385416356347,-0.15577681862774626,-0.09209674794456146,-0.23487623491109702,-0.013519577499717491,0.01621717130645589,-0.026319483006841216,0.0006792821037444655,0.007270763393796744,-0.03923378047869569,-0.0024502301759825942,-0.01351659686320118,0.058431554871699716,-0.029467728574559014,0.006631818032770779,1
0.06449344716207264,0.22041421050343032,-0.20485915889002354,-0.14127483449700196,-0.28141178890194213,-0.042793851478820005,0.003316808980712115,-0.028086247664467018,0.009849222864716308,-0.03596709482794915,-0.04978118596178353,-0.009830083752500336,-0.017371961598125395,0.01820922053171285,-0.023201602148392005,-0.00042077790987931355,1
0.10593678231818418,0.2242336225660215,-0.16415235867490502,-0.12260482410251394,-0.18579209260371474,-0.016831238163305163,0.009239487552825717,-0.007696653348314473,-0.004702805729426128,-0.04311809772827945,-0.041566476123377966,-0.007047134449573654,-0.01818931844445716,0.027606364197457357,-0.03587558059967482,-7.721512593977295e-05,1
0.08614391748770231,0.20083422677308396,-0.16546616003550382,-0.12404189385454002,-0.2031057110984685,-0.021172426400868798,0.008046802703591687,-0.012963071392238611,0.004560273804859998,-0.03643161222119201,-0.04570486474097853,-0.005177340267884333,-0.022313733798117054,0.027832219637306057,-0.029105871347118235,0.00600343564885072,1
0.10333073251707417,0.21255428501911552,-0.1941301174243591,-0.178312327893932,-0.2140062010202986,-0.02016825194709502,0.0068479424539189225,-0.014926803011206267,0.00033967467391040777,-0.03614934795166931,-0.04418764028912325,-0.013959240260917495,-0.013792627820756735,0.02795754176405353,-0.028953133416972667,-0.0004964911603159358,1
0.10948354126364994,-0.07340625539323935,-0.1951585186248821,-0.007334407639160629,-0.2508389287941736,-0.012050940006995655,0.015997123743051955,-0.11732562782905838,0.003192997627532417,-0.04487729748403615,-0.03794986152866229,0.05415677499546491,-0.07409890767745955,0.09549302163010433,-0.05136337237427477,0.02869687119378482,1
1.0230640005762062,0.15215422576982826,0.6825662899939482,-0.40249548335029256,-0.3142561466144378,0.18016270225476913,-0.1313382521437845,-0.23713046816932828,0.19012677766551006,-0.1536602561018612,-0.18846209798152647,0.1675699250133704,-0.016789382078245593,-0.07739337718762739,0.17327979677383293,-0.05783573742104431,0
1.032462108543005,0.17135798772011968,0.6940499736845617,-0.3048348442386134,-0.2630825320116583,0.1973618674764698,-0.08927123906554982,-0.18398401328752098,0.22508665587148682,-0.15500890429515707,-0.21456968057517312,0.17185012018404033,0.02797298768136542,-0.07811020843959224,0.1363365230427182,-0.07241392011095812,0
-0.3903988129296177,-0.03840676881955008,-0.6054172362005651,-0.18429647965478063,0.0329594084730586,0.07503522301649261,0.08496627794169254,-0.14737593457141904,-0.15460279889184572,0.05808116551160909,0.020457811018697158,0.18583829470331562,0.030727617489487567,-0.07355020994490685,-0.05890466303659574,-0.004560223266274487,0
-0.3965032168387872,-0.040721984268011234,-0.5380394927237664,-0.07265218324491435,0.0912056438411476,0.08141869360392998,0.00615615198663875,-0.17652990760721435,-0.11209734416848546,0.1375571056225647,-0.04740961992219411,0.15072845204847787,0.03984811004826107,-0.03376454292495718,-0.057733803027619324,-0.026507962621186477,0
-0.4739162596424988,0.0057522165352422066,-0.46296221125644943,-0.18664787357171952,0.06638697890169117,0.03605681832349909,0.05112415193052277,-0.13075540373017472,-0.1215383089296064,0.13879671632421164,-0.0829127360176518,0.09388232086780399,0.04382000889853019,-0.05168731464619061,-0.0311357494327851,0.019338363334285236,0
-0.5159805867935374,0.11498269755878997,-0.2660838512601802,-0.27059527191716143,0.04648168580032769,-0.12293733842302379,0.08897112233279951,-0.049300593944937736,-0.0515442391344449,0.037991701773363994,-0.08025730684801517,0.02552196104959076,0.003948746137086234,0.018354205681972272,0.014313865136361266,0.01843692138705719,0
-0.485639754918373,0.09970695838925736,-0.19325164618421,-0.15189333429930849,0.0018895138849757023,-0.14161334202635692,0.05206646879142327,-0.0484477370129642,-0.02527038744851395,0.002992431983807699,-0.06351473844117818,0.0140754875000376,-0.016963189151819096,0.01212354514055408,0.02705579903202235,-0.01316733914900249,0
-0.4374096842630117,0.06585087378743265,-0.1345071082111453,-0.18037469435780515,0.05093704654940438,-0.118959113055385,0.0418255219087942,-0.042988621178473574,-0.01092008107199908,-0.007648271772260671,-0.03751777889701028,0.028000590974546206,-0.007459187825525278,0.009163120581421923,0.02585081937846335,-0.02368815680300467,0
-0.43005791831768053,0.03686693415607026,-0.1578364609718925,-0.19457880271773703,-0.019978975818292315,-0.13327357448576982,0.03497655586509706,-0.05097838075588081,-0.019351935819921822,-0.005349772462551355,-0.045469833877444556,0.02355891045501912,-0.013208800273183458,0.0018024708773335147,0.020367239059860962,-0.019286183977498934,0
-0.44410110228457456,0.07770423379823745,-0.15075035385723426,-0.11284066877320584,-0.009144369765055085,-0.13477062683108024,0.03718735897960658,-0.04669406442313895,-0.017800177800353017,-0.003833424254599338,-0.04672752264700703,0.02260902721709256,-0.018203457997431855,0.005184038017431328,0.030986399226515544,-0.02679194769654447,0
-0.4549219904534454,0.09371007117776155,-0.18669826060330258,-0.12714150513927502,0.05209171075814473,-0.12915400406056146,0.04366072632818203,-0.04340058996562631,-0.016039489792676144,-0.012142591792219432,-0.05167017783689841,0.016909578958034452,-0.020072533370792216,0.010673529426680822,0.025642307691903694,-0.020231852317954813,0
-0.4762318504623688,0.11367486262805468,-0.1927244245728802,-0.057834933664921706,0.021223307334209563,-0.13571110497396005,0.03955943638451246,-0.04697573971008528,-0.024227013439811748,0.005648735066338892,-0.062311900872718345,0.013120098290831063,-0.02383059835673572,0.009592987335463952,0.034774943351417134,-0.024187988742178243,0
-0.4529196590154743,-0.04537324489238494,-0.1912762996942949,-0.2492500984673313,-0.006999923319961096,-0.119461724888586,0.006825665420088039,-0.045491164682575365,-0.03484205509846056,-0.0013968077378832362,-0.04901662570938079,0.0031609546506832223,-0.00014177713941190598,-0.010479319190249806,-0.025656961526055302,0.000418063678666749,1
-0.3933239748402934,-0.01914586633347254,0.024201176162069377,-0.2974916946201108,-0.007006408676486812,-0.05673587903719714,0.022237711748902964,-0.06862583123791142,-0.005912047385698821,-0.00210440848309339,0.010862066874480405,0.027796825178211124,0.014495580410907745,0.002119170254372293,0.009883724491578864,-0.00874934261736301,1
-0.4595330420889012,0.012098510208841316,-0.10996966744257022,-0.24904672426975413,0.0063125957168994285,-0.12084478517441391,0.02725332102842577,-0.04825023146507609,-0.017073238889123158,-0.012108382281520036,-0.028695652166700693,0.01473055834714905,0.001226442650396271,0.004934013196856197,-0.006418580502187796,-0.001597462925971528,1
-0.5032220681748166,0.04178494629049084,-0.15972259208785503,-0.2281816209541903,0.04386348070409197,-0.13067832371958576,0.03931891584173524,-0.03482201489433963,-0.015931590947400827,-0.04027478915333004,-0.03939448788344051,-0.00879647149527575,-0.009105601821559228,0.009188100869998266,-0.015979953410722073,0.01237290808263742,1
-0.4639507940715314,-0.04260080327474091,-0.1634767038689244,-0.23039781455734862,0.06219910672397487,-0.11163908727505378,0.009589634778596963,-0.024328195895756445,-0.01861967304748721,-0.05349164703417203,-0.02622497262153138,-0.016223716080045615,-0.01040696683159828,-0.0074717195216658944,-0.03461101845645347,-0.0003498667705961911,1
-0.46757667160714395,-0.01904107475825649,-0.16374347962692093,-0.1943683790993421,0.07501649274811245,-0.10991195546378303,0.011580387932740731,-0.0249816795734335,-0.016580892593166308,-0.04776224039156242,-0.029663692063665897,-0.014014755477596903,-0.012038029149721605,-0.004943415524142199,-0.0278016970352025,-0.007239514860973511,1
-0.46061562978987214,-0.030405136961917965,-0.12826427813562027,-0.21729756769732608,0.03923252408768467,-0.1143403206338077,0.0126211152727766,-0.026909419198014744,-0.016715300260062564,-0.04151170534676631,-0.019880488626965252,-0.00820848016285699,-0.007848025876812817,-0.004915412709642692,-0.023390719168519234,-0.004652657715968068,1
-0.4699290898242409,-0.017295611316150865,-0.04065397452452648,-0.2950645521585261,0.011595035195096942,-0.1075213794576373,0.02924875175521537,-0.043684361121025625,-0.0013009413495960155,-0.06537060235999684,0.015996208702289145,-0.007101905588785149,-0.003274994040122514,0.002229531553787827,-0.015971299365550033,0.010439657698414116,1
-0.3932977773775237,-0.1384287531905351,-0.020487975779817067,-0.2534179307724724,-0.05206765868266463,-0.07170322920022235,-0.007724937989213508,-0.015914585443816954,-0.024181873556501948,-0.011954177261134992,0.015224093437939722,-0.0036921430081868906,-0.0005791219016556007,-0.008638530226451955,-0.020284660006898533,-0.019122119809031057,1
-0.4391507151024305,-0.03830763819444501,0.02483120180651326,-0.25800535791845636,0.03491813260694195,-0.06723598569961335,0.02421284789393047,-0.03662352903174114,0.004837851552919327,-0.05674885582934583,0.03606927976027948,-0.001890959272310699,0.0034210313688007076,-0.0025424613314656056,-0.013264355592880372,-0.008140859767676431,1
-0.4058897754240012,-0.06617223523939586,0.03812080699310341,-0.26976218108686634,0.004056902536349746,-0.053521890469999514,0.017754931328405485,-0.03799578019500638,0.0015129180488684423,-0.044773211591141227,0.03450878109707455,0.0018529062745705088,0.003492039316119485,-0.004255793063152488,-0.011669867502652385,-0.01572210233006969,1
-0.3917446284658883,-0.09480814629187799,0.07125749744112707,-0.30415872990826637,-0.07697202643028168,-0.04520492289272992,0.013717536014175451,-0.054554873902999644,-0.0030629779198108704,-0.037862303236832665,0.04224966204920212,-0.0051466082189006385,0.0033024911463821398,-0.010691888279370515,-0.010674072382081106,-0.0044811890882266074,1
0.7385746787435564,-0.6982261253553345,-0.6247199238419235,0.16410763516733212,-0.23185363917781177,0.06673316505617398,0.11080957372128751,0.30242569435745514,-0.14865547915600383,0.3014902767453776,-0.3142675217625937,0.015196994428242832,-0.2020649043500849,-0.3137171966164281,0.04615238988551438,-0.038822968202222266,0
0.7594683525280544,-0.6490963701489959,-0.5769207390935995,0.28501058075559094,-0.22453515987404035,0.09476298961077995,0.08798038526510359,0.30015708086008286,-0.12258822153996361,0.2786828553151795,-0.256513494807933,0.07444625408199895,-0.12557629551187985,-0.2746382294202999,0.03700890164460542,-0.06527216910248768,0
0.7299865423605512,-0.7036854363082904,-0.5483084152784748,0.301507919257468,-0.21526978350091536,0.0962479617554232,0.09756352643706279,0.32978384251358,-0.09492931684617599,0.32919058603331885,-0.22687870726948572,0.07469922248521113,-0.11022722843701357,-0.30131762050912625,0.07571167360053453,-0.0672885490859019,0
0.5677017071876651,-0.6700035063423595,-0.672350966262264,0.2675612966994991,-0.23122454694002267,-0.07334561994677039,0.24477647551652343,0.29808431437935173,-0.17183021240069823,0.3377972514994399,-0.3240329131360318,-0.17238928764759182,-0.24627030246379122,-0.3060081102092799,-0.030794711170967787,-0.045318385299818874,0
0.5681928943746772,-0.6022385463280716,-0.6414359586479533,0.31639743504165924,-0.19073576495910843,-0.034420228243094,0.2383746109675922,0.2525626542500166,-0.15806267113586753,0.2409734509479868,-0.2965124380155215,-0.1360747776995372,-0.198942358519422,-0.24740791391349673,-0.07348682422785771,-0.06598825001424434,0
0.5018922942368164,-0.6307310360235239,-0.6346549398774018,0.29544692701080216,-0.19628111899065792,-0.0659065634155955,0.26929810680105837,0.24412079890415217,-0.14654159512353324,0.25225903054192267,-0.26189999961878757,-0.18159056601390705,-0.2043296405271598,-0.2534629237644207,-0.08159303402613333,-0.061558416200739145,0
0.44490880737522875,-0.5820699435931289,-0.6082141512556908,0.3514670577050287,-0.22385256542474477,-0.07467713624545405,0.27633611483331966,0.18337999123277052,-0.13054429812049786,0.20007194103110004,-0.22324103936295756,-0.18481959409165993,-0.17570667375748014,-0.19287572307615095,-0.12728657173807933,-0.06177815807906036,0
0.683387727802518,-0.5936704742434273,-0.20759766992988368,0.4038393084860312,-0.21964099475130805,0.09870400316163093,-0.09939780907384203,0.012379843730392099,0.09957445465480257,0.11586775949647067,0.09143808893688823,-0.008201529725537261,0.08993531791232572,-0.06456642174000579,-0.06737288399594694,-0.0644434908278757,0
0.4035999173908871,-0.5050751138285108,-0.44232137344739597,0.34775823892912605,-0.2563138853978788,0.06905336442165586,0.18616088333132264,0.0023284889266829535,-0.07519856430438294,-0.025882588441246093,-0.0532424834585754,-0.030214789513502125,-0.11616321736369722,-0.10374032049244115,-0.12126284734474645,-0.006988783813282508,0
0.3893568347631136,-0.661222310644602,-0.17240623759758672,0.2176909720968512,-0.43387248248994326,0.0728195927829749,0.02551274014679813,-0.10797569845894982,0.03875821268965811,-0.032694661072008614,0.13522710146724226,-0.019259729029455903,0.050559363906752086,-0.13631404186329918,-0.030450274614862494,-9.602236981837725e-05,0
-0.12319237159376453,-0.09684104714838719,-1.00588851446446,0.12945877169463899,-0.37325650135213,-0.04585834706681519,0.11479900194312007,0.21429805105295044,-0.22300033926705903,-0.18032770433122303,0.47265523764668654,0.021725827901083926,0.4035053355479664,0.05841921068736248,0.16398640350383162,0.025201692617431163,0
-0.17616662336870462,0.2715185112268731,-0.9163500534399772,0.14321014878809282,-0.3394490488894581,0.055869969028897896,-0.011349181076281583,-0.07268131911608998,-0.28945463008939254,0.12256831346083816,0.5322850901224053,0.027866578130242563,-0.04208093827262909,0.0016209128215996583,-0.0686592660887472,0.011050253607913452,0
0.016253324375467493,0.5097923072040995,-0.26532107191599374,-0.015358223915127868,-0.09300429580161723,-0.03522511962802623,0.020223000426579433,0.015309367124407294,0.03910960356960834,-0.043601892676236,-0.08282973990942026,-0.007036231760947727,0.015677488817090537,-0.026451403277695892,-0.03402471575428888,-0.06566162142076211,1
0.053530821077197636,0.4223377114553498,-0.3055144635671446,0.01973931862297505,-0.0644695957910018,-0.007756736119799627,0.0025136930654965917,0.02525016125998608,0.09635803356330745,-0.009142112815077085,-0.05617328812343297,-0.020268518446397404,0.013860767387855655,-0.04456751443265437,-0.02334290518900285,-0.07255617765532682,1
0.16650568652257164,0.2801270372195731,-0.27003206195847956,0.06518765737798861,-0.07188302220077318,0.04932038666631795,0.0074005409065160035,0.002527628406837477,0.10404743235357963,0.04407531461472114,-0.03253354847825479,-0.03375747789396893,0.03438213652935752,0.021145248519605413,-0.010779605163311569,-0.04946097847524631,1
0.19593718198874666,0.31719920313338057,-0.21175611262440613,0.021281872252659685,-0.059319559965886524,0.04468899163504943,0.016167603863398747,0.0404951569898979,0.05064386090669983,0.0283166464083055,-0.03104801415531901,-0.031353470113917696,0.040141154080944014,0.015615747631037784,-0.02558324325188597,-0.05490548721040951,1
0.03987100069346336,0.43470235984395583,-0.22965138384575165,-0.03205290835657149,-0.12860045330184203,-0.022143606593566397,0.013839130302222481,0.013828618642044118,0.029440870216917228,-0.049402522284819395,-0.06296955872704887,-0.01997558944825946,0.015837691146843396,-0.025122509803769774,-0.03206106879464793,-0.05368845533252506,1
0.11285533956529466,0.4008782198494239,-0.1663808919641327,-0.07476257407770265,-0.15739776839748656,0.007242168566344309,0.006384515857292614,0.01594800739196237,-0.024874450041234696,-0.0340502573577068,-0.03974033479208599,-0.0349496816527997,0.025924752897488506,-0.00635887478474791,-0.041503197448457964,-0.041447820080156544,1
0.07425531991521737,0.40917343932506794,-0.1346897979546545,-0.01896212264413685,-0.2278275221592371,-0.02067597957853613,0.014565251584990219,-0.010171578273872993,-0.04290588853453346,-0.05237495073609022,-0.039897865329954645,-0.0137573760737124,0.007736112188542512,0.0029716710373933254,-0.050286565781787015,-0.04735431686488063,1
0.05053462982221212,0.37944050877040386,-0.14316458939313462,-0.03744979573210203,-0.17973303642676755,-0.022827482534258658,0.01793377114505512,-0.008412608389136728,-0.02402353367881078,-0.07329389533458446,-0.04640388732880506,0.0011721359070353831,-0.004187285171397346,0.0027693905515446767,-0.05004947415855788,-0.05352842057146994,1
0.07721820088581477,0.4004821471549871,-0.14588772783380347,-0.02661173413373831,-0.20022762433432598,-0.02244005729920223,0.016698314411882412,-0.007540313990154936,-0.03591310508390951,-0.06966340373558634,-0.04286427465679677,-0.005393510637070351,0.0011937275330627577,0.005400321156872383,-0.05747920067635086,-0.0572980150186098,1
0.04585012148337778,0.4278331561559217,-0.10182525580321984,-0.03886161169789112,-0.18359056582036354,-0.009832260065936398,0.016886490906755976,-0.016756036700860358,-0.05647805362195136,-0.07496247403663167,-0.03370552173181879,-0.009168053133920375,0.00427869515515686,0.004499306163481004,-0.04666265331524126,-0.04425030579507267,1
0.07769699284479577,0.3705995049151242,-0.10696769907256397,-0.14651551989212447,-0.19782563591396948,-0.0006796181677952064,8.087176722228912e-05,-0.02226240393348009,-0.07037459153971361,-0.06352142331726351,-0.026952732977979513,-0.0282694587893128,0.0007712094541474554,0.008720783942214797,-0.05095903523144327,-0.025919367998519297,1
0.15489095938538294,0.3524358526978533,-0.04044109827622766,0.0031062630006434707,-0.12222892309251457,0.02176249820559209,-0.007581020196183405,0.01707400219291905,-0.06429218227055908,-0.004889969632928622,0.00414023613039084,8.343954013731901e-05,0.01835469322032346,0.012729490613748512,-0.02998075267935488,-0.053757724017176885,1
-0.16408543928804145,-0.6277462986086673,-0.4279011961337246,0.3685777921841938,-0.13035534364293944,-0.11999284952572697,0.1006762737663748,0.07864447181245054,0.037759953773404,-0.03861341167825264,0.15311800802869854,0.05796187654569123,-0.2170634535350404,0.12291119553758025,-0.1345851550250025,-0.15938563524547808,0
-0.41313810088843617,-0.3861936904455041,-0.7519771515110611,0.1821074755813587,-0.25254084387073367,-0.036245207685865366,0.07290887604721265,0.1589728623950442,0.10984507997407093,-0.29794914577731285,0.04650921303544843,0.2570896201936337,0.23028101206691054,0.06913930945055194,-0.09793431809369643,-0.11131928372678741,0
-0.8615760158161503,0.2059887940970504,-0.6922691640002058,0.15416054375625962,-0.3852502050837673,0.545915189761413,0.44148844435609946,0.09604834082907703,-0.16908744257167727,-0.06397881524772638,-0.15174026682370767,0.025629421899698728,-0.16444552628970663,0.1583167251248298,0.16311079861257866,-0.18359719206398464,0
1.0142426453445397,0.22905331268881823,0.7096564492446173,0.017442284590950846,-0.4508167639977066,0.1294893131263794,-0.054556914637711194,-0.12359625782052694,0.24461269511113914,-0.04318761304820253,-0.2229994930943578,0.17626844534849223,0.0976580063655718,-0.13815431093376224,0.07709138889801287,0.027505844785268043,0
1.0252888492534395,0.18274147562015497,0.7107407011947096,-0.20061265373454068,-0.270352144766623,0.1978648157300547,-0.065358099408061,-0.14377380821956495,0.2399799399582968,-0.139401852511475,-0.2166803490608873,0.16871136066464976,0.059417300583143214,-0.08798789505717786,0.10569310693460657,-0.04921744114421872,0
-0.7733507506834647,0.2553178276562748,-0.678257381863651,-0.005493955729512892,-0.023060478159101696,0.5274243367917204,0.4121423056830446,0.055694384516093313,-0.20051599128919098,-0.038364286677607724,-0.07673954839058772,-0.04174371638711644,-0.1720109210627491,0.12610091717830715,0.0606918073202979,-0.05335837226441793,0
-0.6603847182306812,0.34530801911365305,-0.5912262983905427,-0.12200853227655367,0.09776008391595577,0.27183323763959966,0.2679418862907347,-0.07813581896763845,-0.22999343997851376,0.18535946524004643,-0.02563493894554299,-0.019711384109847234,-0.11942029286765588,0.15393808972983358,0.015389968427141859,0.01591624282655495,0
1.2035153189743921,-1.1586204910840805,0.13552727181202812,-0.12909718358478287,0.10636819330870174,0.32593597702740584,-0.20638058042484486,0.5188011532318613,-0.01971590484628284,0.713396398787611,-0.31025693393178916,0.32093924269260626,-0.13634632200826224,0.927571813394905,0.2199390795580381,0.2954680925139576,0
-0.3369906738270239,0.005938259778066302,-0.33532225508390284,0.013069751264220275,0.05621544661765232,0.005320804951580792,-0.05845023708822086,-0.17749724246094362,-0.08658929714124723,0.3203016668794101,-0.13919529203286463,0.1771301935344285,0.048101035442140234,0.038447460885064476,0.03601971140806735,-0.07092543503950643,0
-0.5209186629357896,0.1593211516818035,-0.3603570134658795,-0.07110282354127383,0.035964609026696986,-0.06545360480351804,0.07270153564871577,-0.0983900339962295,-0.08477201273859872,0.10264491571266149,-0.10746952251203105,0.031421675597174716,-0.01994173589109229,0.009398599729646922,0.03719184802492889,-0.010355333529546656,0
-0.5207130622933016,0.09528217308144844,-0.23697045829037755,-0.25795028517186225,-0.042138176244333386,-0.15241625591212402,0.07715810911080973,-0.050415300865914045,-0.045094298482462235,0.01603816494527699,-0.07439382668691272,0.010535866140523112,-0.006589206485419715,0.011268503380628986,0.019417539651702228,0.022397403513783498,0
-0.4104749621171295,0.03926606799044068,-0.06257204195619036,-0.19013068875771627,-0.15198549909487802,-0.13270664604042515,0.0389271577702562,-0.07085165851585876,-0.01930694726317297,-0.0038334977912942007,-0.023321204807155046,0.024469743153808895,-0.013894622989689765,-0.00142155573889504,0.03747723183961071,-0.009565586046021075,0
-0.45078771530862166,-0.06602503725494278,-0.23507213501446986,-0.11210196516984672,-0.09390909803182955,-0.11503875790316684,-0.0340301170029929,-0.061370012539842554,-0.051292739366171194,0.011281706888469144,-0.06380104952975156,-0.010798275001075525,-0.01305581281446615,-0.024542310476414,-0.016853460625088808,-0.006572744598254957,1
-0.4849681851127471,-0.02203474562494568,-0.1860762670562831,-0.1965395884639084,-0.11630028685831789,-0.14804691045235063,0.008218862675530202,-0.057503409730440574,-0.04904779322969927,0.02642268738237442,-0.06444545315605553,-0.002117300688130309,-0.00013371694686119682,-0.01839080522073672,-0.00895596301765008,0.015884751081803684,1
-0.4916223924106924,-0.03031646949482807,-0.18828867929807785,-0.3029157685129763,-0.07349305236919484,-0.14602678567550523,0.026309572863122965,-0.05191819874024016,-0.041020409329015385,0.0038651471473591724,-0.05507068201374492,-0.0014884134674044455,0.005203378530767285,-0.014038292285954122,-0.0233984644612637,0.026961475377291655,1
-0.5059665319886477,-0.02468047379951152,-0.21044718453819342,-0.1783590824137273,0.017701778902367963,-0.1179854941779841,0.007445286276920894,-0.035202394895234225,-0.03651179442538098,-0.03031375181563588,-0.05603543274788928,-0.02643305660063374,-0.008388290078527946,-0.018201228183179593,-0.03048243697794402,0.012848353148479569,1
-0.4901231532903432,-0.08250079210931306,-0.22647988114605014,-0.20422054356479305,0.012960432103176196,-0.10750170312001,-0.010472875150765998,-0.03292252778498909,-0.04043867456032399,-0.04316178498977085,-0.050388448629111966,-0.0314815386996115,-0.008207247371460249,-0.02672604588897857,-0.04866029252361358,0.009033714311654577,1
-0.4597336872344663,-0.08230553633953024,-0.14872984262811814,-0.2741684314367594,-0.02080536343882144,-0.12549973705527995,0.004851943556755716,-0.02866696608759815,-0.0256390861734531,-0.047031153678295315,-0.02234239353198778,-0.018508905269673078,-0.009448662907392477,-0.01446984168764384,-0.03766118842994534,0.00708127021202216,1
-0.44907265264465124,-0.04612723831281767,-0.09503918161131036,-0.102905198220731,-0.019661270512397133,-0.10816284336820302,-0.007592279813768002,-0.01928671049483471,-0.0285476492600572,-0.01275680402280846,-0.013302279327037309,-0.009771677627804728,-0.008425011509957137,-0.014231954352730792,-0.010688861163050772,-0.019083466586158136,1
-0.4380469100515008,0.024686345924771078,-0.01849750134272044,-0.07719405651278351,-0.05756231067831383,-0.10292990734444703,0.024101553382508353,-0.032153036840504697,-0.014181131208082296,-0.013911897498520731,0.0023407795773338733,0.012766346512653941,-0.006964019256694274,-0.004981331559997751,0.007868064896006754,-0.018995249939254256,1
-0.4177862375812325,-0.05445748403131072,-0.007372367504783475,-0.23129111110812822,-0.11179583438025968,-0.09737756859905662,0.015279137154937844,-0.04899278616598252,-0.016037339829161928,-0.02157909366313654,0.012044694198206283,0.001830246005005417,-0.005320117737921413,-0.009268142695586097,-0.005088350722935842,-0.007385667151653012,1
-0.4331941048321318,-0.03811927760776775,0.004415412609913044,-0.14366407927417998,-0.10622766397742042,-0.09683759817327935,0.015385111257951646,-0.035167653710850816,-0.018890413681253392,-0.014188935463849438,0.01485485541616259,9.873024811780774e-05,-0.004433257258267835,-0.012402967830719041,-0.0029337518074476774,-0.0129434309313384,1
-0.4133997953024387,-0.055803263136999535,0.04810785275222983,-0.24635863395240218,-0.12078163960108006,-0.07374940358710692,0.01978567818289398,-0.05894748885684762,-0.008656723850721809,-0.03368475404967277,0.032580105019270424,-0.002620723922701823,-0.0029106053785281282,-0.010667513180894863,-0.004732638780364248,-0.004686085119979116,1
-0.406278707759705,-0.04336089989260017,0.08103400064490913,-0.18913306808582872,-0.0869913432570619,-0.05191401768395931,0.023091550002382357,-0.048077838868134826,-0.0021770887153288853,-0.03132067521440864,0.03827832085793954,-0.0008180337589883476,0.0013552129504773428,-0.010813113814796283,-0.004177978646719869,-0.0071670821920108785,1
0.11774100008543743,0.30646188200109103,-0.34267918666802677,-0.0965913721594149,-0.49805374649105594,-0.0947382722068861,-0.009072544933159007,-0.05590216112187252,0.02864141092206131,0.025826489662733678,-0.0304610776512543,0.027368594394344515,0.00869072917019054,-0.01967915242045496,0.02690222523770643,-0.00680665772954864,0
0.10329077729184508,0.38317113249214113,-0.2772139025556975,0.16338032694406562,-0.5261052491590401,-0.08857246672424243,-0.002874560044629298,-0.05927516528962252,0.04870556651515698,0.06419261713185924,-0.055949840361853194,-0.007969436514179714,0.019550513725701713,-0.007162434210458971,-0.006690303070734334,0.006174724041083928,0
0.12466960129061827,0.4214569338287125,-0.3093421377935738,-0.052485234519684225,-0.3751325079981464,-0.04531512286257281,-0.011906653638647046,-0.013498965334663235,0.03554981516785738,0.0656171496903909,-0.05582548042643715,-0.024585039057797957,0.04035189637791002,-0.035777582767783624,0.005294331517353087,-0.03653832378903076,0
0.16726772995389433,0.29889831552162954,-0.2179392702061161,-0.08557910949810363,-0.3302413854519168,-0.011703313960570701,0.001645299737188113,-0.0054480983011195114,0.0032367010402432825,0.0561246338555003,-0.048917320058183854,-0.03531191658230588,0.02483274065663582,0.024323533808746304,-0.002050920472056554,-0.006751263948883439,0
0.17164334830076272,0.2800815000995576,-0.1889906684105306,0.01892352761220985,-0.22361346662592047,0.019604817212278317,0.005997997124517352,0.01632200596965329,0.03943656490422925,0.0736195189545364,-0.04279498489521006,-0.035567537287147545,0.03379013649455522,0.0251394983133242,0.01381010910567612,-0.009428844143669643,0
0.16222042971822598,0.23195623175319047,-0.16919657262767573,0.008846133272199103,-0.23132185904546912,0.014815978892188185,0.0070621988831031995,0.004733929465562035,0.03591818444520019,0.06972202375566919,-0.041973554116774024,-0.026759796181111302,0.021560028969903635,0.037218737388094544,0.015972668667565693,-0.0010151492345984307,0
0.1710122559622074,0.1785592428300973,-0.18363943494783436,0.07026783841538112,-0.2124556581026782,0.025898831524545394,0.007532575636969417,-0.017667038061779158,0.06427840856400983,0.07769225914899887,-0.036167663671235736,-0.0233490877832905,0.01789902297619002,0.05323979644383152,0.026640971302635715,0.010651092217248298,0
0.17474175330310335,0.1436236766637568,-0.2069650332700154,-0.03387770367764808,-0.0846102734448581,0.05202806068797738,0.015417168577650832,-0.006675362957197557,0.07680303694879757,0.04754263912890045,-0.037977192289707494,-0.032598064467115793,0.008834066365591437,0.05189553695012929,0.02151964214617104,-0.0006486360960196428,0
0.19071031676728176,0.09867116242961514,-0.20397326594432422,0.008288626978712918,-0.09913299182242917,0.05459961829788015,0.019845641860635005,-0.036738686786634854,0.07712456001801135,0.049025501802089894,-0.03134171155594956,-0.026485233125652815,0.0008209638420679518,0.06909426786830965,0.018492101734465534,0.002135629083525404,0
0.17763104703370516,0.06984042665401458,-0.260912088835432,-0.07314582980950052,-0.12239192586414194,0.05583114973859103,0.013198702424316389,-0.061498697755826295,0.08711934646588818,0.039796212509416964,-0.03847628615378512,-0.03745454571371085,-0.0017301192164070594,0.07586450231593732,0.024664501075128634,0.023579371730875535,0
0.16282889004318468,0.08065311206292669,-0.2557929655114373,-0.06558415154410277,-0.16488919704152813,0.039597302319067905,0.008196971315447745,-0.05797914639831851,0.08026486857379048,0.03603143762619032,-0.04216465005490574,-0.030477989561207786,-0.005150560676690774,0.06951569514174913,0.02452972552056731,0.03394868445715451,0
0.1616167334373131,0.11136300121256325,-0.2180934484424268,-0.04498248196711141,-0.1780189190917398,0.03571007836377531,0.0103058932923542,-0.037095702150489816,0.07129769595227653,0.055764307749196405,-0.04356443173334938,-0.031409201228938755,0.00426216786833648,0.06251952917221111,0.024422488934220138,0.024073412998252258,0
0.16064678026255816,0.1380985874344979,-0.21399593802584382,-0.13650123253433713,-0.11065289546384775,0.031211213792988746,0.014322947358891726,-0.006911703973743571,0.05705975523903163,0.018290725586660252,-0.03839905731702699,-0.03846545446493355,0.00034288190534371564,0.0484803606143172,0.003433906681251681,0.0256434189083918,1
0.13864162284119563,0.14625127718037184,-0.16897460986143573,-0.13256544899259726,-0.1353260525807301,0.015727083747564843,0.0095138085742184,0.005814556947337081,0.031525690039627956,0.005979419129186612,-0.036459260169855,-0.03493678795263725,-0.00685871680607893,0.033436132091144856,0.0019681853713731613,0.047058224062857215,1
0.15662644544848991,0.1800485644364737,-0.16756125964300989,-0.23206057306928582,-0.12048927708704445,0.02170117813779297,0.006189254533755654,0.012501834571037094,0.0014291295282219643,-0.004553734321062288,-0.03256238131140536,-0.049802982629569864,0.003692271802515313,0.027733810041389168,-0.0059170018220684704,0.03925291853580377,1
0.13725777153249583,0.20355145681600928,-0.06966371127482861,-0.1755558485606053,-0.19167544858369123,-0.0023264617479627223,-0.009851919063550537,-0.011089600528980411,-0.06052543433803077,-0.022954575161016174,-0.01467752706847484,-0.022670285355821156,-0.017652900149606975,0.02454054025443488,-0.027176986259296366,0.045674710404918425,1
0.14844891846643538,0.20562315616103136,-0.008649391697716372,-0.138588572465747,-0.15424745463573356,0.004339096337649069,-0.024110755800732117,-0.015545832553937192,-0.07475515403088495,-0.010038188097889512,0.0027086213291731788,-0.0018743240977239638,-0.014077849833032436,0.019821731557148323,-0.021370429132483527,0.034970397203739886,1
0.15473374913259602,0.22489591464498887,0.010035412062100062,-0.19016124674619617,-0.13148646921748425,0.01941645280723372,-0.039302569238690466,-0.02326627055338668,-0.09115575678573816,-0.009635709433613391,0.014030413409192788,-0.017530975182717855,-0.008269656270640658,0.011470432059741829,-0.02189485303268524,0.039545834911003726,1
0.21413325968609626,0.08785114079881365,-0.006352526500606513,-0.20007690769913522,-0.10848002004517468,-0.0031440653262624616,-0.008526606066842475,-0.020885438373799147,-0.06539147841807545,0.028265986621255536,-0.001431099364775341,0.006530258692099059,-0.008087359999767339,0.02142980688190442,-0.008889088894164732,0.04983789316368092,1
0.19299213942854954,0.11490099008302071,-0.015679613541211432,-0.21184663131888393,-0.14151762136043944,-0.003559006071005419,-0.015101113399800104,-0.022906160979264293,-0.07616075545039984,0.013035838899859872,-0.00345336770402008,0.0022382054603470934,-0.01593007690591988,0.02700148931255612,-0.0173951380341796,0.057186031111318966,1
0.16514686256238464,0.1307680053481392,0.010889882465282956,-0.20633274886845657,-0.10890955694133393,0.0114267849902501,-0.0266631812426141,-0.018468051250185875,-0.06989480600163182,0.011853702856121811,-9.859368324815979e-05,0.002132920726738526,-0.01179416132148645,0.01514349399022027,-0.009619658966993226,0.05741276777637795,1
0.21327658847098246,0.11677237024586097,0.0577665672465379,-0.207311384065641,-0.11579096988276949,0.00022809019121262477,-0.052114939813361974,-0.04123859127081873,-0.08535758677569454,0.05430525125824629,0.01126749847293603,0.004337657878786391,0.0021749593368892237,0.002517219604591765,-8.357321582994741e-05,0.0488754194626922,1
0.22711794106765718,0.13280404400625537,0.0594264330851541,-0.16494657341795665,-0.09641985159716397,0.0008471614160157001,-0.05092594079201959,-0.03273178766247526,-0.07654386039636371,0.05920949630924767,0.010243371379806077,0.007677005854501206,0.008897478340162085,0.00360316409071481,0.00011522762572141316,0.030644288045826522,1
0.22108247759915087,0.12993694792915764,0.06556610516421463,-0.17840273634578252,-0.14954753502821572,-0.011147997424436245,-0.05983324852247775,-0.050026343318194895,-0.09307641215872098,0.06206912657425036,0.01509652373696282,0.010161310629963357,0.0011742058622755227,0.0068444986086453495,-0.002164392630642754,0.038441312536940234,1
-0.7865400618742572,0.18972988961983808,-0.7982852424940854,0.059319044911753264,-0.24860383583711493,0.6054150747827218,0.6246835512457127,0.22275001271941858,-0.22474524932064027,-0.13850347828765971,-0.06448841431775927,0.11945491795886569,-0.17543028028761176,0.11370133044022246,0.07370347509163587,-0.1213772194502163,0
-0.8645020083191965,0.2962965148799426,-0.7909978445902555,-0.05582842276101291,-0.16924337836313225,0.7095881946140025,0.6593265835351654,0.32931736904357245,-0.25270159260529557,0.033516965360416276,-0.09872479458010869,-0.0406314086380598,-0.22657509251607388,0.3019236957575007,0.00590021913753151,-0.0807080941316375,0
1.078461726643549,0.22022056953261304,0.7245998193038037,-0.22282567297798492,-0.0461842965369346,0.2794659119085976,-0.05211037838366183,-0.07880826988828012,0.3595204760559202,-0.2317302126771348,-0.23405979212409952,0.1971276821369366,0.1452577306729879,-0.02256775747873321,0.0504043004119065,-0.07836101148820465,0
1.0651212412911348,0.214083548497818,0.7208694669505922,-0.25678558236943083,-0.09916231532728167,0.26125333726972,-0.06854244431818379,-0.10856087019947071,0.3369360504687885,-0.22000451040071958,-0.2231027424510296,0.2035947789006181,0.12695746804687474,-0.025686842135073377,0.06825618682767594,-0.07697564956116659,0
1.04053385438024,0.15215984774848612,0.7172140833177495,-0.4753129929681834,-0.2510979859125371,0.2354231078010453,-0.13926133650773997,-0.24610732617995149,0.23085887835900237,-0.21459305371334944,-0.16752694988307792,0.1988324242521932,0.02151793019400967,-0.009415360815574788,0.13984957929538214,-0.0774135403260748,0
1.0346306895992867,0.16415097478636884,0.7017082053940993,-0.41617285573318574,-0.24620470546825168,0.21592498253576342,-0.12620335254003848,-0.2206802988647072,0.23334997522858142,-0.19196326397601082,-0.18571742236155708,0.1900187917748298,0.023407980854585536,-0.04009244380755941,0.14384266504795512,-0.07593964395074679,0
1.0382703240790971,0.16061969249260016,0.7449488672881596,-0.4070224584504554,-0.20295131957168847,0.2625843307694669,-0.10632585873542919,-0.20305684077740005,0.26050348593195893,-0.2270205981800425,-0.16989939068379017,0.2066034323192178,0.07450978390146737,0.012282621734460679,0.0966458668386852,-0.08689097028687046,0
1.0584094499702383,0.17093357449997068,0.7603847423594438,-0.2876851709430177,-0.12401212685607757,0.29465181200863283,-0.04591204830862805,-0.1283412884369609,0.2894699463274764,-0.23281475583821368,-0.2016345738583923,0.19082312246830346,0.11984681391744684,0.002663650631511295,0.05424917953942752,-0.08198716265873957,0
-0.23492692818234143,-0.04003968814801126,-0.3406915252504338,-0.06857085523682215,0.2101397895551712,0.04298270857892518,-0.03566435439680538,-0.17007673249131638,-0.062326675257096,0.2704673745709431,-0.10687875828800718,0.2008212205430057,0.021226526724315704,0.08711101444321866,0.01725865728052235,-0.10651821789720613,0
-0.3558683715067718,-0.048785678606662004,-0.45700270975952084,-0.0073691052491593224,0.18458638850152959,0.06871709475229451,-0.06107881150389776,-0.17833846311585588,-0.07472658494137294,0.20028264255089964,-0.08147525948830357,0.12793303919935212,0.03574895458113473,0.012922408889496563,-0.038451229078119695,-0.0329849787203662,0
-0.49670152165846065,0.14411387827510688,-0.27930179791808424,-0.18640562412087833,0.06126502746234076,-0.11689763141901167,0.08160097537607758,-0.06327063215546104,-0.053575334979891455,0.07033097451662522,-0.09047361800954794,0.03771423027676583,-0.003176768699537083,0.02104262535124545,0.029042714433004175,0.002753765168893784,0
-0.5133730801850841,0.1757971078754932,-0.15541340830627573,-0.17670221778492765,0.011357639178960812,-0.14865181215613177,0.07419654011129764,-0.05049025693931127,-0.01961603246774858,0.016560912728013057,-0.059662453636440876,0.027532088946331662,-0.008733354584214611,0.044644512153981505,0.04548596127614936,-0.0004512176302563196,0
-0.6124946358898048,-0.02493752939212765,-0.3246323437098209,-0.1700632140969233,-0.029778922562206125,-0.055092757194358286,0.03161469529517663,-0.05186565989286387,-0.08087791794094416,-0.017675881513207044,-0.11437198010302883,-0.05932002091300968,0.011668861148538745,-0.05478693692323792,-0.026903586451744028,0.0676757417615119,1
-0.5047468865161514,-0.0667855848357777,-0.12339434474462249,-0.3055387009744581,0.006896904921927503,-0.11879102316925684,0.013559452523481891,-0.03349480861538532,-0.031035843717096525,0.004117009619699736,-0.029406775418248668,-0.013750075484719368,0.018134878524309922,-0.015712876102199468,-0.031242434057613996,0.013917362306653145,1
-0.5163153875651503,-0.12899356360643563,-0.19726970189802492,-0.3374782920651469,0.020433990925307025,-0.11425474760597203,0.004290534296220853,-0.01856426133973499,-0.042888055883031746,-0.04461378349306206,-0.03811474694262166,-0.03884750410478384,0.01223214975980701,-0.032762031031356505,-0.06863739267085477,0.032271141791806054,1
-0.47591653323383404,-0.18392221346990703,-0.21089779661130212,-0.23561430295001776,0.006657067429694827,-0.08911353109722521,-0.04568530395183166,-0.017798163842929784,-0.05171538591799448,-0.04106716728726302,-0.03350982819706259,-0.041952775834855634,-0.0006837346855773397,-0.030404979652725764,-0.06757108045571546,-0.0003215473638907891,1
-0.4484002475259078,-0.10710047547763744,-0.05260034912660298,-0.19648085868467613,0.023959564180684838,-0.08522493124354301,-0.007095121588855426,-0.0017027961516485265,-0.021985257865569964,-0.036869082822715143,0.0148717884301945,-0.019136112534166406,-0.0021496399208413212,-0.014687440441370355,-0.028359835705894756,-0.024164229471447134,1
-0.3960168400167011,-0.12088037011309789,0.010832776177304358,-0.22136622750364213,0.02139183464501429,-0.05081220562751729,0.00030992269499194997,-0.0002468929840590378,-0.008538756546030861,-0.03954037455355132,0.03251846794677817,-0.00963932574705929,-0.0023636515571587207,-0.0075164623588463535,-0.022183109782449195,-0.02920014668325452,1
-0.40883760732459967,-0.10617007873978014,0.09342716411953025,-0.29425057733061516,-0.026337268944863865,-0.031273686412180195,0.015523881303944422,-0.03993261650098665,0.006888429238976712,-0.05866778579705032,0.05627668960681971,-0.015445350287923619,0.0043732533281509774,-0.011255472541524878,-0.022105071277689778,-0.011661952330994775,1
-0.4116287140849913,-0.025371276105083638,0.16338046122566194,-0.25737239726587247,-0.05962838017985376,-0.004213128996790704,0.028097166077903753,-0.08662464700089512,0.019253847639545983,-0.07414130431480498,0.0618588906368562,-0.015421929261615569,0.0036310977728203093,-0.009168039896313795,-0.012079562202069731,0.0007810943065005408,1
-0.37655342427249666,-0.10390391378339515,0.14548425015095406,-0.3297652590661214,-0.05795806577835447,-4.373981880248653e-05,0.014185661144136684,-0.06743640842756073,0.016201453431460507,-0.0730761439271489,0.06531062787013352,-0.02282570024485546,0.0035654203684846826,-0.01301682903736893,-0.019380722866265555,-4.322484957684696e-05,1
-0.37328839800911784,-0.06809022508487357,0.16541217887691664,-0.186702634094325,-0.004053611042514646,0.01403880210554363,0.023393335660273473,-0.03526480851493337,0.027034708088451626,-0.06157938075214368,0.052209273525947265,-0.016780542676055374,0.006850291951164777,-0.006715003168881508,-0.023298897259868286,-0.007161592243533315,1
-0.3484634922221638,-0.11514436187708385,0.19583445050275541,-0.25470004641574157,-0.04946996752970069,0.03281849971849254,0.009385643822569787,-0.05137446124968008,0.02810673451512532,-0.05342877056583691,0.054998299220155214,-0.025509315139694604,0.009487511562951868,-0.010158533994008767,-0.025160732510906468,-0.0010232259933509007,1
-0.36982618552430935,-0.05617319082944835,0.20298984727936686,-0.22582998234220023,-0.0016214667600909745,0.035361942374814874,0.02243073192123815,-0.06369268347354713,0.036494841851668756,-0.07031637807994132,0.05445350084649186,-0.0223485736385269,0.010527468402994936,-0.007357735915221841,-0.023847679345094214,-0.0012739669238441566,1
0.03889919611403958,0.36757701349948574,-0.45794043550439983,0.03714871724132398,-0.4781034055630544,-0.09956793333993758,-0.05643039322428509,-0.10810539768363527,0.10813027668786933,0.08574392535758461,0.017308518529512172,0.02895124455422136,0.010925816776336968,-0.07027694246550731,0.06950276343584723,-0.018308461634932143,0
0.14960933340523908,0.3266022447608801,-0.2553621904588986,-0.10718467269642207,-0.35427351754464026,-0.031146464312236728,-0.0023199052976964184,-0.008721792006301658,0.0036453461376270264,0.039572206227437366,-0.0484537375831957,-0.02770084400973125,0.023559361028982782,-0.0011499991048493697,0.0026056535084500684,0.00015897496320044222,0
0.16729506583540285,0.28878322610741114,-0.1989396254497277,-0.13910735259489343,-0.22009856486125182,0.01227671405423306,0.001459698348306162,0.019197154928455716,-0.0020309570117018217,0.03973831063769892,-0.044858301504669906,-0.046110425172834105,0.02463378893529934,0.009345375943783062,0.00575498905523807,0.009162471660443938,0
0.20466916727180742,0.1890537108016544,-0.15695975210987814,-0.13853994607346623,-0.17907892286955626,0.018165758129726893,0.012844445251269208,0.009273170295700055,-0.006783648191907087,0.052627274736081794,-0.036062100975161236,-0.034246700916330704,0.011810045216081767,0.03870214600163471,0.009920683266047009,0.03949430179564649,0
0.18611079661050156,0.1607273947093066,-0.17473957081447353,-0.09008753046153335,-0.15026167561646334,0.02708070881012882,0.015557655858550637,0.003983190895242122,0.031080011527361052,0.051449911590730646,-0.03864724149889088,-0.03256595540283439,0.009893694294021059,0.04150184154822375,0.01947127007208643,0.036465105096519554,0
0.16358036846606466,0.09346578707133843,-0.21982039776647583,-0.10584198878151195,-0.14677639563508674,0.03579298822272042,0.01527958707191813,-0.028542606664690225,0.06187512315361054,0.04359987294246037,-0.04216692370975597,-0.03405512195030785,-0.0003277820901576419,0.05596597572957205,0.025116215561949252,0.04106246323963272,0
0.10594894994211007,0.18762878151759624,-0.1510693665495787,0.08193515774753132,-0.24575536132677145,0.013920610133047987,-0.005499278999490711,0.000527911491406702,0.06013973786488383,0.07501289974359036,-0.0390566978781899,-0.031216171768104563,0.014890647705611673,0.02452438434250621,0.04271294204125513,0.032477012286791916,0
0.13055310321376878,0.13791423288421947,-0.2298961354205003,-0.04812021245519156,-0.14058931007818762,0.03982613650122126,-0.0005285158090036903,-0.018034364334796826,0.08701110309433431,0.04379673705348163,-0.04484347616253342,-0.04076608605202159,0.006326439518488581,0.04299397398854548,0.03174089244295834,0.017714590698793057,0
0.14897004388450577,0.12462323513561537,-0.17421614596886453,-0.058172679839604724,-0.16045084452463235,0.03469962236565517,0.009211623895517607,-0.009384185944914148,0.05732995294266376,0.05902336488269668,-0.042067121068839274,-0.034075693155830436,0.007445732174566479,0.04736019542968385,0.028172514073253503,0.023120942614809077,0
0.15374058799820345,0.08052235114492623,-0.17218828676628167,-0.11257914504158244,-0.19748302728237685,0.02319287120480837,0.01427908240577937,-0.02409356510199652,0.04038801468157187,0.05719278839406604,-0.043613995126763845,-0.031155557917652173,-0.0014302241272630969,0.05385121060203791,0.024295672300959515,0.04764475757293885,0
0.1666538256661039,0.05123258103373529,-0.21249880299474197,-0.02269626546268291,-0.19348083523659332,0.034491684950003154,0.01232746765031062,-0.0648942586185413,0.06349912547193955,0.04363634995647221,-0.03796767712449284,-0.025651434635252664,-0.010946905459601405,0.07373541692657468,0.019440240232983658,0.04313913126908492,0
0.15574031577789182,0.11212761189565826,-0.16325405848007765,-0.09071562956231523,-0.1851953505979024,0.019789216949141774,0.012350833364521776,-0.011097891380689966,0.0364855086900288,0.04815775438771647,-0.04213655919664383,-0.02769065838077918,-0.0021064138627629185,0.04785672987559018,0.02138107064353586,0.04204766004035571,0
0.2010710818196041,0.09367135806609558,-0.10887115177652384,-0.18789108931949475,-0.15764453809293005,0.013628090441966107,0.021947422570309533,-0.014592831088903762,-0.013852498709229345,0.04575229411624734,-0.026388059908385178,-0.02226278736993846,-0.0033045677846460404,0.054503339436614284,-0.00988878513189319,0.034418820170821776,1
0.17850769630488172,0.07374991951290066,-0.10657402613479197,-0.1454518347806979,-0.1452726929319665,0.004580173586474604,0.02424964595854943,-0.014264291108085815,-0.005648379788193571,0.01700049189246433,-0.026626668449124365,-0.0025089240177150005,-0.020180284483180513,0.054352224032645294,-0.01425931618436093,0.03747449462714722,1
0.1749393464226598,0.1402449676604366,-0.06440542256192702,-0.15065177040631514,-0.0875337319711097,0.021394370370006313,0.005646509441592995,0.01005809402736043,-0.022017387323956878,0.012299150808304068,-0.01557151031334129,-0.01121978030867045,-0.004874634811441446,0.03231755738761699,-0.008508683911328153,0.025270298022851002,1
0.1522958372587756,0.147987367880072,-0.054663620725109156,-0.05370201399178457,-0.22338238910611677,-0.01140870383899349,0.0015636430696224545,-0.012658529312516258,-0.026140911602900257,0.029576298146945203,-0.015838281452149237,0.005642916362753218,-0.012536691662772772,0.0472062085813604,-0.00900951819331638,0.01325745658049443,1
0.13059299678266822,0.15619083881123078,-0.07592651340850524,-0.2180826036635802,-0.19558884736150706,-0.0024590775596633535,-0.00425754780389372,-0.016658584139807434,-0.05124885385107486,-0.015374034159277872,-0.020701721719763123,-0.022164143930862672,-0.021451482290533903,0.03327795471161401,-0.025823885931624675,0.04542877487938345,1
0.1289383429620961,0.14838627133172252,-0.060400477388383396,-0.12463706584353973,-0.23486929128990747,-0.014120014642164083,-0.0021073479480560975,-0.01905721604448974,-0.040003483161709215,0.006081568302475753,-0.019803335079973422,-0.005829527020805899,-0.02173249238560641,0.04039996539582209,-0.018207669612848785,0.03378323108347454,1
0.13628806619260306,0.10522655377574164,-0.048219325461497584,-0.15345987907183686,-0.20985625208018718,-0.012828488886593296,-0.00016257458975771382,-0.020814279558640746,-0.04241404241684031,0.009328457320069872,-0.018934261580299757,0.0039476540962919155,-0.025658118351217462,0.0406155802638954,-0.01586018310289966,0.04527511818421439,1
0.09641892296604744,0.17607078557851186,-0.07549588830055635,-0.09549600741355826,-0.23998104981027116,-0.008700788077799419,-0.0035248069024924854,-0.009200322461674614,-0.01794469514963761,0.006495206973315533,-0.025123134913160466,-0.02149800720778126,-0.014819182945413513,0.02677942254846938,-0.006813133366031299,0.03462684303470586,1
0.15075407636587626,0.13439257900462914,-0.016945766672965868,-0.04933163804370106,-0.23445479249964649,-0.019287745635690523,-0.00911746007654736,-0.02046975998994457,-0.041102017666927025,0.03670094373983128,-0.007555317938448361,0.016235143905343075,-0.014586893754338182,0.04197036805261473,-0.003562023770457541,0.020690318164358804,1
0.16772992038222206,0.1074557537811838,-0.019100719451610057,-0.12855388980657556,-0.16203214576449051,-0.006150136686859788,-0.004765565345421967,-0.015885464286876972,-0.04568346843884813,0.02210012292504282,-0.008965357252861475,0.013407337110581275,-0.015931331255167346,0.03564024958293511,-0.009482031175590698,0.031707355070023195,1
0.15813250751655578,0.04647232747198078,-0.026278299329556987,-0.05873346559222484,-0.241445721691544,-0.034805483348754995,0.006885344977644338,-0.034583383787880916,-0.034659062929338125,0.032683018424555746,-0.013295262558002419,0.03878601776620584,-0.028370334447976774,0.050049564956264565,-0.0064795151047978795,0.0352799520209105,1
0.1848492444496531,0.0875579328931045,-0.009676479659827947,-0.09250601489930335,-0.17128480577129312,-0.014701617030574172,-0.003307066696553768,-0.019610066191701626,-0.04084282502050706,0.03846680810655085,-0.006032573504326303,0.021631659229046103,-0.012637622247143104,0.03594244973494255,-0.0017424767623402861,0.029219080375462246,1
-0.07517621650691994,-0.7049809263864651,-0.24385307245802637,0.47087707236301235,-0.20754232848530105,0.0353644779922969,0.24130263669181587,0.02872276655028154,-0.04020711892025275,0.023723493684019072,0.19364999474764685,0.05787036480448408,-0.1520453562278117,0.03247527131434664,-0.08454826107045231,-0.12841152257882363,0
-0.2560001154689989,-0.5374992457880604,-0.6703175104858179,0.26672279515629155,-0.12916169277310363,-0.3028256465432987,0.0013692363616989,0.12855381700791907,0.16784268442213932,-0.12012199166164836,0.044107181510122294,0.15733925851013233,-0.012651256020725707,0.22912332726638654,-0.1801138589960334,-0.10997903800765245,0
-0.36492328348603964,-0.39422397401918985,-0.6638623380618619,0.33699504762283555,-0.24057290858209282,-0.15145468187682345,-0.09331149480454035,0.10442127097605547,0.1855775375169476,-0.2563630143950482,0.053635270953891395,0.1692685535108733,0.043820177842354396,0.23013655788820483,-0.14599439759803967,-0.11324551186882137,0
1.0680295875380599,0.2010926418324596,0.6930754700997387,0.07465304509849076,-0.39451466928120993,0.15676741118757379,0.0178423989672635,-0.08965627254240757,0.21507316626976786,-0.03691140802664487,-0.287573861884522,0.10850632851773531,0.06663010375003875,-0.16307611427639243,0.08330917026641164,0.005008596527613478,0
1.0828307357348794,0.1645179016937538,0.7049589889432507,-0.13512233891500475,-0.09431762465256364,0.2558387637287058,0.021500005929929435,-0.065320132037811,0.24972708577580352,-0.16516177536575222,-0.2853430334776206,0.10224675215176127,0.06006387050752046,-0.1046659969635937,0.08550652028806317,-0.09340623202188536,0
-0.7880575496489972,0.3551685609022846,-0.5892339060408628,-0.03321448099525137,0.012590744309145478,0.42454839063757094,0.25801361417038265,0.0032895761639712283,-0.19080063626184146,0.08264589404884384,-0.07209991229765886,-0.13823090355655432,-0.15917781296733963,0.2208576710628747,0.0851795055179586,-0.020801944320376704,0
-0.5643439886289923,0.16454904632395448,-0.5978095197703918,-0.046725805296420314,0.07356444979903688,0.21734277309677077,0.18469248061245933,-0.13156290813677513,-0.1841619559255846,0.07031462089677619,-0.03149379174512318,0.058899254267934326,-0.05845528547808905,-0.028790208877625928,0.014649787964260655,0.0048721753217150065,0
-0.7917715225149328,0.4812706267997984,-0.42636617780191577,-0.10476080610079586,0.09294320233419336,0.1816312424588009,0.15074057739641433,0.06935359992257632,-0.12674856308268395,0.2635914533040785,-0.07980879864296794,-0.15109032257730143,-0.041735690242794554,0.32330113506787156,0.07176962448319728,-0.03583963133055069,0
-0.34837855701961057,-0.0009294004247730045,-0.3323383408973258,-0.2297422176682013,0.058638687510003666,-0.03692749790058414,0.010283380202720153,-0.14186602282549554,-0.0891397096345761,0.2917227334138212,-0.13740710440670653,0.19145002964043875,0.06002577903645958,0.02714879435837431,0.018340373264157248,-0.049580632371110864,0
-0.5068657919537837,0.136056932935963,-0.2805769385763616,-0.051574317659126664,-0.02221364630575806,-0.11526725516944274,0.046086229459912115,-0.08349839980639395,-0.06442940722405044,0.09976252622470448,-0.11126284582059051,0.03139490612385497,-0.012719928550127425,0.004955839935727597,0.04818601799571801,-0.02147941870772408,0
-0.505693195944355,0.09149207341165179,-0.18871704063166236,-0.20020168391100235,0.006115907709532915,-0.13601068062168895,0.0569052829174453,-0.05031650002902005,-0.03290918985463623,0.033669426551089114,-0.07241956509724083,0.01993981062399436,5.676991153583566e-05,0.011135606916491394,0.025059794097618375,-0.00423034972441108,0
-0.43915566969500797,0.1027968395949379,-0.0578917021328674,-0.09031174611576137,0.03084798539147506,-0.10404790651728352,0.047408294290046005,-0.03929781544243996,-0.00803811334929797,0.013292187711186525,-0.02206678315904488,0.04181383298301904,0.0005848973433770936,0.007065295422040658,0.0472671301233141,-0.03059340149521296,0
-0.481309644377338,0.004139864582051517,0.033310471884283335,-0.0805644358571821,-0.05219430094526969,-0.09341780738949586,0.027966921591810696,-0.02252180890453165,-0.010781245854558013,-0.027860194580652656,0.029170387013995793,-0.004303471419419235,-0.001271705715778535,-0.009438569479924611,-0.005391643100738803,-0.01202101395922114,1
-0.47922818446323145,-0.03664170135655642,0.007809373980788632,-0.16282865236270905,0.011564117172570243,-0.08755176054996283,0.01976258549201405,-0.016608010758537697,-0.007790663392862102,-0.03896749859565036,0.02879689714720185,-0.009781511899910075,0.0018520792071896033,-0.008872170128354905,-0.016399753446527207,-0.020143801850099962,1
-0.4802146299190406,0.008888242593434887,0.03175634814930725,-0.12623655685044366,0.019215836507517507,-0.0813814393962769,0.0315100856623708,-0.02278157807244599,-0.0003161636439526342,-0.038352348191366493,0.031402979154036066,0.0003877994705278999,0.002708047118719837,-0.002649903612754583,-0.007791351945020322,-0.016437626838522967,1
-0.449424904310775,-0.03774063474148918,0.04329494173971461,-0.22102273900375802,-0.0019376999510682523,-0.06751563207118534,0.024617034030016884,-0.036322023014791614,0.0010732388085226226,-0.04847292654384318,0.038194158991980025,-0.002318647607891701,0.003335776077074095,-0.0054768369469455755,-0.013238051041074424,-0.013275877710048983,1
-0.3947138592896627,-0.06489730015478914,0.09701179631177964,-0.17516154688259597,-0.09910401412862238,-0.04026304263378952,0.019459178814233934,-0.03927049833291581,-0.0021337264869554107,-0.029317612493447835,0.04052770536841789,-0.0042666879509519725,0.0005987665986349299,-0.012041302164153951,-0.008717232734750207,-0.01440534266527952,1
-0.41461014883402697,-0.047508684825565105,0.0968446780220553,-0.21423297735755267,-0.041490597066728925,-0.036883418018673744,0.024063431921202146,-0.047422933744297256,0.004828258595221498,-0.04002439824486688,0.04410968596924602,-0.0017534667100253174,0.005979694812516413,-0.008607436487822445,-0.010021129417274108,-0.011829225892002061,1
-0.40330518064519394,-0.07903959807528618,0.09723330280996266,-0.2879587667562387,-0.10712265272448311,-0.0415591892662635,0.017333446706501845,-0.06686640477713536,-0.0015597967504014498,-0.04080926902942942,0.048627405537936784,-0.009298742504817029,0.0032386598256835502,-0.01358749182228856,-0.009162333703552608,-0.00011883365184010394,1
-0.38825439634274145,-0.05417069292650127,0.11561346258960693,-0.1316788506324577,-0.04017209672269466,-0.021678251425095926,0.023621385273459805,-0.02264649799731376,0.008386322253682747,-0.03842814892207839,0.043364441072643645,-0.007256307808436994,0.0027877070447729453,-0.009849157736204603,-0.013088725037138442,-0.012146491598710007,1
-0.3882797063398219,-0.09898976436790655,0.0920377723979143,-0.14912738449482904,-0.08998357029128302,-0.035425611798393104,0.010082948480265492,-0.015716992970509092,-0.00878679955673218,-0.01620370615588891,0.03864076878531721,-0.00853377441266364,0.0026883215702263727,-0.01416180398682107,-0.013521320897948776,-0.013216027361216553,1
-0.3693528272480691,-0.11704501732656368,0.07797355345884885,-0.09284365892528391,-0.08520845197834086,-0.028986402332282744,-0.000284785195313138,0.007892228381232658,-0.01586071817724373,-0.0027373792680456476,0.030822714931355216,-0.008836440933311072,-0.0005758410430879264,-0.011087408170720962,-0.013036708067134408,-0.023637401307607657,1
-0.3805248311967106,-0.1458371850210418,0.04909376285807314,-0.18040359920052626,-0.11994106800355753,-0.048094868555465006,-0.005431569554006741,-0.006198011149410111,-0.02326129228338392,-0.003793963897901191,0.030278643145581707,-0.010672930081378203,-0.002168409608713873,-0.01448614744448666,-0.014687013295787133,-0.024489204695139696,1
-0.39734482804246113,-0.12761951785571152,0.0655822798185014,-0.20004640288477696,-0.14588857723832677,-0.05500632365063795,0.0030016397840293063,-0.0240376535183895,-0.019816571734902196,-0.007830623587472045,0.03585548246118941,-0.01241162842872465,-0.0001163226978770752,-0.018192312872559405,-0.013642666225193317,-0.01604549813589098,1
0.8933245773914756,-0.5312693820945776,-0.2940095899744523,0.44789140021952606,-0.1169971871980999,0.15363240463236502,-0.19354024446098714,0.1362375480800672,0.09964604217461008,0.20748971645777767,0.018787104196416906,0.07505363852958688,0.061233470578792096,0.0008822113857609737,-0.033926615169213026,-0.07774690897579553,0
0.9231268849618226,-0.5722027577139117,-0.3201455980625644,0.2211460838675896,0.0642813473370759,0.18490746583887868,-0.20315586858975881,0.17893514984773962,0.08443188095045748,0.12564255092706025,0.014918106263681705,0.10450198865838428,0.03495735446860588,-0.0060040918755694846,-0.036244731870582324,-0.06922386936247032,0
0.9282734653420724,-0.5874437228992503,-0.309136613443747,0.22844413034996827,0.08403289357541557,0.19157892850857858,-0.21121241364921747,0.20074747872534038,0.09972643941004934,0.13606571556463146,0.009470166012357246,0.10413376422705291,0.041008585347214466,0.006768795703257362,-0.03704937075247987,-0.07148977052869508,0
0.9272701727022328,-0.6061462788210574,-0.28806379339954913,0.1929273217517772,-0.039989151725676714,0.15823400924275302,-0.2197175842295969,0.16118809332376352,0.08206971986491729,0.17128668892417753,0.030595018098924346,0.09053096681088867,0.055656632498937875,0.024344268886525813,-0.03903202033122098,-0.06162932869274489,0
0.9034049194457132,-0.7065156409054334,-0.3300486981758843,-0.17516189296143606,-0.04185504347680712,0.13792387395703296,-0.18137488980530467,0.1081889323698837,-0.008110213418962278,0.12938324311796962,0.04730184654431152,0.1333302706193712,0.035136893146804765,-0.02132827533885256,-0.03604012737350094,-0.06753207469868645,0
0.9207030171222139,-0.6864369119365108,-0.31392081896283025,-0.10817342435222388,0.07988626145163936,0.16691266293650675,-0.19714934595354688,0.1565308732740403,0.035323584928370115,0.10454618625829991,0.03306958893026982,0.12537835831944674,0.03423304870740336,0.0022729275611805748,-0.042454785871459406,-0.06694417193720717,0
0.8971581627873492,-0.7270385227742642,-0.3399715550816217,-0.20955756069172218,-0.0126234262753245,0.14107359621213378,-0.17581637576235337,0.11928256397131491,-0.015795165659990642,0.12255209810796094,0.04264732832646109,0.14087209559072306,0.028602579574545102,-0.040999909490405155,-0.029467889840153284,-0.0498292819666889,0
0.9027140038495087,-0.6911901875503257,-0.34629081266535466,-0.1135536566017376,0.0709474966523392,0.1653552963899083,-0.17451844693395938,0.156542623483993,0.012828188255235498,0.102717278897626,0.0217643002687995,0.14733371530257502,0.027776387819760263,-0.041943908538612185,-0.037671673585821436,-0.07115760659564192,0
0.9026816290620918,-0.6357459454468313,-0.35095917190737563,0.006903536894241674,0.16139173773830218,0.18819503992675787,-0.17017471771841686,0.18020561367950602,0.040242467663749754,0.07166681872379792,0.006329966711091565,0.14326536022881212,0.024360812322056717,-0.04495032072330147,-0.04388147781572681,-0.07622255698393499,0
0.8684162717524038,-0.6024292148930792,-0.3910377520222579,0.03894897146449774,0.2276433783428277,0.20399522658977634,-0.1207920202008053,0.1792697535486651,0.01951745670384976,0.021819621246555416,-0.012867677457040021,0.15120538098706862,0.0022136720979512316,-0.08992559812859838,-0.04142219342226745,-0.08774526407747704,0
0.8399536083633212,-0.6517320521819241,-0.401692830300667,-0.055269962635931175,0.02860969783247224,0.15886071176964806,-0.09996869658989245,0.1236460373663508,-0.03455961841086017,0.07631729567513719,0.0004537906056125862,0.15322185207477607,0.008808224363657363,-0.11995437603593227,-0.033339996388517056,-0.08336221198875823,0
0.836632700150321,-0.6705869835639823,-0.373981616763656,-0.0442724355153786,-0.12095405850520298,0.1257161176991323,-0.1197800443380226,0.08827108194533673,-0.03817005117409422,0.1351550830283945,0.026454853494112928,0.13569918930736796,0.030714785643201615,-0.10824022182733313,-0.030108739663131018,-0.0625237077382905,0
0.9173025056106119,-0.7657058016616732,-0.3350533941586875,-0.3725378041661488,-0.09253766078173324,0.11414387493751413,-0.19530272349746264,0.07733504907333529,-0.05536501425611117,0.13568922565980324,0.07566035951117535,0.1309018930320058,0.022698225980994233,-0.01965457987367983,-0.023568916338648615,-0.002816095229958782,1
0.921278776963209,-0.7532483949791475,-0.3250078977991456,-0.3269787855271439,-0.05863442298993999,0.125474411608156,-0.20047278394713638,0.09372549899937689,-0.03425107097267703,0.134112759816745,0.06850101157880786,0.12599666628574288,0.028844829172195087,-0.005047338146049593,-0.031718239018992324,-0.01978039325701618,1
0.9156075746599698,-0.749333502063218,-0.3254015440973223,-0.33876273281223057,-0.09210638554979189,0.11467371431590728,-0.19606308723118074,0.07291507237848677,-0.044961240458530116,0.1338977066668471,0.07672596045286154,0.12285545672132679,0.030208081924728066,-0.008888942357386662,-0.0320880245375014,-0.01753709487059294,1
0.8925157892625618,-0.7588828414779148,-0.35476474657241813,-0.3738671195421667,-0.09928904724385712,0.11012185741180451,-0.17356215288853494,0.058548722770108926,-0.06994167431437645,0.11876377378332195,0.0750002414954774,0.1357699303945741,0.016878553051580692,-0.056298862736154295,-0.02762910361690068,-0.009205639338756334,1
0.8893573841599314,-0.7577909684229907,-0.35339971961955075,-0.36913560481838037,-0.10324390979947129,0.1090105400755573,-0.17165986609407058,0.05501626338022129,-0.06975456161202251,0.11994292311082815,0.07504886997857343,0.13493981012847273,0.019052209814863136,-0.05588663939257504,-0.02943193009396797,-0.012772521422161794,1
0.9101122901599701,-0.730300405573356,-0.33677531525871224,-0.3183901554844777,-0.05582947507222766,0.12143904910147378,-0.18860157716483777,0.07691088977089242,-0.04156324294225059,0.10799307248546923,0.0740118921432569,0.12506947340278818,0.024299049383967215,-0.026823296234848283,-0.03879978279831061,-0.023329288153077513,1
0.8937618087653786,-0.7489406702897076,-0.35218654293276047,-0.3559891006508128,-0.0695473599143933,0.1151525491852633,-0.1760564699241992,0.06792408603871065,-0.061257376792349626,0.10527110810992771,0.07537044930383247,0.13077762226178574,0.016572286642861162,-0.057951648394444485,-0.030802792515186344,-0.0028484465622976747,1
0.9004195823668281,-0.738893505298183,-0.34607177143725354,-0.3196957747292395,-0.03688691883133263,0.1261371701760459,-0.1810085165544744,0.08437305996260126,-0.04356410337816372,0.10472713644809413,0.06727541492249643,0.1312893786989057,0.021041555901540117,-0.044194938390874926,-0.03742810299799136,-0.022288320064056164,1
0.8953020879700854,-0.7317973060149695,-0.3515419555214165,-0.26661966995076025,-0.003920012321426875,0.13794082899369248,-0.17776760604922873,0.10696913750921379,-0.03039537533422538,0.1053253253672894,0.053337044484605294,0.13554194131395667,0.022526987071338336,-0.05472531072258069,-0.039820250392534624,-0.03109252586437097,1
0.9065669149332191,-0.7031000738686255,-0.346712128388155,-0.2019102266383152,0.005765729976251113,0.14397357033898694,-0.1876794673981128,0.12014762253557952,-0.01282119118690793,0.10189377616688122,0.05181020858254771,0.1290749617381492,0.02492871817002747,-0.04425078785872716,-0.044825032104547906,-0.03529994693381281,1
0.9057084127542445,-0.6884851169987128,-0.33881081469231794,-0.15728225229103415,0.031122645161471518,0.15113207973369772,-0.19047492553904335,0.12888353473616573,0.003059277732815796,0.09742793875077785,0.04935386605660724,0.12110593582083481,0.028829548242008767,-0.03892985023244489,-0.04899854143756724,-0.03729986758724119,1
0.9198977323071658,-0.692865086068346,-0.3465402866165095,-0.17084814314990768,0.11284796827913421,0.17132463713625007,-0.19461371686259238,0.16243249788047306,0.014030230005808534,0.07928354949624204,0.03545808036287514,0.1333233776905709,0.01974274080255973,-0.03672350073088838,-0.0479546376895325,-0.04098090306489971,1
-0.1110346541073778,-1.1576596462791862,0.12701707582044258,0.29383405224218945,0.06027847750709038,0.06752939299820507,0.40720887918194626,-0.18511034007412047,0.06807894869673502,0.1636601583299654,0.045465745865707854,0.05825567172616505,0.07109637848907334,-0.026664944705839282,0.13291321459514807,0.07320942103567572,0
-0.06179527081046514,-1.0674536221710806,0.20809654632312383,0.3456675119646515,0.025252685169635258,0.04191820618105785,0.20993682858192753,-0.2224040200609909,0.05826360763326392,0.07098417532113198,-0.05792239541747252,0.08111084229918718,0.1347633235821689,-0.026697965546091624,0.14977567530364058,0.05942266718801137,0
0.03158961669491426,-0.8151327732673431,0.3538251608657307,0.42488448303270243,-0.054794665266732843,-0.11961620633710997,-0.1119771161145468,-0.10213386332997172,-0.03081142453931294,-0.09853704420512653,-0.18893223759455915,0.04875935912343577,0.09330450370559748,0.0031447681985148717,0.12829903865061,-0.013947992353855906,0
-0.10020262333905887,-0.5432232547174658,-0.026441783286504626,0.41936497702760517,-0.03955109323998454,0.21211845265736323,-0.06644491331501008,0.05931865954518399,-0.039379473682981614,-0.2679154049213114,0.0674633626431441,0.016476373130133667,-0.16915310466040828,0.0062718193015427704,0.08217982947752962,-0.016205536422589553,0
-0.48272846759341437,-0.5069113105393809,-0.5830363442714733,0.23966419170375175,-0.03323671466087492,-0.005790211080613863,-0.03292605017674466,0.1173293535621873,0.25963656182432576,0.01154035520323145,-0.04367454493461923,0.19688349447822964,0.13307765559653503,0.10931164462154151,-0.1766995615830819,-0.02967202975630574,0
-0.3805926841090964,-0.34106000427187816,-0.3242542038622208,0.43704485150902955,-0.0011442215324518898,0.04594444273095378,-0.2454661979209164,-0.03450065191917896,0.037976632149262946,0.08262219205333145,0.07688080238009429,0.009765904607955938,-0.07378939744432256,0.06535155856982044,-0.023408281257168297,-0.015056714640717863,0
-0.3852166217554525,-0.27879506681206173,-0.06251501664966264,0.3612836832427904,-0.1054502891603537,0.05803893206643526,-0.18489200570161354,0.04900543565304566,-0.10873995786328426,0.05956821752663542,0.05717518944776071,-0.07443751970297344,-0.022357006022956614,0.010452993412184149,0.0390393184841668,0.00046269671864607685,0
-0.33756394307675963,-0.1560665262248326,0.2650535551837534,0.22927972804117117,-0.12395313480628058,0.047347406353084834,-0.013870325179733422,0.0946646355483102,0.02892603775360902,0.04049528911465108,0.0029141342443142824,-0.0393521118612376,0.014507157529591025,-0.004928174242172923,-0.02127815802569998,-0.002788577529537257,0
-0.28886876383375937,-0.1989779295889324,0.2178098511408976,0.2165631370327848,-0.1251445609691535,0.05386413253180462,-0.0388615832454077,0.10886396550284998,0.007523314962553157,0.045414291261742054,-0.0006099662338586533,-0.03503735822648004,0.006529620097250831,-0.004285972916516399,-0.0029568562623352034,-0.007467304361624596,0
-0.31023771150170965,-0.16500662969301316,0.2147222616367685,0.17820727299305386,-0.06439157727025405,0.05364938855310865,-0.018836054556730222,0.09809469526685677,0.013207925472601944,0.047589526338689625,0.00046541595400084333,-0.03291180471538457,0.013241501702494595,-0.006952423337333231,-0.011056582793693138,0.0028470070128921495,0
-0.3210670904164173,-0.1621553177680236,0.26005101352970467,0.1884624132548079,-0.1670428508290623,0.038869559816622996,-0.02001664229388961,0.07287208205500935,0.023207760563660237,0.05308671697135385,0.0016567600085129308,-0.027447561049214097,0.01518154616819993,-0.005522529546648114,-0.012868873834789317,0.0010994350564007404,0
-0.31114934042122877,-0.1357749787130668,0.281603179945373,0.27308627209157094,-0.28261866499238775,0.014276446715044645,-0.029134662867289794,0.05242722614828369,0.02104097257166509,0.07993737520655408,-0.00332301532997484,-0.012546100875207186,0.015131465622475542,0.004489224525674438,0.0027409889465820647,-0.0068304580273532,0
-0.4270757365230192,-0.057967403628672004,0.44525924597755945,0.11267489360500817,-0.08510168136699586,0.08470302525464099,0.0032407270072898568,-0.0668093983494159,0.10194896435969121,-0.029589456968038847,-0.023372709387977725,-0.05301002101225886,0.04305788912999893,0.021879022497777203,-0.0552766064363651,0.004375889435605517,1
-0.465077978801174,-0.03558959052469564,0.40110707183150923,0.12806089402103182,0.012393817883096105,0.0827927414577609,0.04158840053992907,-0.02254145573394822,0.08853261613231145,-0.04022977029296941,-0.007784427220827299,-0.0508580042141601,0.04070518442550353,0.014968771241883201,-0.07663074322315541,0.02568879049371702,1
-0.4873467748163431,0.017192822756186773,0.367416752027893,0.25616321182342316,-0.01284984985934923,0.04869078441005526,0.06364028437090341,0.011852858145600885,0.06634639416222353,-0.03131888079157627,0.005291675759116106,-0.032665912125289846,0.033156612259715196,0.016676209296006408,-0.08621740256337818,0.033746325059034264,1
-0.47848382456175453,0.017094582652746187,0.3486867065492849,0.3249275335225142,-0.09154647501630664,0.022439790662575346,0.059845297918727905,0.02635872079724206,0.05027591747978575,-0.020879733034612116,0.014208605460702288,-0.030889677620469555,0.025618855126280576,0.01514731294064751,-0.08339307064200462,0.025864957486052564,1
-0.47868389430598784,0.004868120109162741,0.3366281354167748,0.30064214745580436,-0.09702341702009115,0.019741435212243565,0.057579936211532304,0.02690813108053168,0.044716986196607085,-0.022883201673688056,0.02074694695548317,-0.036272288171297226,0.023610208910437535,0.011414780042183634,-0.08117405967291078,0.027598105947898497,1
-0.5106911884840066,-0.017972853762833255,0.2896384599858881,0.33517410644287426,-0.1146857618521454,-0.008355293384735256,0.05301777121204201,0.06113229709030499,0.004889993497156622,-0.00030044931916019496,0.039091371193734056,-0.04591632849213643,0.022961370332612828,0.0026259338850174218,-0.08774138573849335,0.034462626756900226,1
-0.5073342009750114,-0.015268319235491275,0.2913486493603403,0.3007048457027068,-0.18192232969285646,-0.01754030462881143,0.0506351413840509,0.03415055194237712,0.0032385585483004093,-0.00765526415336031,0.04296649462293782,-0.042980589778928435,0.016834101102826102,0.0009226816475403217,-0.07741921222639243,0.02950946671916915,1
-0.5319337662641279,0.02028569626581684,0.29599954017261465,0.28390152129368484,-0.1180255524996482,-0.010351491049298278,0.0636808443039116,0.027680630220782983,0.010410547284494377,-0.01402394962623578,0.04249362699956593,-0.03016900499707154,0.020791960511833654,0.005532096940192933,-0.08155834751290841,0.04372044031505828,1
-0.5279101238666652,-0.00019766751165593377,0.28969991702501335,0.2540805459619877,-0.1368228200964614,-0.013299304677187412,0.058024732596603776,0.0233713898672853,0.007392037919523192,-0.018349134243779718,0.04774998204866984,-0.03856697212002757,0.0188186121651877,0.0015179924604636489,-0.0779246002605609,0.04264882469298595,1
-0.5102026566575728,-0.014223928229446873,0.290379404781141,0.28806856156900107,-0.1094674746749205,-0.005172155266366569,0.055182183242117086,0.04481480704571971,0.011019042825740984,-0.009682669829072833,0.041192681534774504,-0.04418843627138816,0.021933102143382677,0.0012555625257637572,-0.08244321270832564,0.038327896734995676,1
-0.5162376393614307,-0.013245951403287316,0.2713224304146646,0.19328541907750918,-0.05801207658290268,-0.0018846599532381556,0.05817545741333887,0.029623615445484124,0.018047717649220984,-0.0299066872766598,0.051611004266345205,-0.046189887226889034,0.019321445387289964,-0.003097688614850234,-0.07430400584770333,0.04244121520920162,1
-0.5170154148562841,0.0004137530497440002,0.26478008058461394,0.210819804210371,-0.028724112344063423,-0.002303596472277818,0.062178811283995064,0.037755144561297006,0.019308368570326064,-0.030121950056689866,0.0508106755354604,-0.042609159023048265,0.019716724762484063,-0.002408059960805862,-0.07523193501880969,0.0475241412763246,1
0.5176866686259006,-0.3331105925657023,-1.0344519901899167,0.05095514594321951,0.1421264295517253,-0.4187286646942475,0.03558631360768322,0.07124361118036757,-0.35923566063736234,-0.023074523959220886,-0.3073020047857074,0.03281977693608429,0.05852840589151669,0.047329044611591514,0.21723647778448746,0.01887644852252861,0
0.5648243608439628,-0.2792344035469206,-0.9658026641994797,0.0853446735276363,0.13439374289882985,-0.30782620236816,0.019924383934193872,-0.027771822995940654,-0.2992887104546675,-0.07673879968704214,-0.3478910208354002,0.04230118125329346,0.00893320973069462,0.07683436532527674,0.21024320847601585,0.015231986240547888,0
0.6559607016779436,-0.23234384705135805,-0.782257681985285,0.10916916597799436,0.07507039870203774,-0.057385421804445,0.044847144759274815,-0.16798149692021833,-0.20436480782445224,-0.15209445857392176,-0.37379159989271676,0.039517093508729444,-0.13497222797969402,0.08109818915880597,0.10721536580838865,0.06353441049569353,0
0.7445245550148036,-0.20437580123516277,-0.544370793492775,0.20816630515529075,0.032143730645933295,0.12604169946559,0.048883201300322025,-0.23019454226290073,-0.13659447097732078,-0.1690865293654632,-0.16323766451815852,0.05979825884448816,-0.23089317317320837,0.10620831215676,-0.006066641217964044,0.14519712436146778,0
0.7809076014028673,-0.19977558400774872,-0.3020009087843556,0.10359522516297616,-0.06509961520611009,-0.030387255627658438,0.03153206444222704,-0.13066049812194286,-0.016302865252004698,-0.17625890349289458,0.07897957791692195,0.15540824199675135,-0.20324568349653144,0.0549539628001658,0.07339400068535985,0.11174239292050513,0
0.6692542971227234,-0.32706097614743584,0.11077777574717798,0.07401000003243445,-0.205381737171659,-0.35859364746952954,0.018097872618512804,0.07082444800449249,0.08166189938325889,-0.16524575481733048,0.09005020933332562,-0.02134271563372835,-0.06758509308955936,0.05815334684232724,0.024622698450071152,-0.06418394436711004,0
0.6215384961336994,-0.4416337567073135,0.11947986468217323,0.3601520972044672,-0.22515844584328815,-0.18767635778881941,-0.1471295614829752,0.038338925913537776,0.11585624823753325,-0.06756879737765505,0.07054919554989252,-0.1886865886229305,0.07666318632124951,0.06912990496571488,0.048059200355234255,-0.0014540030282794532,0
0.43791581477711966,0.10471478247453254,0.0016425659023726108,0.2182475686095046,-0.20020657618138407,-0.1568377441136418,0.016377548216042894,-0.06672060400964942,-0.052871333996959105,0.05541994286925275,0.02855382300142676,0.07395999141465226,-0.0035270464685244075,0.03304950402372878,0.00579012045862536,-0.01734916220640323,0
0.5861491873135395,0.19313228118095083,0.04298359708374648,0.25165305827245804,-0.15035727950337324,-0.19486441869646617,-0.057415381127959964,-0.05174129956731283,-0.055058595075311516,0.07811580943573722,0.033915339133091936,0.021518298058546985,0.0241970237844477,-0.0068642533528261674,0.005946296888555424,-0.020936306542731157,0
0.5347804992891632,0.10557817295146477,0.09885424060324463,0.13180198542835492,-0.19987056770395825,-0.2138321444735088,-0.06543853118558947,-0.10628175583699032,-0.06640358391862311,0.0847349248565678,0.022308240763258862,0.03576653368741286,0.01824440875654773,-0.0369530715638316,0.020403013740818387,-0.012694685692598812,0
0.540868294558124,0.12990085476578458,0.17286142520055334,0.186137842019516,-0.16833180816506468,-0.21635272076255255,-0.1161275332069547,-0.11084521162084579,-0.038703776560926904,0.10665955726108835,-0.003152768571415171,0.019914765571136236,0.03237583533884386,-0.07374310875598206,0.01122168396657839,-0.01358486205116826,0
0.5123059260922269,0.13831533207749558,0.12499929443515319,0.16416345477803262,-0.13102448574798525,-0.17974890245473754,-0.08997059376939566,-0.0782160188175952,-0.04037023401210073,0.10398662950350933,0.008093174637112397,0.015754771146236173,0.03526958372054288,-0.05346375150783003,0.01661451320522477,-0.009063114524567211,0
0.23698579846782658,0.331122604189835,-0.13753959828647522,0.1124768023629218,-0.1429460752144592,0.0013704254380991407,0.005799920225689545,0.05015266575832705,-0.013574841025809992,0.0009582710703474184,-0.002070259075183907,-0.014255183071128564,0.022942013665396804,0.013990494410880242,-0.02171904303937456,0.00048348646517853863,1
0.22870789131490143,0.32189658800008186,-0.1445295316434466,0.08787784556445985,-0.14415404781383975,0.004043233552740292,0.006443814101069665,0.04576468024316212,-0.009410039771898278,0.0034110444583433665,-0.006751466439127806,-0.019124974022065425,0.023201958627907453,0.014323274693560737,-0.020755565479252,0.006063895924411198,1
0.2506824545931589,0.3069522016750625,-0.10570119923363022,0.06969788049452522,-0.10260051264103937,0.007644867624616853,0.000924141422503531,0.05189665697566889,-0.030782583690141842,0.0031686073264624408,0.005203175637740091,-0.010846495149257151,0.020581573445544243,0.017253163623490785,-0.017794761866823508,0.002390831443828796,1
0.23395239098532933,0.37225453283509014,-0.1175018251125731,0.09013705273871572,-0.14960089559530945,-0.0009640404247900494,-0.00046072171135469784,0.05062480497752809,-0.0456500829562585,-0.014800754923657117,0.004015115045165648,-0.014630640666147547,0.021848630183339306,0.00715874839293409,-0.03113209971868965,-0.010987693332955049,1
0.23425817093078874,0.3563402039937338,-0.13099080069519164,0.09273173577963871,-0.14267600079599818,-0.001088901374434791,0.004450453384293088,0.05057933809197072,-0.03273188512203553,-0.01521531397627873,-0.0003597204271418419,-0.013091329070358478,0.02003604642602299,0.009550095460219666,-0.031860956905188906,-0.008517174369883052,1
0.23374886952573326,0.363873100089333,-0.1061774230525007,0.1250403152333527,-0.17197623707955823,-0.011640955406058326,-0.0006358001396285553,0.04571937343312753,-0.04690674473597092,-0.00961451926834907,0.008163262905449222,-0.005003445828548323,0.01808301056543995,0.011228219198495731,-0.027456303548704937,-0.00933024431612572,1
0.26044004807450744,0.3639785418416851,-0.05537219495308359,0.054912666449766494,-0.08343486138817842,0.006245821846665191,-0.020652051877463985,0.04982268363683971,-0.08066375341060271,-0.0184006668214531,0.024881320465332445,-0.002423464962071998,0.01578842955427842,0.008850445249914119,-0.029547885724665914,-0.015939564296209952,1
0.24244709844158005,0.36586736328308467,-0.10257656539610327,0.09040755641099663,-0.14095233557192227,-0.0023924534633583314,-0.0026161832589330024,0.049110745575867115,-0.054790441395061354,-0.014997197933899507,0.009307552418316899,-0.006770352679096449,0.018342477458791695,0.011896627265039386,-0.03238851296779877,-0.01766648950262964,1
0.2643118745938698,0.33633045505769094,-0.11245001651674048,0.08246761368228207,-0.11053329468632869,0.0031157849665896763,0.000986120084920277,0.05423736313082345,-0.04224716223311872,-0.009604092299367116,0.007688594166731898,-0.007429484223269886,0.018250316861340442,0.019451025504909267,-0.031055494850380314,-0.015247134514178527,1
0.2414138414126016,0.3903172760001532,-0.11703353596868839,0.04759735795193505,-0.11238901174342324,0.00944666306059504,-0.0006157582054329073,0.0540659988370085,-0.05922176312329652,-0.03211237042785831,0.004584902995384544,-0.015520508397529024,0.019815667217357176,0.007328865889299763,-0.043412638110758246,-0.030097718731567892,1
0.24552694609083767,0.3847006633915981,-0.12380585576298188,0.07863617527784048,-0.11941021026390597,0.0053972384684227515,0.0013578424011359473,0.05796746552559767,-0.04881310619047203,-0.026174535197112048,0.004286693502071754,-0.014674514518453826,0.02143709447750706,0.006334095915100542,-0.03891678232814441,-0.022607591698545815,1
0.2636523907163972,0.3176733634451478,-0.12210199988221485,0.1341515822732828,-0.12395337072660603,-0.002934562586274969,0.007672240003151407,0.051374029291402556,-0.02112181959214245,0.0007087846347617373,0.0067395686461807275,-0.0014510347208721995,0.01846417439970542,0.024044255230395082,-0.024213749211632846,-0.011476666158370038,1
0.14216522652641214,-0.8421172686407202,0.3067675800114582,0.1945222431253212,0.02180411875266469,-0.14481504629004185,-0.05773806666390267,-0.14899689857909554,-0.05214698228294176,-0.0626672260499331,-0.1678347418363847,-0.014988344256505425,0.14465093788284564,0.03305553382115043,0.0061286901001808575,-0.026766037592700666,0
0.07682692222246748,-0.7225261034824735,-0.12355584882203989,0.14446025480333563,-0.06884072842779616,0.13725047217893754,0.1386497757667525,-0.11649602107098858,-0.12443884815938003,-0.188825893819833,0.06999018329965903,0.11657192012888797,-0.08254409556110556,-0.03410630365047356,-0.033151309344831646,-0.06959046837333972,0
-0.27993273570011923,-0.5112581869888624,-0.5476501544295701,0.2935443856160879,-0.02126908548370948,-0.17761260910820922,-0.04387965280548972,0.015803110661916392,0.11868816323085805,0.03266394598156433,0.06738007117909207,0.0922248447749879,-0.03540021353356517,0.17789571137251572,-0.21015920539330307,-0.07480691775892566,0
-0.441160241485577,-0.27142333300129884,-0.5136109535609426,0.31085876307498456,-0.09463090223586104,0.011890435579104344,-0.17502190849564614,-0.09348982125330473,0.07162135462778392,0.02190666698992553,-0.0309493873440486,0.09205024913144819,0.019308639110123798,0.05618553810056528,-0.11159846898377025,-0.010976431592526738,0
-0.6343335136499213,0.00399695592866649,-0.463976853871175,0.25030939876512126,-0.03233451029349287,0.13703909503985648,-0.03287716178348278,-0.16085222622540585,-0.04281923555450979,0.01301792218174399,-0.16942595667075835,-0.019220926807078667,-0.01734501933018299,-0.09120329280410551,0.06754366608985646,0.0040252642954454465,0
-0.44349236361356265,-0.13165371574504658,-0.002819097875079858,0.2423144669606369,0.03980468804463548,-0.010077426795303606,-0.0789154730686456,0.07011410385627298,-0.07367977592434465,0.04777560836452426,0.023256436405829868,-0.05583951533484588,0.009787946992130616,-0.0315754819638685,0.015380666619148829,-0.012666669016766446,0
-0.4552247168339385,-0.10459567092323105,0.11686541757922769,-0.028628119364143115,-0.020283091074883134,-0.02999245571030417,0.01061900280959628,0.02939116137896694,-0.020275478075337486,0.02241208923427916,0.042009613176899135,-0.028677894384448118,0.02354685619079174,-0.03429231292729447,-0.008185020930098602,0.011783574533696679,0
-0.39419814945044823,-0.09424357259886874,0.1705150794786466,0.0460691189056551,0.013976029821601982,0.015606678559413594,0.018426250151664356,0.04881912719335009,0.005923986698063,0.018038054168216446,0.02856145504614627,-0.026728473462950774,0.020031125901036975,-0.021434478118516113,-0.01572521974759012,0.013040592551360529,0
-0.3618004079766888,-0.0865936414117895,0.1958916579151379,0.0456274026630994,-0.07883149686664444,0.01740180161970579,0.01811914750253645,0.02442534110548783,0.011700781442294306,0.022322073229289235,0.021757418055027955,-0.016889932173383814,0.015569365574366131,-0.019745848198641818,-0.004541079523575237,0.01542946119633714,0
-0.3472252935092981,-0.12113053716055061,0.248684609186619,-0.132481147110918,-0.04517176724265563,0.05575230933943974,0.008748051837869622,-0.022426620526823208,0.04064615559575607,-0.0009804454435604485,0.03086663517809423,-0.030627570738731773,0.02437589391272741,-0.023306842235595572,-0.007399491191400995,0.02740980702119926,0
-0.3350800257789095,-0.11408708990276116,0.23757129638981914,-0.0857249489521721,-0.020727887802243394,0.057449314556025435,0.011394567351130916,0.0004571229407526301,0.04333543191178479,-0.0012361403851452904,0.024677405203514594,-0.027361097678648246,0.020818485802329787,-0.020366907983245378,-0.0067245252700364015,0.02033256815301041,0
-0.3226754633399349,-0.07806402085865854,0.22116056567912598,-0.18442926684062005,0.008814505831545612,0.06182521565959734,0.015772785384876194,-0.03865147063008498,0.04099565234181438,-0.00849827733819302,0.02926661091653249,-0.018307981021897724,0.022782033198135206,-0.022180922506050044,0.012135880621778351,0.01971059780584855,0
-0.37453096554605403,-0.10508476050568126,0.433765933217571,0.008965850575348216,-0.008961363395563643,0.10999898968507037,-0.019982758516366723,-0.05753171422397363,0.12078342006319695,-0.025303115759543058,-0.020273968374897245,-0.062265265352038045,0.04650297269782776,0.01037799641308828,-0.05283771783198816,0.020061500933264274,1
-0.34486754411368664,-0.21406653401725131,0.4082020245518413,-0.010289999055538089,-0.013805735207929201,0.11446200353123621,-0.043971026273027736,0.011369759899275304,0.11410569919458223,0.02299570981174966,-0.024546261962358974,-0.054868540802279014,0.04481606389125934,-1.1461806412945759e-05,-0.06687621333251535,-0.0002730500111203171,1
-0.38850790877050945,-0.14446584157538972,0.41944266233177374,0.019029316122965677,-0.049816351713092885,0.10037880275865857,-0.018614481523482617,-0.03180275876858319,0.10668287409181838,-0.011428882763743793,-0.013674705873086605,-0.05992825319215521,0.04210469478955834,0.013626688309559438,-0.06354768739143653,0.0014496520438848361,1
-0.45592990575869075,-0.10634774052557829,0.3664303260020949,-0.10131399734207894,-0.012680243549012874,0.08637030193860197,0.018250846426427693,-0.0650433698968468,0.06974983477471082,-0.03963573781291631,0.023922130920065513,-0.06889598008959283,0.0371398982706566,-0.003135235472258443,-0.06219747016020653,0.030010303219354485,1
-0.48766536496444746,-0.03147536808663032,0.3127854168002598,-0.04829705024400595,0.0653628759217209,0.06201313003719072,0.049038293508855794,-0.03959014453634134,0.05857505371782866,-0.05355293023566827,0.036482014345982416,-0.04697079410756513,0.030406123639581156,-0.0026478809463340376,-0.06138831772120694,0.03750221158373319,1
-0.4801901087385107,0.01614609407275113,0.32112624497782205,-0.02372721775579465,0.06787232963982044,0.06766284311279887,0.055152354577865846,-0.05385660684737512,0.06253732025096444,-0.056788303420730865,0.02584259515684307,-0.03408006576838129,0.028631110625394713,-0.0010436335796282887,-0.054463086589654965,0.04258905929199702,1
-0.5122858970082416,-0.03380917420518986,0.29273530972996287,-0.15301374874526075,0.0014701387595472898,0.042697370403969856,0.04146326191481027,-0.08044467583963247,0.04148459652606097,-0.06286273489587098,0.058651495568085805,-0.04825335080196029,0.02224624853265655,-0.011477227075613546,-0.042732422161748225,0.04743527952640031,1
-0.46437672174143585,-0.06151023822587187,0.29334035694207716,-0.0070874681242694025,0.017102269797627995,0.04777466573282824,0.043017564406697094,-0.011757714090647409,0.05333990729722563,-0.05666044176233228,0.04569044526988256,-0.0551529023296005,0.023363069456906534,-0.006443889941592154,-0.0632617761743963,0.030297358210164556,1
-0.471637382902203,-0.0795755928312989,0.2611907316034317,-0.031007540193215933,0.009649098161436482,0.030869114578723232,0.039398035581706875,-0.0017354122845835123,0.04021361874085109,-0.054095076155310756,0.058536951041927195,-0.05776988236651077,0.02055408371423179,-0.011987274462500036,-0.05972815906743014,0.02912103050804933,1
-0.4838720994302103,-0.022318262804847146,0.29517058996059514,0.01158028290851867,0.011679498961805092,0.0401377773315697,0.053945537267052084,-0.023151893105589415,0.053833443646620564,-0.07511182708282162,0.051297813427049276,-0.05198062102887207,0.017445844482220026,-0.004374074567970729,-0.061632477190825576,0.03697872442850657,1
-0.4998844173332136,-0.03624431782498647,0.2819780824102344,-0.031317415900701646,-0.03831128447706087,0.024210726125493926,0.048008177184536475,-0.03840425655913655,0.039171752650830845,-0.06686150221765338,0.06211068533274282,-0.05303849622670648,0.01675313475358064,-0.009893313342214263,-0.053283045029832575,0.043524605911525786,1
-0.5008551752950376,-0.0012201306734066987,0.300542936165487,-0.030845957008309798,0.012855765314528898,0.04316778082190476,0.05524445831185456,-0.04818643071918536,0.052126723568157375,-0.07861835147051575,0.05153536123074493,-0.045372960216281885,0.01647015295973359,-0.0035157878149069755,-0.05475787817683972,0.039695013170731534,1
0.8746776519629275,-0.225112734489171,-0.5040090141841066,0.13036390076910312,0.054479732549873275,0.14046093982278723,0.007354367318429326,-0.19104850037995827,-0.11076222359602876,-0.15251226199740403,-0.07765737042100775,0.11503728195243994,-0.2189485710699567,0.09851746851802845,0.013058898399884474,0.10051709498840278,0
0.8861642734782748,-0.20320508529481685,-0.017464425925504488,0.04244973107146146,0.023703883399529984,-0.23464029695362393,-0.016103752229625578,0.10806827607450636,0.14186780036457788,-0.13136387734283506,0.08317943846364481,-0.013250656554608312,-0.1273604842553359,0.08459221524314661,0.11431109558264547,-0.03947213718204862,0
0.7276363020935078,-0.3574611772963953,0.03553937980640997,0.14512314224841255,-0.028131207620004855,-0.17219802836883738,-0.07466244904623612,0.060394887065179426,0.131762100739259,-0.10415828020494054,0.07192415669921634,-0.09782130560607778,-0.0021102482903258258,0.08120703972448061,0.03629413409991407,-0.05696594082755855,0
0.3699828387930542,-0.052887134934576044,-0.3061958893755741,0.35699529188846607,-0.05071501611111611,0.1092720204478239,0.050703713314871314,-0.26767142374334046,0.02568760233703854,-0.0206244807873415,0.042215535115744544,-0.08123495794727353,-0.030419904861412626,0.09610624081960276,-0.0016401753792004109,-0.005630933179329551,0
0.4325951256066074,-0.046063295242747,-0.0956798370064715,0.4126397681769779,-0.030320558219340668,-0.03871722380999276,0.0770348152120891,-0.1522137889449656,0.03614391002027255,0.0008458934785009519,0.06813988875767217,-0.019409705695577394,-0.013096891379160733,0.031040482732314974,0.012427694460880837,-0.0592903171821313,0
0.48621918528749114,0.0886200432302863,-0.015846951516866343,0.11806540263088221,0.03147697463100194,-0.09759131015462943,0.03855333199676853,-0.030474411803036717,-0.01451367240765101,0.034572756797541467,0.021315953947538276,0.011029765146859022,0.014989435464208209,-0.0001823537134261461,-0.0048654806663552775,-0.04256365019425197,0
0.4849407272527567,0.16324501931062302,0.041819433595231575,0.1659673011154484,-0.011914989448009025,-0.11098267904716784,-0.0341176938812124,-0.010589043741696764,-0.029256239505058936,0.065600768907244,0.013113236027841195,0.01038879158718063,0.03003677292521547,-0.01640760931931556,6.977467122703688e-05,-0.021834981525085253,0
0.516819196091153,0.15995285249979327,0.07307488491179434,0.16406409608724778,0.07203812972336371,-0.10759840311206825,-0.048188960346008544,-0.0009282134586312401,-0.0018184041543690258,0.08495805925651692,-7.285185341223755e-05,-0.025147476770909644,0.051347878938585646,-0.05306176617234114,0.007039455043931065,-0.016792677694036483,0
0.4692158083105193,0.14036843245887695,0.015537830856090727,0.13776064540029284,0.09816547948807165,-0.06217910709994208,-0.0022521408766713953,0.01809999384246887,0.006166055605510033,0.07316839671688376,0.011087508160153166,-0.025342997519753243,0.04641430004178744,-0.03062416207701988,0.017305753978702647,-0.008252047157695981,0
0.41226312928647524,0.08728653580218003,-0.014574318652955763,0.15048736186100026,0.03337265761945189,-0.04560078080731254,0.030703740948100005,-0.010813214421956296,0.02252180448904309,0.08254348633134678,0.01995791935788052,-0.01361868645902426,0.03806554036706718,-0.005576217455687894,0.031160074167759746,-0.011441796293114887,0
0.3894611367096555,0.0689685605262888,-0.029306461492607665,0.14816212690040254,0.05011881299981592,-0.027575320943446627,0.04254865893470889,-0.012318498452701407,0.030618734258695386,0.06964126422622866,0.019999699540796976,-0.012342225242706005,0.03071120402174969,0.0009708067527751393,0.028108071347408673,-0.012750583363015105,0
0.38550922773628854,0.07960247970488349,0.002508415082770346,0.13357798160948137,0.046232882415628236,-0.04524190577667461,0.026172921611518414,-0.002927682787979481,0.017758294790924917,0.06541120345966536,0.010584067728648875,-0.0008747513952186527,0.02921685549568345,-0.007892205458986275,0.02179768954741826,-0.011123437132924715,0
0.22206977059437993,0.279961967802763,-0.17494783198635575,0.08898607128571948,-0.03293853014956743,0.040516322792910495,0.011262913044277454,0.06191619789827159,0.048382144445064626,0.015367631758304382,-0.008363006694256383,-0.04137329838023662,0.0353572977524565,0.0038774092789135295,0.003389227710243404,0.022266382201403295,1
0.18990127794167705,0.2792616444223198,-0.2004501226184482,0.09255645867327132,-0.09076272112312875,0.02764437951844881,0.007017292807499524,0.04088490844313501,0.06050032175692029,0.01360613167316814,-0.01768198068412781,-0.04307749361910664,0.0294722754922783,0.0034257519135349446,0.001676908867686278,0.031076181425610947,1
0.19095662867234942,0.3001180419595195,-0.18413387785006777,0.0955178030710865,-0.09145089193704607,0.026050039716429378,0.0074879103389882224,0.05124404292001853,0.047996160995413185,0.012172587499141473,-0.01552739967533129,-0.04086276760055094,0.03394477381559613,-0.0021497945613999365,-0.0004048449193747179,0.023426701719360146,1
0.15388292529603478,0.3396112604177378,-0.17760680397491177,0.05820453715618142,-0.08781411617533577,0.021982377496777318,0.0072792891993858555,0.05713330873490373,0.03642346881664644,-0.009589246406450778,-0.02235396428605869,-0.042415046472757435,0.033645258116127535,-0.018995831398689426,-0.007746443535003563,0.008071870650825196,1
0.17830575990382605,0.32101288222088403,-0.1649792791426113,0.13149505170738102,-0.11992368166690524,0.01302240862953804,0.007979231368986347,0.05412088124108243,0.03537362852983319,0.004849404708626642,-0.011678772512381929,-0.03251409498452698,0.03199022454600798,-0.00975726584472833,-0.001325922566356525,0.023119152293751256,1
0.18817904078231568,0.2866354133176923,-0.14301546215362218,0.10105214624202682,-0.10400102059432269,0.014710057558294864,0.0084001130815456,0.04924822486331039,0.023357894812887484,0.005442542922959127,-0.00850893191855316,-0.024172539946681264,0.024778930596202984,0.0029287966801504316,-0.0010372301647275848,0.02254930198206628,1
0.1909347120474657,0.28645972872585485,-0.12400395708170898,0.13395334480722743,-0.14960141362139226,0.0020077804783706086,0.0054401619336140235,0.04287369058957614,0.012408522496352471,0.015695700575741225,-0.003386775006671607,-0.01702811697332452,0.02358662758152997,0.007715811627271635,0.003225823140795816,0.02758441015539457,1
0.16854156454548094,0.33494557953205484,-0.11484941094646509,0.05543565251882545,-0.08359375674277161,0.017119548752071247,0.005410529584191005,0.055772461540689336,-0.008449247558947414,-0.023637693243804898,-0.006268847225229897,-0.02246701752848224,0.024183819391247873,-0.010785178840803069,-0.012615429813981569,0.005866019506084596,1
0.16071945386035694,0.2834133056973961,-0.14364491906016982,0.028160934256102686,-0.09591967904264662,0.012601003164764249,0.009213662309153084,0.04150884128085076,0.013751994487953414,-0.01858540339275315,-0.01753021366358846,-0.022399142084624287,0.013771464356216075,0.002247822804284366,-0.012593696927190555,0.014046681967153684,1
0.16952379319620323,0.2936854656968912,-0.14130138675265902,0.12374932815066529,-0.07916546563795193,0.016994585097286845,0.01215563411564372,0.056526765519397476,0.03282772050770368,-0.003610794976449036,-0.008404744711662375,-0.018567686244097315,0.02298793340974802,-0.005277995463261696,-0.00022456372148027846,0.012497339406155975,1
0.17807940626527094,0.3218865289712141,-0.10942039883553314,0.1394077673213352,-0.10667745945745048,0.00866517245317775,0.008455777922605885,0.05835853102413664,0.005575985702768375,-0.00381571488858533,-0.0010442151162404093,-0.011743232061213593,0.0250489141519449,-0.005217127482004629,-0.0028733438707502163,0.0044673147166170105,1
0.17571257701727894,0.32334482386814895,-0.116257780407987,0.14523058303862954,-0.10296296343396344,0.009830596810641981,0.009388917507267213,0.06045609820404263,0.011212162730780146,-0.0034725045710782216,-0.0017928871858362537,-0.014247710233844435,0.026702850138845134,-0.008382668627396785,-0.0011649097582660515,0.008178006446288875,1
-0.5679947883154114,-1.010269440283313,-0.5531544817578159,0.08826581827533256,-0.10390902766049881,-0.19553430886030526,0.18650786310026557,0.2510755069231609,0.7463680327981478,0.09145029716343936,0.04617723519544652,-0.05094395221670392,-0.14455581318317343,0.10895979740166734,0.2639699593723722,0.012948003907375879,0
-0.5363289627853395,-1.0666005815200428,-0.49882493805285827,0.09528378042366947,0.03609732652033538,-0.22327283164228368,0.2674730366872546,0.19921943746650697,0.6660529348645423,0.1536837893524081,0.11250413525662577,-0.10909083468256048,-0.22262072520037746,0.08843957148001669,0.30479739698473857,-0.04956893671812103,0
-0.5206400165181285,-1.111497638021805,-0.3974084973605623,0.09518246805372955,0.006617051407663674,-0.18339564690932975,0.2838256067742653,0.1300661515915951,0.48270681534438103,0.2262948804687874,0.2147898225951144,-0.11363089212477263,-0.31900305063402523,0.10794250272690918,0.32517093614571274,-0.09995579734553807,0
-0.5136224702298221,-1.063443181941606,-0.28937328114468724,0.0961485949620317,-0.042109569289403084,-0.0373037453597269,0.1907898854747556,0.1532432158820279,0.2798856025504341,0.1606029615530108,0.27416390349861125,-0.021764221055844232,-0.3284297009540953,0.12473129534639561,0.2381377859655326,-0.05069194138124404,0
-0.3739912749958563,-0.9627024361538814,0.08957737248768373,0.10754267262674945,-0.2563377592058288,0.19036617321371638,0.022208304329709667,0.07322412170018372,-0.11906644224372588,-0.09759700632747068,0.04951368563266144,0.0487749645726168,-0.13581681934799802,0.07452535866063087,0.2259307034328286,0.1196163358237012,0
-0.037456789751042684,-0.6314662748402302,0.5333459089175976,0.32545567942703296,-0.2570385534955112,-0.2563001444372445,-0.21529827959043532,0.08482760403632456,0.09441633669686376,-0.11922886891587821,-0.13735468922795413,0.20393865820778284,-0.1641126665083076,-0.001488731908833163,-0.016236399486172753,0.027522196961806702,0
-0.18057073713300595,-0.646093364205593,-0.08527891061888207,0.1741009674118369,-0.39955853181636675,0.16112635341320816,-0.08805235969556545,0.05967415522002042,-0.06548604923383161,-0.23179331768893938,0.061419056052030324,0.058574365416580856,-0.17467982439050117,0.017110330833112877,0.1369725933650062,0.06208730686835479,0
-0.48582112700084273,-0.2711138929295441,0.1296567850283523,0.12281847742268606,-0.2411686170317432,-0.015844121945224193,-0.06193435449063474,0.10274539491084508,-0.09306917575861905,0.053907692016629684,0.052979613156451666,-0.0896095846674855,0.01744452243334876,-0.04089646754111771,-0.020183582221318323,-0.028115913306119945,0
-0.3031522135286036,-0.30155453520846615,0.11886077795293289,0.012247851250543148,-0.18335768636235675,0.03853766561323492,-0.05322486458954036,0.09917403704088353,-0.042564337793841986,0.004456580515883275,0.02877675560786541,-0.04713374779092611,-0.013487465964087085,-0.023662192065819477,0.005185605635164725,-0.01737216155128668,0
-0.3322173953614715,-0.23383484061612264,0.16007977794416853,0.02047285333181533,-0.17533261366470151,0.026843715964112384,-0.03206468652792031,0.0722390130777082,-0.02596860430991592,0.04669265374539763,0.02202681785145336,-0.03553629640627831,0.006273704764314609,-0.02179854640506629,-0.002171894220723137,-0.01440885155272312,0
-0.33701300928903516,-0.1897079692527357,0.10195935272149806,-0.10079478000779386,-0.0327640227932689,0.014030451114371652,-0.013503216119631246,0.05083599794971003,-0.014655555465737373,0.02037706196479948,0.02758468935265957,-0.02115914108000725,0.006682637516748324,-0.022745624957396526,0.002279512694245473,-0.007138409256589264,0
-0.26815518690307805,-0.21967189141286683,0.14486033805675833,-0.15193830868130015,-0.06242806784336889,0.04421340639357199,-0.014974680868169554,0.043344094061682166,0.0025491216699466625,0.024749486766952558,0.015953975709679904,-0.012590481385150875,0.005661085853212288,-0.020658052183116133,0.007485109356676483,0.0011345776967084894,0
-0.3708872844461182,-0.05204736718733557,0.2352969063355501,-0.03819822417906234,-0.04196830741009509,0.0359225999632217,0.023426524104076724,-0.02572049278876452,0.033762922154364244,0.004712433373121249,0.025336806282552048,-0.01801839576847214,0.02522511612969804,-0.010632326958514602,-0.02091264577097369,0.022159514237477005,1
-0.3853475376809888,-0.06654417382267222,0.2528754832110392,-0.022496010434954014,-0.13927561022162258,0.024926869344982006,0.016798738688479822,-0.040673675219004675,0.022575261502291603,0.022336488948299264,0.02657973788863068,-0.020836654523634843,0.024730296661836862,-0.011287504968892002,-0.021566002444259307,0.017095491969251305,1
-0.3616123667138312,-0.10475248732738303,0.2551283248678767,-0.041682682382771334,-0.13575055366861094,0.036804682215533575,0.0040075898183759865,-0.027306413082556047,0.02552503081405451,0.03990925303075807,0.020378362705224813,-0.02240062225462189,0.027071181111591278,-0.01067846899744253,-0.02099642173751646,0.010639021859335204,1
-0.38121315982811504,-0.09353097312459933,0.27945799428422263,-0.014738155972673795,-0.14320785527724117,0.03786419327397439,0.008358451718378386,-0.03424927974989813,0.03168603781531232,0.028067639998803944,0.02179346544860726,-0.02882881116550232,0.027917286253093032,-0.007881644028773524,-0.029658986419990988,0.013168360443552369,1
-0.39672011585659256,-0.07249352354979995,0.2552424745372332,-0.006137918226209432,-0.11345767785502457,0.027215313507484993,0.019820586791427182,-0.02690095389374142,0.025722310130952893,0.01633699370087942,0.02683904347623204,-0.02433779485039773,0.025363425081679568,-0.00891754281807151,-0.03088810710936491,0.012157981052312628,1
-0.4273142617849866,-0.051187507650605264,0.26107131918003534,-0.047512646999481226,-0.06518770692342471,0.029188726726458083,0.031229291705511555,-0.042867109252314635,0.03378234289377588,-0.01740339360736152,0.03934054541710736,-0.03138520562491654,0.02467065477985347,-0.009914629997643887,-0.03670788772749356,0.020488841507193545,1
-0.48590583930629383,0.03593617209207621,0.2007320541434737,0.003909026105199121,-0.06219947468028426,-0.020305553842660164,0.05106255416494306,-0.0420746596114326,0.011011406420086082,-0.012394420098403072,0.044209406547426035,-0.0019056642547047638,0.0195282828462019,-0.00545070581706131,-0.02270979363109492,0.02446724872377877,1
-0.503183746701304,0.06481316690494272,0.20921821617309938,-0.027645715498438254,0.02474995175569281,-0.004527477002921,0.05818161133655328,-0.04480257038285001,0.024879344455654366,-0.029225488677522192,0.04619747003480392,0.0037385059815216812,0.021692653501437415,0.0014417420766420863,-0.023956191962339377,0.0346857539099572,1
-0.5056291914510784,0.023335657928911485,0.24516612166676688,-0.06413634543115954,-0.11352493620342637,-0.00269969113374192,0.04458590462738427,-0.08259359820369401,0.01258837780365352,-0.017693312720968402,0.04938720974156952,-0.010913410891735895,0.019564647135462326,-0.0062321333439095804,-0.02282417808077618,0.031011168745076367,1
-0.4633381269099052,-0.023666893557857133,0.27087181001023136,-0.06453255184879625,-0.03708843961950617,0.03251297929527061,0.03972677916692643,-0.05783505626518425,0.035102143250729974,-0.026987542894398604,0.041970366687769364,-0.030222438373515625,0.02681833310119128,-0.009896566226679143,-0.03697466916743596,0.0323739329262403,1
-0.46710469764517865,-0.010467407802005408,0.2630171670902862,-0.13444533815165946,-0.13423516347131065,0.015557286067847722,0.03351313235699381,-0.10341298712535152,0.022854601614235446,-0.049140514307715606,0.060384903008754126,-0.03563933783448938,0.013316089062518133,-0.016221822716190767,-0.01988077899111782,0.042576596279901555,1
-0.46800215304638715,-0.03958915042803726,0.25430221180219087,-0.13234466855098673,-0.11218340177809341,0.014519473188299513,0.03188027463875704,-0.0830065549650451,0.022718600826209957,-0.034704089447783325,0.059067341980825284,-0.03783224885436595,0.019378842924411558,-0.01795650291601615,-0.02534370019163962,0.03754937488235649,1
0.525743979849102,0.09003700351876248,0.046138859839123365,0.1733666426369646,-0.17379403678774938,-0.1934655895161643,-0.01631519408501167,-0.08671182190364966,-0.03949815242174181,0.07939664350398908,0.032097402673515615,0.028507550477724842,0.01825000075847056,-0.010236023957605471,0.022846412664383215,-0.026314169335209546,0
0.48303049121917796,0.17341575484995067,0.03745709485278675,0.05870088220057109,-0.1839962482231691,-0.13776028680949376,-0.06245008092413558,-0.059048568400385804,-0.10099339195352697,0.07671499040911203,0.03205810099252522,0.037698844025108494,0.01039842823393307,0.00017822795187894935,0.011817668438282103,-0.003272734847631368,0
0.5090510094221042,0.15344857279386515,0.09389995070579096,0.03345247551682034,-0.0803391094887111,-0.13557078464345163,-0.08348892332813865,-0.06561249004895807,-0.070687788959442,0.09936584476094497,0.013280567902150264,0.007615918725436014,0.035709107109131256,-0.051168443366416946,0.018536487247945765,-0.01260118131946521,0
0.4169099471644087,0.11214675514403458,0.0473896186623899,0.13734037838626728,-0.10842556874390784,-0.10890441297180109,-0.022620413616647184,-0.039922733927498004,-0.026071182730362033,0.10579214031453056,0.01784450601899904,0.018342481457576686,0.03493579414223753,-0.012902549526367756,0.03349033138165599,-0.00019611892540229517,0
0.4119154087214786,0.09797778185821783,0.02146209651445949,0.15762507921191096,-0.1021347016527785,-0.09473731583199833,5.976417898870718e-05,-0.038806326334009135,-0.0080636761079656,0.10994427547498813,0.022634449912439444,0.010541366474783001,0.03782697087626724,-0.0023955836893901645,0.039895503240450915,-0.005935307883573038,0
0.37526132538166657,0.08719501680762852,-0.048516790665829874,0.18767759029723585,-0.06540527969935278,-0.031219404491299448,0.03517553279160274,-0.03364404361312356,0.025564519559749452,0.10101257934584885,0.02810885143940531,-0.002905205527047314,0.033596540609107585,0.02331911038821081,0.043939345319339275,-0.005018631457331132,0
0.34559534790276936,0.06534054248547856,-0.04831862467936128,0.1681064883131684,-0.08310233860237871,-0.0228478095733062,0.03639776595907224,-0.043565105042248344,0.025104364873876895,0.1048112057449145,0.025017775318541914,0.0001575989202167386,0.03226769234572613,0.025802142397510105,0.046323273319498266,-0.0029206807226441014,0
0.3382498047180558,0.05649005948693968,-0.03024536281629033,0.1478593538253038,-0.09440234393655782,-0.038816768135267576,0.033305591319763954,-0.041802161529680054,0.013094832054371138,0.09414194625003847,0.021267966548065266,0.012749402908183282,0.024822205372896314,0.022303561251079906,0.040176814199780274,-0.0033380997092866288,0
0.3550689050125696,0.056173298735344546,0.04006575015037533,0.19249141973971512,-0.08342623327245736,-0.08235263082151283,0.009969593059494363,-0.03775850347312684,0.014440162666424823,0.10483241628597217,0.010216281214229014,0.02100526293162826,0.03401618162194593,0.0002850180356398543,0.03535338092032536,-0.018881208616285793,0
0.328446280683425,0.05691395176085224,0.00946519785005315,0.18444159644520977,-0.08330984221543397,-0.06136066468609022,0.02187753623424095,-0.03146119295309402,0.01020728799909205,0.08396438271801901,0.012422087803372738,0.02995930369862393,0.020610031346864063,0.013981724260788152,0.03134400800100021,-0.010740149670052537,0
0.32965992456298776,0.06965030518179786,0.02505845851603103,0.17338327205332893,-0.008014233555981683,-0.052940043275757125,0.016878034187776884,-0.00812177873705109,0.014067894957202523,0.07044874375008321,0.0013218855755843678,0.0273202410326453,0.021063288103064688,0.0009288902969122665,0.02147369369449416,-0.006936866258145997,0
0.32539636197371746,0.06545364557772572,0.011066871165877495,0.19093438893288767,-0.060064097308780325,-0.0552068970409858,0.020996404039897734,-0.022422686375447348,0.013545209160534812,0.08109952181051908,0.009299511527451837,0.029221687445050163,0.021396043477243235,0.012881516890605073,0.02829956773478083,-0.01294861894153574,0
0.2201965688155274,0.32877174520274594,-0.1306856250882336,0.19718910056722477,-0.15347103564405137,0.01801870723395097,0.0012429094044776963,0.06071252551516073,0.023717624643957165,0.06615218695340663,0.0028355785691647406,-0.028367528514605663,0.055102056959334844,0.001258026532969348,0.02108209142564184,0.019956590973206286,1
0.22786051767733823,0.35628859433696575,-0.16122854348947907,0.19692477794885282,-0.11971919334816349,0.025885191323002786,0.0058558648817350735,0.0723970520423189,0.03438603822211702,0.04774409964619049,-0.0015148700373693023,-0.03499288667556353,0.05755009461095008,-0.008131059411974029,0.008139394937426032,0.011716153240674232,1
0.1716765362820195,0.41798446900190056,-0.2122926550363387,0.23512367870267017,-0.18167399899266615,0.006922634843479881,0.009691377470890042,0.05947179856863818,0.058758143338708727,0.03906835204914215,-0.02148738292713668,-0.042314607320926435,0.05983863244414349,-0.0359068117828254,-0.00543024400922925,0.016382044196187166,1
0.1371076023178431,0.42885782842784054,-0.2199201922059161,0.10758157280916285,-0.12199137483374195,0.011640748802382011,0.010909197783800765,0.05869589496073773,0.048182143446976716,0.002352733027197498,-0.03766917652887491,-0.04731482723265692,0.04883034084461109,-0.040170554775340414,-0.018695492368532966,-0.008383368961984824,1
0.14883437446924136,0.46037865800282546,-0.18799801391188012,0.17676564870571526,-0.1496108607988123,0.006059373091477366,0.01822977767890874,0.06647999706730592,0.027121697815914714,0.005507098674071704,-0.028431833734184075,-0.03939090418981881,0.05540624800855609,-0.04000467608508562,-0.016738018428538688,-0.009393214919782011,1
0.16699458469928632,0.4296496112811434,-0.16672822926892492,0.17506860924166587,-0.18042483229176595,0.005085382450628373,0.012179997357463496,0.058413616896366545,0.014714000533369458,0.018785085715569614,-0.01901732287999261,-0.0359705613751215,0.05384268065693016,-0.02517474523822306,-0.012836304130303582,-0.010489546379376997,1
0.21326081731300184,0.40825223043088915,-0.06366939308783236,0.16961274690360784,-0.14594009457012042,0.0071481587646426755,-0.010781876488397945,0.05994446292211398,-0.046375425332654895,0.01777518413487098,0.020473521994059118,-0.018709195039603436,0.04130778332864665,-0.0072014836244828385,9.440732296249966e-05,-0.016060101134120486,1
0.18648384906519058,0.39890714558009577,-0.15322602547262218,0.15698490768291326,-0.15668266808858639,0.012500620961721496,0.00869507405616538,0.06171129637817211,0.010297927007358628,0.021451950922066948,-0.011220754329817112,-0.03400653951153624,0.050965531975595904,-0.016206817928471753,-0.008942133837061623,-0.008944290748811546,1
0.18754828236031856,0.4071172518902761,-0.1200088808063495,0.13998973422922606,-0.15469806906293931,0.007831237529938941,0.004671542443923899,0.05883356139392232,-0.02069050442153759,0.0038345425006889888,-0.001625387807536735,-0.027260449158081908,0.042725102661188306,-0.0151422540806309,-0.011428565611610155,-0.008818519926386343,1
0.16413782827141268,0.4067147031946597,-0.1254526317132685,0.20632811916643723,-0.1869704595654297,-0.006506119374838409,0.011253906397960091,0.055404705254129986,-0.004220480263855879,0.007587294125055521,-0.0038200049694988914,-0.019421288625170785,0.04144727082221343,-0.021128796458080402,-0.004254483652681031,0.0007853458657781679,1
0.17264990741871214,0.40634840289480895,-0.09697220757935751,0.1663614202577687,-0.1921698166307065,-0.005686769087856712,0.0037737306825659897,0.04689693072658035,-0.032107681215276414,0.003459021719094374,0.0032275138655067435,-0.017613559420139736,0.03530361128698186,-0.011992055675731006,-0.008092648392763337,-0.00773894180693823,1
0.1809297599538833,0.4025454050217083,-0.09235294994586442,0.2011557736845873,-0.20343930888054107,-0.008988530403209571,0.0028536399770074344,0.04923097874311085,-0.027882558532109993,0.016565374467052186,0.0072606698481656505,-0.013527111075954643,0.038388419669322195,-0.00872811385526909,-0.002166335553184171,-0.009602307917995085,1
-0.032441023882963785,-0.6467381670235949,-0.17142521617038362,0.3199577224435938,-0.24382917457303024,0.1260117649010013,0.08309681721409341,-0.05590027374526423,-0.10176806899165956,-0.12844198049690947,0.11229221714549394,0.10910813002168034,-0.15104036032351892,-0.0013943220698992306,-0.041157820947836855,-0.06639076468088412,0
-0.406970844104473,-0.40391167611155915,-0.4716346189100045,0.287873307516989,-0.14856953252835475,-0.03408488842024525,-0.19102797935992105,-0.03788560338863252,0.09633466181001599,0.048992692964908234,0.011672744322752804,0.0827784655547445,-0.024352713778122037,0.11766662448446812,-0.1363310701382806,-0.01395997194616622,0
-0.3562839742539267,-0.3949779670919774,-0.24562484710441532,0.2653980705344765,-0.2631576598583475,0.03479154089620492,-0.21636872198854823,-0.04603770873809121,-0.06352641972916798,0.06344056236811382,0.057122844581515064,-0.023823909766114298,-0.06927252533608219,0.053177266417725154,-0.011740511427236606,0.0015287528072598538,0
-0.42764332547759554,-0.29250571313985796,-0.07606478926413099,0.2703522454283837,-0.19829205070208414,0.009447618996858365,-0.17825242760786547,0.035718832232740576,-0.11774333086877964,0.05897976548177438,0.045654583183977276,-0.07056039030228024,-0.012237927059560335,0.0010444023078542376,0.032670588719386766,-0.02568511916801156,0
-0.5456905905798892,-0.1538299725913649,-0.09653182650312224,0.07637319307362217,-0.16419147559387479,-0.11011417135370055,-0.08117156208382074,0.00839597261098581,-0.08557343830656344,0.02952854350028988,-0.013635651416094095,-0.07242683707085858,0.01037305350096939,-0.06405387007231719,0.016664472773064716,-0.013987296014553736,0
-0.48679660858987034,-0.12357201857956716,-0.15159776823041943,0.07824879939460071,-0.06478071768148312,-0.07232789930311398,-0.09510668982725463,-0.019563191402627314,-0.07772600393823342,0.07311146558788072,-0.04147899576493188,-0.036115675525528315,0.015783161986844152,-0.04962268614972359,0.026531100690087663,-0.010066053354907113,0
-0.376800643880268,-0.1751734346746071,0.03231344101966571,0.016882337665680747,-0.20121445801934884,-0.04337345548503185,-0.04289725832724397,0.028842811997107018,-0.06580033279389881,0.07393038684793019,0.011831637967645615,-0.020777919281721808,0.0072974753596441065,-0.028621420357085765,0.02082759539647108,-0.004652478759505302,0
-0.38654559659272314,-0.09129682291975805,0.032973552118378505,0.08337902666068571,-0.19337225901491897,-0.06331809223465237,-0.02000915534996142,0.011531419662553387,-0.05752356937533017,0.0752136309783452,0.003280304378137875,-0.003478036174912679,0.006475922620065464,-0.029742850461372556,0.029572172302687137,-0.0007440085521891314,0
-0.31829403867458284,-0.12302099320779712,0.10380034186403997,0.10410524417729061,-0.23840784481867924,-0.020477274709075958,-0.019631606977487188,0.02484807668533555,-0.04372481668882433,0.08787843952355,0.0035784544574669797,0.0020062962468082894,0.0056742812845132,-0.013588720503484262,0.030607251791162984,-0.0032890665964830923,0
-0.3277405859368191,-0.09689872568397556,0.10794722260706086,0.16207956614481456,-0.16067118631754465,-0.010782738863457061,-0.015278001813842436,0.039609316961838476,-0.039329436133748036,0.09323684533249414,-0.00012040558533231094,0.0015393179331979893,0.012192140557804513,-0.011753208123340216,0.02501619930992033,0.000982288105088334,0
-0.3016439846831574,-0.08842542527512004,0.14487428672353633,0.11150316602764074,-0.09419569059425009,0.014492427237648244,0.0010439086581998647,0.041080560655699636,-0.007158031970784274,0.07341930218244254,-0.0015547413592166596,0.0038958197524520447,0.012415538308455903,-0.009907183079304825,0.020631774674516486,0.002464617295645865,0
-0.2948280300425901,-0.08388821214760978,0.15558226907896083,0.13309077230031732,-0.09889239491320402,0.01910376213038556,0.001023600619659744,0.042263039652225984,-0.004327559508970651,0.08300276128500178,-0.006919049760552695,0.006496610234004927,0.014539519979107416,-0.0068970435713179915,0.021612376787099263,-6.601357884981939e-05,0
-0.4018572936552738,-0.07736188269141415,0.3092477672274749,0.019604024196343644,-0.1650112588669274,0.038589472582378416,0.011396028319566468,-0.04808632000150622,0.03547046508857025,0.03256138172725175,0.017734097638500694,-0.03312846636762365,0.03250551200128985,-0.006887244313133669,-0.03184885311571369,0.020435866655841243,1
-0.4499384609495657,0.02144452865756012,0.2740797259099359,0.03659259036734565,-0.07085091231299369,0.02331161556458131,0.047611378254384426,-0.053902555525934766,0.030512384084035147,-0.0002547316602257159,0.02534742494121074,-0.012788333552347793,0.029019607742962923,-0.005513690085667168,-0.03231956426223427,0.03050173107362886,1
-0.4975653558503385,0.045290554547239306,0.20297735116262222,0.06887059695907981,-0.06244526213358769,-0.02577323362555105,0.05333222000949425,-0.027665095906893682,0.00243290566815096,0.02022714648050771,0.0356163011883055,0.0039766071643340265,0.028777015751387365,-0.0070541291426480385,-0.024211151172094034,0.03921544147265494,1
-0.5146898304266218,0.07394901863029311,0.15907142114025186,0.05993794677474429,-0.09235176391335055,-0.059364664145391655,0.053485371176950215,-0.03226855209450908,-0.006855687402958127,0.011438929771021723,0.04140653426583751,0.011856621422748702,0.019057180331814787,-0.005596566988057113,-0.008572432994902008,0.042084443371483496,1
-0.5275634917563309,0.062106816929554824,0.11746585742046582,0.10123218749925654,-0.054497615319468375,-0.07901628703963536,0.04653774337219393,-0.0023819789588265163,-0.016672004844277624,0.02287562172416384,0.03801702870895089,0.0046180271695700475,0.020389888856428607,-0.0108396395898236,-0.0068526445895854375,0.04120148258457229,1
-0.5429863799043256,0.0946913732907284,0.14020594976526327,0.0877211365295141,-0.013639900192597042,-0.06509946098230396,0.05724292897367893,-0.0071366715216814435,-0.003192953563350129,0.008342246992016394,0.043613263861848925,0.015208794311896782,0.020720521897422503,0.0019556244944343667,-0.010952534323628495,0.04718275363027999,1
-0.5345949559822201,0.09335855113535163,0.16734205361429919,0.007903018897148282,-0.03155390976123036,-0.046286353265618495,0.05730274535120452,-0.038839903532202874,0.0070451044775385815,-0.01099207318096456,0.049903303110438155,0.01407436243529653,0.017826009923567976,0.003704484451440528,-0.008646600562752583,0.048414885049205755,1
-0.5270249119469989,0.055975949085833684,0.17577472106408043,-0.005787898738857452,-0.05288971461949857,-0.042841164124942085,0.05243550502011626,-0.03952813785624397,0.004896971062889439,-0.009258911079266047,0.052492673778288874,0.00047369058489459557,0.019198575501561743,-0.0044916257272908,-0.013760017253448234,0.04494694243942798,1
-0.5173830433270912,0.03364076627988967,0.18649197752946858,-0.05752910230738401,0.0038490399830067037,-0.023198558498606647,0.05099707657970402,-0.04019223081273525,0.01678097986969442,-0.025383035542802065,0.05683072569379087,-0.008852479176482029,0.02120656748774603,-0.006319068511338525,-0.019153065187758736,0.0435039058250688,1
-0.521824102460428,0.025299910212549175,0.15988798858860798,-0.003820834552762643,-0.009537658835266864,-0.04351532300399093,0.04824145992906755,-0.017299986200960994,0.004874479249443525,-0.00948467897893228,0.05420834141929461,-0.010816461917805935,0.02151689757017804,-0.010204199999205783,-0.019100607626079222,0.041132219349956534,1
-0.5330692189561396,0.05024085643051907,0.17933142910055194,0.03228742416991439,-0.013359891765278723,-0.03864041642508505,0.05506682949928004,-0.018109097666786214,0.006918053050555744,-0.010641015250461449,0.05343858957943826,-0.004335246445858341,0.021416230875312418,-0.003958549545804914,-0.023827596246596805,0.04779985210743454,1
-0.5320027174952355,0.05366915538110045,0.2117482598273541,0.04338576252319192,0.014933008504377645,-0.016701936272948418,0.06080818480876541,-0.017763163370296098,0.017786478979775366,-0.017383878026336102,0.05121629729785254,-0.005789177395304153,0.02332795177053055,0.0001880233056460729,-0.03493396031644623,0.04642233519055183,1
0.413501446479065,0.18527273015918494,0.10011022800879688,0.19006822986881883,-0.09524412073080112,-0.12469185287583588,-0.08256241773412262,-0.032855729905110806,-0.05290827138686774,0.06691053647058212,0.0004597148232737181,0.05639643386621497,0.011952720753547941,-0.008310198962312826,-0.017511039985101406,-0.004799655080259795,0
0.4686292486951876,0.15675870399887082,0.14517807484772172,0.2801274083145111,-0.08400135077688477,-0.16390273967611013,-0.09351335998037778,-0.04815598972365501,-0.0024621103263856793,0.10262729198105339,-0.01049638508861964,0.026002768997324222,0.038266586465304724,-0.03987669273036855,-0.009357347610429213,-0.02171640436080814,0
0.42919682927674346,0.1517719186404565,0.07315597549487399,0.26488582516677495,0.005450107465457454,-0.1013015084226376,-0.03401001507812018,0.004053181616310819,0.013518214870095606,0.0806965826423634,-0.0029191857568691883,0.014901239912741412,0.0362677496343928,-0.012672771703695969,-0.0023625521413194878,-0.02843547016776739,0
0.40060455808600837,0.13394509273293592,0.04081754896452122,0.2909372483233172,-0.04897051580784355,-0.09293290330173418,-0.010365110369208437,-0.0015088059253772171,0.01976729780930583,0.09053168686635853,0.010982731472803056,0.01846523778405749,0.03378062816473152,0.00472542888156076,0.01853151791373371,-0.021449194825751347,0
0.37107896535256935,0.12921538873640734,0.02334810260710306,0.2759974015521286,-0.02156691529190978,-0.0654539282955299,0.0040927576931935085,0.008899447408107294,0.025225319629135202,0.08134904479017235,0.008438237989910958,0.02088044565711882,0.02952885005479953,0.012778017323579697,0.01702301077541121,-0.027256174852808877,0
0.3571161884630761,0.1317855101146978,0.029814109489213383,0.27563908257702097,-0.041094218445402314,-0.07125079506367976,-0.0033358583105421815,0.009997016341367787,0.017258211965811867,0.07548112628775311,0.007085856832018694,0.029784262490741856,0.022911563350010853,0.011520697282500107,0.018250704056900272,-0.010877773025345497,0
0.3540883383781131,0.14003729269588094,0.045056357268012694,0.31498309425463616,-0.07497121559688527,-0.08798118352326918,-0.013228168082591326,0.00491136574735043,0.015368293507719179,0.0798984557241486,0.005646249177854767,0.0404572818171054,0.02127347738639644,0.016876912786358785,0.014324586627563272,-0.015595244049555628,0
0.35527186293788293,0.13347873484132572,0.04502184355125279,0.2408321573035093,-0.026940447056277406,-0.07468640793814951,-0.012343178621776455,0.008816783691666006,0.005824544790825755,0.06701683055397575,0.0004832921975509295,0.03572513331199056,0.019998282264844732,0.004819665269434947,0.009542831922903242,-0.007513189989728617,0
0.3590643276380938,0.13691342171285165,0.03638910786261709,0.20190805874504109,-0.000713432603219622,-0.06057335547107274,-0.007778995579606804,0.013921699475898506,0.0027647227824843805,0.06305537529569569,0.00010707163896692186,0.03063191372976541,0.021407837413113806,0.004646861233059512,0.006959404328076112,-0.015072809912657425,0
0.34863993930544884,0.1532324659084106,0.016771028764805216,0.24235495127013906,0.013723375560389606,-0.04425291952061448,0.001391747896277903,0.030886159297694487,0.015575005721166319,0.061512976719690915,0.002624418558364189,0.027102768276021996,0.022023354124627782,0.013689061427570506,0.008603212640180349,-0.020251670509649676,0
0.35870955387380893,0.14014002016901278,0.011632090594089893,0.2591542837943617,0.013109868594727183,-0.04754920984234456,0.007184045911591739,0.02420501735908619,0.024041845758114924,0.06904842244179692,0.006410548749069763,0.019124841397682838,0.026591669697374476,0.011325233304595311,0.014150048863926748,-0.019066882209739667,0
0.3679756725384615,0.12507653298486482,0.017210081505797763,0.15508575586614315,0.02597035640565143,-0.04749453892485345,0.007327534008849963,0.011070925168469218,0.00195271148363936,0.05973889810249988,0.002961458296808308,0.021285645734897465,0.024407757135675594,0.0045807863350895,0.00615379338370761,-0.02484619174973364,0
0.1513469237584878,0.3949350489786597,-0.20056864930198431,0.18943570385448727,-0.15379176372071746,0.00842565677537362,0.009066966071897518,0.06081088233358583,0.05610547334387259,0.018866743298026862,-0.02177423579611443,-0.04506935375520283,0.05036106777870345,-0.03755146731429171,-0.001161843253853232,0.021393030510970353,1
0.16600422538267204,0.36905430437528924,-0.07224378600086499,0.16701285260154733,-0.1396432451345708,0.007791432494191661,-0.0016592510881242998,0.06089019060448506,-0.016365809517907327,0.010907503702182112,0.009488615426583519,-0.020514118973192,0.036576252873932256,-0.019102178596600447,0.01230531747650861,0.014000596374694762,1
0.1674577883732235,0.3927943594945796,-0.07678411270454895,0.21962953867963234,-0.15154900159808415,0.0024360519784453363,0.0036511902123334454,0.06595458203319517,-0.011882204045528064,0.013050643398834867,0.010786637388269807,-0.01682991481703615,0.04067633531103333,-0.020836200846997912,0.012713814174467115,0.004131492325174392,1
0.1753844534312046,0.37387910693947213,-0.07732954731864956,0.16756520705750236,-0.12416535835390484,0.00815373902222074,0.0005818500973473639,0.0639328407292533,-0.0181900236878867,0.0031537776919186833,0.010002162331891462,-0.017167808224189552,0.035715745336148665,-0.018216832770177892,0.006079798333636282,0.00810086982629338,1
0.20505755356558875,0.3388007131580781,-0.08001437447205503,0.1243956041839174,-0.10365101545564644,0.015509860783323346,-0.0007605402807769146,0.0604326013051569,-0.01844385090461272,0.014880857806796275,0.008545033540781314,-0.013214820131790749,0.034307017690347365,0.00024577661699755614,-0.001748708026808689,-0.010947530090148351,1
0.20175178614220857,0.34954722778110525,-0.08297771357441054,0.13319245878636224,-0.09773412137685952,0.01735431301586902,0.0027389360762043436,0.06310776967687642,-0.015687638226953834,0.010490038803412217,0.007346883891440269,-0.011620390979819581,0.034609488842888725,-0.0001425928358355259,-0.005312210713864375,-0.023388358804016005,1
0.20647756987399907,0.3452086983580284,-0.0904566906520215,0.07179506207480234,-0.03600849974635657,0.032394088289930956,0.004089257504568611,0.06966264911850865,-0.017445819267108826,-0.008021383695064726,0.004600798596538942,-0.01639704030195375,0.03376315037134168,-0.0034163887584373405,-0.013647486413603475,-0.025588672378567462,1
0.19754419616551513,0.35905090938862616,-0.0795036441889288,0.06397428718459176,-0.062052863225908056,0.028001899929177995,0.0003500918296605622,0.060682991543928234,-0.031016194009149546,-0.010666862175288044,0.006287256437293669,-0.015633277374041257,0.031425788445444955,-0.003196639290454193,-0.01612627338840018,-0.028500998085356367,1
0.2110656466101587,0.3426366463859192,-0.0700450466054477,0.0976248334351803,-0.06287257640276926,0.02427233269864244,-0.0011254977112710783,0.06404565220721085,-0.025630475429568606,0.0033830740301275695,0.009783297111667292,-0.010149602519264882,0.032209653079373436,0.001238802649415715,-0.009764902023468008,-0.025817170782308305,1
0.20479639411604209,0.34955862141030886,-0.0762198207871105,0.15065714873897668,-0.0823071430494687,0.016934032423387705,0.003112393637489887,0.06768463384150349,-0.01479741855383107,0.007046126631911912,0.00960816183065536,-0.006992125991407271,0.033419147228769916,-0.0013373511417147472,-0.004800255139441151,-0.023414727096678793,1
0.20970161074616567,0.35509760920825356,-0.08837754940477649,0.14764908677079305,-0.06611283516815887,0.02192547377847183,0.006058212748408653,0.07355347723651759,-0.00941852922569775,0.003300811854823177,0.008042674185915675,-0.010270163890753694,0.03604046248080537,-0.0032002134378738708,-0.007398993698222684,-0.027433018124318826,1
0.18055125652585177,0.3637799075941146,-0.11610820355305608,0.1567337120629429,-0.0840340828937638,0.017067653611582148,0.01372172290431581,0.07025397643114768,0.0067686398562572395,-0.0065090333131681295,-0.0012812809780358317,-0.013072655486562999,0.03448890925993424,-0.012305441598896882,-0.00877510320388162,-0.02200538582852626,1
-0.40752538284131373,-0.0491300164724475,0.14176987446977538,0.3476033500356379,-0.08471151231668542,-0.013645728459223655,0.004577932974385017,0.089276216507142,-0.033389588709237326,0.03533071976711206,0.022587535942984793,-0.04027979982857043,0.0046577478426250195,-0.01738793910797995,-0.014266115645928917,0.004369320359450583,0
-0.356071997315156,-0.15573630001465977,0.06895877571238074,0.0031392928881290687,0.03294044199252598,0.01322821176854746,-0.021244066602827173,0.06775076828941498,-0.023630220483791178,0.021497651722472626,0.022412894088518823,-0.024235036543170416,0.004796043311860077,-0.018609669734422234,0.003686775267509992,-0.019695597209850375,0
-0.3594245827673495,-0.08788191391219605,0.0616436836667484,-0.010981921351493798,0.01953973548108053,-0.01147936433142348,0.001995746137606778,0.03694856083935366,-0.01272168329694955,0.022398239788980114,0.017661500178404232,-0.004439974541372678,0.0056746710311415885,-0.021543594371292028,0.017132184905528106,-0.012620391244816282,0
-0.37077896734901045,-0.0472546715541232,0.15264965148266088,0.14306166579988244,-0.12096606032604591,-0.012073236395982293,0.01841038142360976,0.02836096249120423,-0.015725446058426937,0.056972434263490426,0.010632292276334322,-0.002124512179073202,0.014819502069525368,-0.0194449732850073,0.00904808542313404,0.010634390155058914,0
-0.3952205559582549,0.030625311354331563,0.04361379509061437,0.26388002824411605,-0.11635795803118473,-0.06298825557630605,0.008436037121967659,0.015503444075759631,-0.055585259639714245,0.10163982030266046,-0.013080949470832166,0.02657418107040902,0.016397313869852968,-0.02632337667889691,0.04000109506248685,0.013433662172032344,0
-0.4121122144835902,0.052055402440033254,0.11030482335665337,0.04047190961017393,-0.02818163835575434,-0.038391930297095755,0.0494975562912316,-0.01563084282968115,-0.0037578626334231623,0.03374559116880596,0.013571624648106021,0.02459463842978682,0.01804545961776414,-0.01969563285322571,0.030714738697974895,0.013005241256734513,0
-0.3569603544998657,0.01817081476535162,0.14736250563190167,-0.03930458073954175,0.03653649792580074,0.009473104620596485,0.046030994333441815,-0.012447347065489375,0.027220207017872255,-0.019050710272748385,0.027629080658434623,0.002787008209624871,0.01118636231540886,-0.017737925449955845,0.023216158395827278,0.011741034682076306,0
-0.31574778587065644,-0.04774793826010384,0.13193923162616844,0.019842352245122253,-0.0388469641404696,0.009408145125774786,0.02360166295510656,0.022032167940523446,0.013356063921289667,0.01028897083114888,0.018421818003090284,-0.003502443986506593,0.0019305801845384493,-0.020198772777434967,0.026262309414441246,0.00356086920747075,0
-0.301931186507927,-0.03455309533080961,0.14556307385185255,-0.025590802049718725,0.010103153333936365,0.026020896753388742,0.029824405782851303,0.01416048995623617,0.03031928994370978,-0.012301318183908611,0.02275936749384151,-0.006352561322852176,0.0022037796117111087,-0.01809240979952438,0.027123367620700077,0.0032010450653205866,0
-0.3082837434499173,-0.06788331724492336,0.14195303371200943,-0.19026908594991448,0.011829013869811826,0.02979850696747018,0.022499186914196168,-0.018051772930010493,0.027766248669605493,-0.0299783877560895,0.03627154241416613,-0.009193203608740225,0.00602070901158477,-0.01925708211032089,0.025821024259173146,0.0025039115664053945,0
-0.3187763835610992,0.006073530289719471,0.16463819441122837,0.011138299538671886,-0.09376475511777621,0.004710842623898902,0.037615011755678426,-0.01867766434450403,0.02062496264922991,-0.006001487261590213,0.025498073369211328,-0.003730399970470639,0.0009109637476525388,-0.02224710581133718,0.03547715141544765,0.017518350361952154,0
-0.3371689048649361,0.0062789752624259265,0.05436001343586829,-0.058861057919477586,-0.005124466823065027,-0.030231256547805806,0.03379209441637815,-0.008845216433460904,0.0036144110076044953,0.0062390033752411905,0.014102392543043426,0.016213004155911426,0.0008962198776580413,-0.02013936902490743,0.048098951264456694,0.0007835024007415415,0
-0.386935625243638,0.007855785317189197,0.24781818274117567,0.06855763839437888,-0.09011323291630578,0.02252059785837421,0.040775978961156846,-0.027355782212155934,0.03730021699660389,-0.017813814827277185,0.02775167913708422,-0.020518356941617726,0.013434168120629583,-0.008709560255530133,-0.02133542644288967,0.016408318485949872,1
-0.41123611734091503,-0.026278681824319836,0.2707405585888502,0.11996736161294937,-0.14777820031174713,0.016978583113156507,0.032696636554558074,-0.01626344481677481,0.02593622414863507,0.01751338272212258,0.020591347650451883,-0.02335405580000733,0.02178174292281362,-0.006403260534620773,-0.03327394817549485,0.013840089977543843,1
-0.3820822035865201,-0.012638057447830134,0.3564227035940821,0.014445426552224815,-0.12605815632918457,0.0640083454282449,0.010208153608297743,-0.09476161905390432,0.06294079543790515,-0.010826380741238753,0.0064473220198545955,-0.03400797957880841,0.028322550418788447,0.0006324096587316269,-0.0263696750767206,0.019316071335749817,1
-0.447855466547195,-0.009936984605203649,0.2271043874556671,-0.04913465746236471,-0.0498400325262573,0.0097474418169195,0.040711884298520726,-0.04607998143706804,0.024189543440790013,-0.025037284183133814,0.04666740738133241,-0.021790861690562886,0.021806312479059578,-0.014903312976354412,-0.024050266485073503,0.04172475283540942,1
-0.522134895696178,0.017344315139521487,0.16939612283123823,-0.11985895093481741,0.024028002193017012,-0.025686138761262783,0.045349202346681675,-0.04479309798812395,0.015792188213543612,-0.029878307214030193,0.059046119861357764,-0.008426713811389843,0.02190669162350281,-0.0067849328266540955,-0.01610803686429745,0.03760731673459135,1
-0.520640069250887,0.08358411653861188,0.22498414720198298,-0.04534333695114825,0.03251264679747683,0.005495138115076717,0.05968622816268371,-0.0548626915043718,0.028115104476073797,-0.0400882343849634,0.04830667681996746,0.006457571260674858,0.019059944336689387,0.003795612574514105,-0.022933376838941987,0.04728802963661482,1
-0.500259944903776,0.044984653317664124,0.23811286465784212,-0.0008099934103966937,-0.04508386412191434,0.0018126191679331833,0.054886254889804725,-0.05027681467242944,0.02124240176777409,-0.030923132270765583,0.04635210598418549,-0.007187611193638851,0.019268543472733924,-0.002933761826836996,-0.030294440933860987,0.040451694688790535,1
-0.533746227989109,0.015263999298081744,0.20030635594527477,0.06861470656306486,-0.2026082489349547,-0.05642559249813105,0.044964733826694234,-0.035273146520321846,-0.016881365249034292,0.004396719680297945,0.0543478158019774,-0.014541507814519326,0.012990754046722414,-0.013452697055115556,-0.026170136973245765,0.03438277518043429,1
-0.5061651869065027,0.007014677924173262,0.23242179483033826,-0.04543923136290292,-0.009173556295945594,0.0034246943782668977,0.051344555045740946,-0.03956546350728359,0.026985066152912403,-0.04841465354952982,0.059535062238213865,-0.02597000541686085,0.01821691207209857,-0.009081642060446444,-0.03503553289613894,0.04646685637573283,1
-0.5265232937537707,0.024155181485665332,0.20632384598293046,-0.016424320734251267,-0.04987300593041605,-0.02353358854935429,0.05256911448813065,-0.03405628606814069,0.014256911159122145,-0.04591298937873213,0.06432889462773489,-0.0190876012131892,0.01228001233488764,-0.006529405509098292,-0.030303341722380833,0.04487373801038057,1
-0.5268530368745954,0.0017942449041198029,0.2129872608087423,-0.00958769438139022,-0.1468613702818936,-0.035768660921248696,0.046214427037044314,-0.04509850388173206,0.0019181013616662603,-0.03594085467363197,0.06718338591980587,-0.02703320540236146,0.009532406857699545,-0.013095262173959059,-0.02874022282184037,0.045531866490793216,1
-0.5264974661241979,0.0003722670644915578,0.226278523943516,-0.05217741650295916,-0.11759174068954326,-0.020687507885209403,0.04594246840242634,-0.05733591206694082,0.010335115986774562,-0.04190349116298572,0.06804076460743062,-0.028810688258037388,0.01177043080177428,-0.011564782930417692,-0.028490140767940104,0.04598144079748712,1
0.5426588792772384,-0.2625570144238547,-1.1489187676577146,0.11467115849439,0.3501872262180145,-0.4630714863741225,0.033096580801738114,0.1339380061997119,-0.46180443164411517,-0.026354474209333956,-0.23832828929721286,0.005873233899200854,0.2166945890597567,0.14570192834170195,0.30883894777208176,0.010922976449866012,0
0.7324005522495667,-0.22824633268915104,-0.9569337439005343,0.13420640005840465,0.3098686738225683,-0.16704525255258482,0.004305510419823681,-0.03338583118359107,-0.27461739464606016,-0.10686982524719306,-0.4593975993111513,0.01831740509577026,-0.06573569708195703,0.1111193214334739,0.20935206363491204,-0.03876077636820164,0
0.8570003505795797,-0.2068969622134167,-0.7961705061748288,0.1783719825813499,0.3090633735915648,0.06638851015226967,0.029659427709528716,-0.08129894200437265,-0.1984574499168181,-0.1516975700649512,-0.4557660760382353,-0.0025200347807603062,-0.21793076272670306,0.0967956701615087,0.07177335859983677,0.02999874190367097,0
0.7833007652433539,-0.2229492746708405,-0.5945791818464363,0.20908641812266635,0.15707218621131472,0.14614575227352333,0.04732978993361872,-0.17039697273366167,-0.14501229248160843,-0.17017657942262004,-0.22351667882417459,0.02372040849898821,-0.2360788267425155,0.09021789838571918,-0.015973739939637008,0.08630269707010722,0
0.6537606079722191,-0.10582554343033314,0.006008050017139823,0.21347872264304618,-0.0102888350394654,-0.28127998304364804,0.046178056728282485,0.03734056095020667,0.06487960363025704,-0.22838071909461613,0.04257945205692762,0.10022116160308454,-0.14456203756930794,0.02608972843438469,0.06052947840302285,0.02026805852785736,0
0.5760061101618127,-0.44297746404985444,0.10224456593603655,0.24247148609058786,-0.0990576266947519,-0.2042304082750668,-0.05651092460106832,0.04246790874123203,0.10914259761308907,-0.1590417185794401,0.07423107058142495,-0.13390699770500067,0.06373950262251983,0.04154062010170747,0.0007900011107646998,-0.03386749517758165,0
0.32790928135133973,0.12898570263783085,-0.16311214229234974,0.26441637207699126,-0.17014144858861174,-0.0063498605916175715,0.050266429289551384,-0.07578586857208053,0.027147960003631223,0.06678721281789919,0.023648084517744063,0.02396065914791797,0.0014573262945764094,0.07273206396683868,0.020123731222706814,0.005391189721964962,0
0.41939275628782263,4.4160684189648944e-05,-0.07900185062609441,0.34146949424480927,-0.08411327653402594,-0.07402108544410603,0.07390567671517329,-0.11071031773966988,0.02225250426166337,0.009543614843988694,0.05216174246621675,0.022796239890136696,-0.022167546778797998,0.03853239816616405,0.010839464248350743,-0.038196496297779554,0
0.42756879948608373,0.11967208782866312,0.015008935713098564,0.24636571586890904,-0.05796602346180702,-0.111031866754571,0.007498619887920323,-0.017772094133290995,-0.007496038889658378,0.05076177868576138,0.016131455303907163,0.037067450587638925,0.011726984740345297,0.012246604296321349,0.002372306964962024,-0.022206619614036305,0
0.4152003783283788,0.15359426957709438,0.015691326899349756,0.12513667461757294,-0.08344341481248949,-0.09013228560172232,-0.019371228164903796,-0.01493658816763294,-0.04712932557430054,0.06416466135494568,0.018290248155428093,0.03224341762724169,0.016589761600410736,0.00626909853315431,0.009980448973347676,-0.0030410820372207474,0
0.44250676060162886,0.1983039106293378,-0.0183663962105903,0.06054728849693301,0.011828914435879223,-0.045994685937924225,-0.016775521769155973,0.022459378182183378,-0.05265586208559952,0.05082033806574136,0.020830255119035107,0.001962959288005088,0.026653542582353255,0.0026209874261123077,0.0031397169707700037,-0.011333094151408225,0
0.4537833045298093,0.17080816804532506,-0.022493772085372912,0.13493215730201397,0.009281037723330913,-0.05814251942324246,-0.0011277086211930463,0.015088584437409153,-0.020369390550140257,0.06415473207180294,0.023769819498891034,-0.005542461593702899,0.032178968655016134,0.0007656386283631644,0.015995684973050237,-0.006890331101198232,0
0.3345426563337505,0.13929480382293893,-0.12578860697720376,0.18019983455972205,0.0020781400390314218,0.02549903176260862,0.03814806745128013,-0.00025532508868151616,0.04750447597112362,0.051524549043214185,0.024474972427132403,-0.0232146478558325,0.02235279097447664,0.0352552667953258,0.018531679067903005,0.02347384052188543,1
0.3264004773231995,0.1776648189007543,-0.1890154979018974,0.1863082340492473,-0.007974351295586768,0.05229991370898856,0.03359512492436309,-0.00462706777701691,0.0708029997081955,0.05051022188845249,0.016631928427619964,-0.0434242198319825,0.028459284100415313,0.044575788972739123,0.015418723766129728,0.030704505839530355,1
0.3017026570545812,0.18893458203948113,-0.176400506597244,0.08104287371264285,-0.03836537294923976,0.039852814800138824,0.030557926305048545,0.009015081685936966,0.045036198582974384,0.044286979924028594,0.0008356076192194569,-0.037571764082991364,0.02532337977808795,0.0460331999870087,0.0033433266488966467,0.02859732088516885,1
0.24230400306186803,0.30283969377255043,-0.21938907578075256,0.005563343537665123,-0.05624698578496411,0.046204409799670686,0.009754608812739787,0.04964639114034649,0.04540613744812381,0.025389701020326224,-0.023048898515266644,-0.05498053142523098,0.042244799768917034,0.014709877057870297,-0.012194642688170186,0.006945973856292808,1
0.16942500401611665,0.3573470281218095,-0.3013236926577765,0.032492277976392446,-0.05206237819764182,0.03164552788171593,-0.0035942615250204473,0.03901779981946032,0.10096709618199574,0.00301041426442623,-0.03345916604269364,-0.05189399054623592,0.0350916464254248,-0.02304507801425634,-0.016672232334710185,-0.019048699039507243,1
0.13585188261791695,0.3560334930107754,-0.28950403462797025,0.0990558230737332,-0.11278981591535314,0.012844960239731397,-0.006125983505074032,0.028977174402683735,0.10359861309289013,0.007327617677209709,-0.03219090955181292,-0.05276347559696172,0.03218153673959615,-0.033109384418892565,-0.007658703429663998,0.009742267187742926,1
0.136108218123214,0.38509159462671905,-0.27526261931234175,0.12295642401561367,-0.12768547237114,0.008369172234672486,-0.0015836210214557832,0.03954104491278803,0.09317600044350656,0.010455458435450513,-0.034518665124160026,-0.0532092779173143,0.039074901347555174,-0.04085279286405962,-0.011331953505423794,0.012139956823398948,1
0.16046868900956002,0.35407452589002614,-0.24279129488567427,0.07534932775917205,-0.1238773964343331,0.01810627999244178,0.0012523899556325887,0.04250504537255407,0.06977929418072341,0.011870187618169922,-0.0318104096721799,-0.05346315609358928,0.04100839281117009,-0.02186803832479095,-0.009498810653478676,0.012744749298098344,1
0.14870591560474164,0.36546101855494023,-0.22993545482560285,0.09434997815927072,-0.14089107985216984,0.010208842580891993,0.0037519864762411725,0.043300764312873705,0.0627177192081763,0.006505175084410186,-0.03209494002949464,-0.049409620481639556,0.039135393673387794,-0.025264288187738605,-0.011544099469967851,0.010022008900817945,1
0.16269964886841903,0.3686689159168285,-0.22656323118990962,0.03859592936801221,-0.06323442952294725,0.0267424276300528,0.006474334386607796,0.05972812088491012,0.055030800187450817,-0.011511481119997384,-0.030577363286070764,-0.05051249891761384,0.03962070685746783,-0.025854680222101172,-0.0176156009145728,-0.00642180615936232,1
0.16506028437877213,0.335680993423902,-0.21724727526997814,0.05998295713339986,-0.07509036524929691,0.02225928689497416,0.007946550016603538,0.051881736555437374,0.0567908799463988,-0.011941338728339728,-0.02638490786981139,-0.0435752075964131,0.030635538975567846,-0.01629408831174996,-0.014441902520685982,0.0031670347127763926,1
0.16329218469132598,0.342831889974821,-0.22662814070057558,0.02461013042507091,-0.0636093220138067,0.02496927512081271,0.007619174461508121,0.050777480441361586,0.05630019892012319,-0.01605115629970166,-0.030512373990166375,-0.044709370390708526,0.03112213634473422,-0.015146878778645496,-0.019717746932437625,-0.011549249469851613,1
-0.38774274531659897,0.06632538942739537,0.19659188128512686,-0.07278277774586693,0.03815410067404544,0.017718445918249157,0.05727485226884366,-0.059420681973153935,0.036178172099421195,-0.04726684916428097,0.03832096824860427,0.001078130372175947,0.01638443449776634,-0.007526435546768593,0.011250115551879632,0.0238237757886246,0
-0.3628811988977091,0.050450218343925664,0.15148494270913057,-0.05199082055948423,0.05892234508512761,0.005001511000049205,0.05296164437341388,-0.03699759009152561,0.02207584090230065,0.0020248621283456524,0.019700168524619137,0.0222494268082277,0.0239823009898747,-0.006919968167947438,0.02398095908472856,0.015119833054931761,0
-0.38967161915243176,0.08215210889088588,0.13604764230579044,0.01903784967714101,0.05158134134248061,-0.018891666055293677,0.06358204369116412,-0.020676146330018064,0.023258538128264797,-0.0294281447452127,0.03251027618377704,0.012970988711456657,0.012678117905938343,-0.005892239195582053,0.018130483575268308,0.02321016760068024,0
-0.3837822687152171,0.00915742184279319,-0.0014743750181452334,0.002427442591764368,0.05887404363612946,-0.06128262187626096,0.020270704620041585,-0.001225364788811416,-0.017742489132914374,0.040720359805416696,0.0017849758851628135,0.025264476191546932,0.013272488126286789,-0.013719596933890556,0.03547341755633029,-0.0028400987201597995,0
-0.39226724834808796,0.026957959054340577,0.05727412436612231,0.010571873531903846,0.04934852477661778,-0.04873412233344132,0.038218895878284184,-0.002098391250027503,-0.0043445713454933945,0.020985935623366626,0.01663146053101739,0.019639446275610064,0.015211898006571089,-0.012604665100576387,0.02766791877712916,0.004695411936583457,0
-0.3731134373089599,0.0055189461547819375,0.026610883106445316,0.04674633045724383,0.0013729991926580793,-0.06036134427109531,0.023390106064601682,0.004692059025779793,-0.01697936532329739,0.025017766088554775,0.012052525889172995,0.01432234677718893,0.005624457990338123,-0.01697715646963968,0.0317500134924315,0.006318587057784131,0
-0.37310612177465996,0.020213165267421448,0.03605518497317416,-0.04218187061684067,0.08178605684900758,-0.04430458428419422,0.03493101476258403,-0.00645776539722309,-0.0009297027328910626,0.015420751182338406,0.012187685511354551,0.027065248142920235,0.013670966952722236,-0.007281033333061451,0.03126639169151208,-0.007202952728220728,0
-0.357395920463581,-0.0010750316857524697,0.019803995779330112,0.07499525786690174,0.03332378225826165,-0.04819733427663356,0.016853754251730753,0.015771924232399998,-0.017297206814836333,0.030165615127415325,0.009352218029606304,0.014777060238732282,0.004972613690670875,-0.014294028286977066,0.031178849350281465,0.0011465689182992987,0
-0.3579550407917445,0.005902226010406833,0.06363695672205519,0.042192752558733115,0.04174394625441694,-0.03490963151298397,0.03276874691613872,0.014390266219100683,0.00027685064318728266,0.0033408052557547833,0.02084205692180649,0.009304695142139056,0.004965422305997203,-0.01142683587554355,0.02244691585832578,-0.0007804331131972713,0
-0.3390748565415534,0.019172998081079747,0.0029613127892048814,0.03168012696040781,0.04622680587034685,-0.05330531383706818,0.025912065940280244,0.005015754172708537,-0.006752685306649704,0.009962257013819588,0.00886168241716195,0.021473798401190132,-0.0018422611855876104,-0.009968974651104967,0.03860245577359171,-0.0046645307347394594,0
-0.3308081636710624,-0.0024699144802720003,-0.05817830508231131,0.05119388108938365,0.015824322757262994,-0.06645479162468053,0.00154784829074324,-0.005409476854799552,-0.022922197255470896,0.03187899032218989,-0.006196162808145878,0.024479389071790536,-0.008344676669192625,-0.008314188468144159,0.043707843181153845,-0.012257549405840666,0
-0.31628440640602457,-0.014042500864668442,0.04329683644722929,0.003586068748599565,0.03231196044591883,-0.03168969520699604,0.026827522608455008,0.016746795407021356,0.007193506266853902,-0.022723101404018207,0.025194046364713125,0.0031523466225445384,-0.009101429830603367,-0.009978348515428155,0.029318566577892547,-0.003767564581356122,0
-0.27520544383534806,-0.0853242954172251,0.09694130817251453,-0.004572215444631546,0.08828689421626547,0.027656223524722006,0.007967613312471816,0.04894195716772709,0.01963241072125966,-0.013184295069378488,0.021712075301810643,-0.009892960914098642,-0.002757171119085065,0.0033508706027923153,-0.0022643336558873387,-0.0005196962026884959,1
-0.2398987828157047,-0.11005912398458653,0.057128225508764965,0.01679934749290649,0.06424968441301003,0.027719945595373063,-0.007102950284353596,0.055510168715903356,0.007807899157714155,-0.011331060141178679,0.01835894899403304,-0.008945201554732496,-0.015565866692828435,0.008267765285609088,0.008154038792527346,-0.00625334309237107,1
-0.2708704403176807,-0.07441882802350845,0.07007357266982286,-0.02144326900977305,0.04856328918049645,0.011732245634350876,0.006328771725686321,0.031591653874768505,0.008039604669323384,0.003568641711563026,0.015756731580479293,0.003856220398638468,-0.0030787734547516677,0.0028514422748874514,0.010948178222391414,-0.0026167669967791084,1
-0.2751036156647264,-0.03192633517680978,0.10405612928912895,-0.04190313225748887,0.0783063832727654,0.020007201065884724,0.02342647209811487,0.015916547423108655,0.025008631250711785,-0.008045817845705313,0.01742022611526273,0.006964669573681808,0.004387184877022051,0.0016204935608895318,0.01159651554234836,0.002510418872125575,1
-0.28840071111677235,0.009028045302343423,0.11445780448593293,0.03970716993550032,0.10471407230962579,0.01860821303752237,0.0356931363538989,0.025716925937307546,0.031741266319353104,-0.01374982847748398,0.016435451883865314,0.004590321157014425,0.005410244718366456,0.0005277521585439996,0.006896527655046972,0.009647799575736563,1
-0.31743857905946843,0.006545631761705591,0.12813057403035438,-0.01898194258558202,0.09749043288611019,0.016865778441100522,0.03710470719576423,0.006124418844887974,0.031242603984192884,-0.016885981266590737,0.021989944067770106,0.004661305214128393,0.011769714155927478,-0.0012704604877381712,0.0031073567078763603,0.009214177030285615,1
-0.3334034442171142,0.015282584741404657,0.13605014262802062,-0.04224704237542672,0.11569456453714687,0.016935016543796477,0.042970475301910956,0.0019722264225351537,0.04195216940554111,-0.05389303317739618,0.036570815376445354,-0.00822757285505263,0.0069345142928995285,-0.0020653558501833027,-0.003679195194792707,0.008677191847012858,1
-0.2904466276310577,-0.09157535672811906,0.07945330824954686,-0.012202233215648554,0.05950695289376521,0.010109523608265673,0.006765645751854678,0.049171018021340114,0.016231716011214505,-0.0412374605163878,0.03558552625078859,-0.020755445982980507,-0.013532994722436496,-0.002261324995320245,-0.003674432316168321,-1.3094136059431178e-05,1
-0.33999135572489436,0.02257225960822713,0.08503909630989179,-0.015512806055104486,0.12597342535665187,-0.007199255195626501,0.04170489637671569,0.017183938674872435,0.034888412923498945,-0.06195882105129257,0.0396070691075622,-0.00864366736860278,-0.0035913063837515837,-0.0030335240181185484,0.0025256149495150376,-0.0025411453123623615,1
-0.34425244461875604,0.01574806607836353,0.06810676073871429,0.003674412539692842,0.10750652238582846,-0.02038561023563866,0.03807528083432467,0.025351591694371865,0.0313476005943549,-0.07898479361301873,0.0468920173797875,-0.018879961209997777,-0.012501267786116517,-0.007105483019031501,0.0018465854995928983,0.004957062704933836,1
-0.35343775633448526,0.021034403292195178,0.06653473408878381,0.04102919450976347,0.09612556962619344,-0.02711421596641383,0.03834531564604352,0.030295373926360128,0.02672494755022004,-0.07322802595281985,0.04657975256809523,-0.02091465409838264,-0.012934854142412437,-0.00994984318510503,0.001401323315348024,0.012001042683143597,1
-0.3566982738048744,0.049890392975748626,0.08217619813995904,0.09797287146784624,0.09069174161524973,-0.025226139024433648,0.04782996419891775,0.03255279817660834,0.0285486377451373,-0.0619777707431982,0.04206615002245352,-0.017427696607900944,-0.009856167975421775,-0.00905232256429938,0.0012625860299318647,0.014842525862016537,1
0.5697688706641093,-0.7247822504454692,0.04617454867436176,-0.14688668564795432,-0.2515989083903056,-0.11647139636833159,-0.13012354686268401,0.0005550287394513545,0.037234267610159986,-0.07197073185578741,0.12774494972898587,-0.18605423760170772,0.13607976491098814,0.03535369647657957,0.003021192415858979,0.04578195265620668,0
0.6039941816457132,-0.6838661080247813,0.15497942323713135,-0.08722955763711739,-0.23548132980720013,-0.1806828569311464,-0.12694605646394627,0.06693731643767821,0.07173258596115496,-0.03407776710562018,0.08206624413108635,-0.24588822019550538,0.12730505900494965,0.12059911010087321,0.013575231586388655,-0.005727479879541962,0
0.5918594132626396,-0.6481040754728707,0.17296972189105642,-0.07326102371237153,-0.26115887071461485,-0.22702854544780485,-0.10948767498248031,0.08016781838213323,0.0748234280255365,-0.04407284449749189,0.0826535278794365,-0.23363471542342013,0.10798198287166046,0.09878211130280437,0.016036843937705193,0.011706890673190747,0
0.5603954109865326,-0.6321913625926479,0.026802860867792117,-0.11042030521512707,-0.2366041678583795,-0.16851043686467282,-0.07700519335506231,0.016899025588798036,0.028689744935694216,-0.14299322164593642,0.13260395335179676,-0.1297276556575159,0.08950679739903618,-0.0054141337324008255,-0.01162516732984957,0.01980272966723729,0
0.5604181585529504,-0.6425127311923956,0.06992963191732021,-0.08949177044229135,-0.1477030678370899,-0.14481071202816484,-0.09971846143407954,0.03577242135887158,0.06677581301847044,-0.132221304819818,0.10967750436224032,-0.1796000604944029,0.10542262473615412,0.024629232042930424,-0.010065626335009775,0.007135191018015424,0
0.5213087956828051,-0.6760623909452791,0.06785948966428902,-0.17174825890118525,-0.1771181754979389,-0.15136440250269784,-0.08479342007282785,0.014560127881772215,0.04856189894233655,-0.13277630525920364,0.11664260206216336,-0.17336917403012816,0.11620205448866483,0.001485381125533224,-0.010995413184975862,0.027796403235737302,0
0.42500601921745157,-0.7002089242307408,-0.05905840165068798,-0.20383956383393995,-0.19386583923292183,-0.0383374424938084,-0.03152789898038812,-0.07390081857105242,0.003502445063836872,-0.1752359131136846,0.15146515913812264,-0.0996958850266998,0.09842830038473059,-0.09809434550614604,-0.013909666155272555,0.06727906254702162,0
0.2540853200322539,-0.5261945814984246,-0.5600573576015548,-0.10244658514051012,-0.19114251018877593,-0.02820773266826984,0.1619345900119342,-0.08960991025245718,-0.08217929238186807,-0.11562996492666835,-0.04651673710750991,-0.1438751893803941,-0.13644559506462664,-0.05363440634700776,-0.0998763671642027,0.02007353626744211,0
-0.040194872154595954,0.5933974956697581,1.268493116699114,-0.4308342869624828,-0.02030803594094189,-0.599126553325774,-0.041532967973285415,0.2637757137233607,-0.2655926060335061,-0.23828852713243456,-0.15812047493769493,-0.19884244802634174,0.24877673858937158,0.20848153768167596,0.10099734034066635,-0.07153093750678204,0
-0.09187552230065062,0.7877041539248817,1.2489085667368829,-0.5010911890644908,-0.025029155265111697,-0.5634511618560331,0.12031174287838305,0.526159426632768,-0.25897620392426973,0.03656844612555836,-0.19948436093055438,0.010380315599290755,0.05678201221084513,-0.018568640334587307,-0.09181902398133503,-0.12107291826552131,0
-0.007798399504406587,0.8160241105154481,1.1634501349814776,-0.4825981857781434,-0.0955853889567479,-0.5882986976733064,0.12189506423086723,0.3599019710927225,-0.046604026204622666,0.004078604761893702,-0.10593280517805233,-0.03696338291502592,0.033484989781016654,0.036589580922509427,-0.000980875969235691,-0.07338637662138181,0
0.3644270555010261,-0.048869308197855114,-0.08317626890124577,-0.05958503248017034,-0.010754408695636736,-0.03951261309866663,0.09107221617321795,-0.06195707845798651,-0.023557023825155055,-0.014549428163514736,0.01986085614254073,0.03563472541109243,-0.029096259106386326,0.028434870573298167,-0.01686887463949014,0.00044354634713911326,0
0.16268689905745554,-0.028558477400248576,-0.13492798119262334,-0.12702702400540358,0.09030714800694387,0.06967570334679975,0.02677352600148827,0.00254513626701145,0.051657858808358936,-0.022851007381266997,-0.015443738905708864,-0.02380525982465832,-0.03413216140831473,0.036310122070024604,0.004059681460612711,0.05412686094709518,1
0.2057771729596324,-0.05136818809241335,-0.12700428489468174,-0.08794783885554443,0.1397677240259102,0.08701611367323321,0.040843126738171885,-0.013345325667616738,0.05444949715259486,-0.013010310728371478,0.0015073631292880215,-0.03729011118009316,-0.020206879371223514,0.029597490269237813,0.006589643201588338,0.041089741284333556,1
0.20383653858423845,-0.044287879849908895,-0.12941248999252383,-0.09970623415141697,0.12272772872024118,0.08334407683248786,0.040197830310373175,-0.012689619169287873,0.05424780315960086,-0.008445884045676052,-0.0008972091803367517,-0.038213330297134106,-0.018660276616886406,0.031695270578227325,0.0074224106325173084,0.042639624563830886,1
0.22039226516636617,-0.04582512494673061,-0.12627865946277794,-0.09521524218342152,0.13054923089620302,0.08547517437154967,0.04575234546029252,-0.01815043261429649,0.05493428306314204,-0.0012615056902959742,0.003924280231713909,-0.04485389639924656,-0.010776348284513937,0.029157069757918243,0.008689901825884938,0.0375689309960361,1
0.23825448801350568,-0.048975743648064146,-0.04451663839502197,-0.10486538176437477,0.1529556326785369,0.06304515900809063,0.046356899290099805,0.004967582697147494,0.04383294315932827,0.0195422656974447,0.00273413974677889,-0.03520728741890172,0.0077465192756691345,-0.0031776065965307947,0.016198809732978842,0.030075373107051415,1
0.20422313136389297,0.01176118801595642,-0.006912802162077025,-0.18541764092044968,0.08155688462544922,0.050109534945623105,0.01324572841961796,0.025439289713177434,0.0175709331114499,0.03250094650240864,-0.007074563831797312,-0.02735501139144465,0.008972817220878952,-0.00792122301123493,0.026606301426171753,0.053229971721997775,1
0.1607054713724616,0.025354832561166506,-0.12466454299729422,-0.16552128989500967,0.09272644531363458,0.06831552594646781,0.0242998272970273,0.02600412155215096,0.05835386113111134,-0.015291015514027567,-0.015322375315663894,-0.04348576221794999,-0.01563320288535228,0.03236654051445624,0.01078508836987079,0.04207826771232691,1
0.15744218826881637,0.04676279992093427,-0.12597931937132612,-0.151243869287658,0.1234693300664292,0.07504175854195018,0.021619038356610124,0.03730831819098362,0.06639939582561254,-0.018589796877546163,-0.014449146648585208,-0.04667046274035371,-0.01165069660715714,0.028599802258903705,0.013222247655935451,0.035556357003128605,1
0.16044062133628853,0.04616558558368028,-0.09813872573104682,-0.14455422191499295,0.15087455501914102,0.08238197633027335,0.021356483855228228,0.04815938822730791,0.06515331202365912,-0.010862616724367355,-0.011237040308479964,-0.04569530030916063,-0.004765362689582762,0.0195984956067248,0.018378667150241345,0.03234338337662894,1
0.14589179730822938,0.05967401474784365,-0.037349957551544716,-0.2064957569628922,0.08077266855511644,0.06489334123025159,0.0018120368591496422,0.046299866638062674,0.026962118498752373,-0.001500890899411391,-0.010686549600201508,-0.04087996874631484,-0.0009616153347154645,-0.0008998087408071657,0.026791667734930507,0.06829059011577149,1
0.1496657066988797,0.08667523634367115,-0.03939960720493434,-0.1612081168709301,0.1368978122670455,0.07714032185632108,0.00357677098121494,0.06351066331676943,0.04155315820804292,-0.006346234546260196,-0.008967559699100904,-0.04168621465002359,0.006016828749183368,-0.004399412551404515,0.02831834903210884,0.05570017966039439,1
0.14618928037630408,0.08065231238887365,-0.06516422690747385,-0.178682852232531,0.14261345544338752,0.07805389915113191,0.008770336555847209,0.06139664862686004,0.047157302358904064,-0.013867920600511513,-0.011749818230464327,-0.045118763386913584,0.0016047311814127248,0.0025379410193974417,0.02417537830804566,0.0520717675013171,1
-0.29319955358710303,-0.1718022700719756,0.27309807398460156,-0.23354032089310925,-0.11784669649016873,0.06268461935121183,-0.0187343083586484,-0.0587778524498426,0.04191956967623182,0.015362097019865179,0.03614820915156143,-0.037315261912323636,0.02357670758177998,-0.023574426445304594,-0.0013586857324000008,0.027482790915802278,0
-0.28766180016423004,-0.1292618336415438,0.21656361815274502,-0.10317170509288504,-0.030971367676476506,0.051038838087876466,0.005063006487484303,0.001884793801778253,0.03986280387580955,0.0030643932917374314,0.022055207613874597,-0.017767080455381837,0.014428793629733263,-0.008631547027493974,-0.002930897344875256,0.0024131088147401085,0
1.146072235715805,-0.22562496635213095,0.930058802229271,-0.08947914518401026,-0.19209780855592665,0.405907300408863,0.21330613546430546,-0.043884786648836174,-0.16120466465445507,0.06129154440555645,-0.21267117898801016,-0.37335216368749286,-0.23263801811456755,0.1385805366302875,0.054213860257635305,-0.1579753862427386,0
-0.25194956759762005,-0.18520641878658797,0.19296015807382802,-0.20834823730213195,-0.09272633492949339,0.04424926491394858,-0.009968721175036638,-0.009961241275970551,0.01983778373618336,0.02437812162676543,0.022953210305517245,-0.01027936862011876,0.012266112216898196,-0.01540984666883195,0.008439572927247846,0.009928107512003223,0
-0.2554954125455311,-0.14527021208088098,0.14196410286688765,-0.11982035535579406,-0.012805787470110599,0.03604531679021903,0.00234615744347715,0.020899158425296,0.015485723390153965,0.021316405696629116,0.013035098794084427,0.0020683679257376226,0.00719812279578156,-0.0021081149121731243,0.01183232710937008,-0.013063626438105047,0
-0.2393627039611156,-0.18875921213634117,0.001014791988244676,-0.1754510384709634,-0.08291793497025934,-0.012461639122012005,-0.016866170736008358,0.003911475216803531,-0.03519819851183602,0.052068088858450136,-0.005336269692836692,0.024734976739810934,-0.004844820039793674,0.010600654526065607,0.02601852879438723,-0.011322800638312992,0
-0.2455187099740331,-0.1174535280107615,0.08904784440743006,-0.04957791057437375,0.0611429921035973,0.03118789718459336,0.002923728184053201,0.039876402095383415,0.00706690539514594,0.025524590383954573,0.004473040005068519,0.011893566864427203,0.0030623723209709276,0.007174227803381226,0.018776392663575187,-0.0179090680638523,0
-0.2494361475608317,-0.11952408726285904,0.1371082558576814,-0.09958504118618929,-0.03350323559844242,0.026064244367368743,0.007270131683004457,0.014970648159620873,0.016847905693921847,0.004632603203346803,0.01832234223048105,0.00155452951196869,0.0007553970180749419,-0.003765959316314308,0.01795264942337455,-0.0011685947620943546,0
-0.21413439584866123,-0.15814348865786082,0.1900171362850988,-0.1341807296805298,-0.04865151444985775,0.052319747633073434,-0.0071208689628509125,0.01287998205575903,0.03633680212462382,0.0020262354940166105,0.017279377278630312,-0.011206100572007067,0.002093875250478628,-0.011321557310322722,0.014613811554982346,0.010819511495334446,0
-0.21236330476259607,-0.13003593245089332,0.18396386324254244,-0.02778104136231077,-0.07303777213752367,0.04242115168915082,-0.0037487337618810957,0.0283917098609286,0.03717903234271605,0.0010513495376014103,0.01379125096372783,-0.008827400803364444,-0.005094402838173562,-0.0055792951900911205,0.01940945667932897,0.0027354707747199807,0
-0.2534595587119705,-0.12528886107321913,0.09320377526601362,-0.14007911428339595,-0.07904115482850131,0.0002922121833844934,0.00807434312228655,0.008668809446490693,0.005475116409608199,-0.015249944048493135,0.027951671221978166,-0.0019279869987176381,-0.012070566515326734,-0.00847960424423344,0.025735158391711435,0.002453640735443594,0
-0.25919188650958985,-0.07038472121992302,0.11862657525092855,-0.0038026908688929915,-0.1207938544452536,-0.005784127711532499,0.015067458502677714,0.008590245535734432,0.0077491714483386084,-0.00015531310304608823,0.022425000901090238,0.0008518452428280005,-0.01112695879457283,-0.008119870250459798,0.03212069870007422,0.0034194110436204786,0
-0.177386100214565,-0.12913709043982083,0.2664165172392846,-0.08930530065299795,-0.022762620157060053,0.08179682671902601,-0.03471128119708103,-0.014756096484176808,0.06997934124465209,0.05441380941266211,-0.013963667889279111,-0.012178271014255233,0.023208006164450786,-0.009585521081828443,0.005760549128004575,0.00941416360449071,1
-0.21995340322609055,-0.12069608881618928,0.16932603433052668,-0.135976570915947,-0.021968780150733495,0.049539417926520155,-0.002615592570576419,0.00035222786634828997,0.03035850343248517,0.012594456310200348,0.013255132534426443,-0.002426149437926405,0.006815573871004984,-0.001397139132585165,0.008356743883310353,0.009777209030216033,1
-0.25163360763973086,-0.09069475599624244,0.12469482954925058,-0.07947791380125147,0.014576076670427766,0.030103003319872982,0.009040500457360727,0.016233743933670237,0.022054947515669384,0.003272928692274157,0.015034893655478231,0.003742168783138642,0.0019119137637608249,0.004271445842550226,0.006199324582789878,-0.006712318588708327,1
-0.2486030506805891,-0.09933712521628317,0.07766758818070418,-0.03458056396523997,0.031658880040577,0.01849001588494459,0.0031948227535775527,0.03695695495281878,0.01306649464303189,-0.00805016411145169,0.017820504543507715,-3.0207602702315606e-06,-0.010207002036991358,0.007076284454721887,0.007108987540465061,-0.012494551930354187,1
-0.2611652567038585,-0.08323762736727436,0.07998218491453561,-0.09126530613138906,-0.00877211461920714,0.004193297492254827,0.0095980081053053,0.009906242955477585,0.010132104687215046,-0.0051849718854237396,0.018846344914034287,0.007674736453164231,-0.0064001762356285736,0.00351073622596413,0.012281022773624388,-0.009815289618125691,1
-0.2680996328397966,-0.026991013455349676,0.13837730493078204,-0.12096406727848544,-0.014981762162919498,0.01941415579260272,0.021716658713923503,-0.033277197275956384,0.019305541323175128,0.0038460092937081867,0.016422409733608163,0.015799969491795865,0.009029417657525244,0.0012945359054116477,0.017689863350860504,0.0001753217944139631,1
-0.2702577925560109,-0.05950219300536944,0.12213362369089474,-0.093394895091921,0.03247712653732086,0.0241865407314779,0.01608361139224903,-0.0008978544721901582,0.01925190326783139,0.01642433912204386,0.011185600056747038,0.014596845985392985,0.0107077521818311,0.0036213939857176677,0.010805807798821827,-0.004647556381118389,1
-0.2765079968934546,-0.01339223923351079,0.1783648618679826,-0.08542240809010407,-0.017347492832106626,0.031782524692694984,0.023243217988439785,-0.03832573929364322,0.030083101646872477,-0.0019887107015212077,0.01784196072072855,0.006749694329370916,0.012788205900110863,-0.0007106916127695784,0.010543759437816169,0.009388466853938187,1
-0.30670424981399236,0.015815912881385813,0.14652753988478892,-0.03383439041105205,0.06865070854644421,0.02044378922551167,0.04023977910645676,-0.00746502354835028,0.040267770701948015,-0.04038446189346093,0.027395184577069485,6.905954151461431e-05,0.005698028809007185,0.0004729513217343965,0.0009103601527821101,-0.0015026138070203296,1
-0.310622545189499,-0.011830491501675523,0.1522620994200983,-0.08313435316255122,0.0018538379942088408,0.014488264360934335,0.030165025257518522,-0.026541565574442844,0.028223507675399752,-0.02568451642686241,0.02996308482978455,-0.000143589356535403,0.007902645939395528,-0.0046043758319254694,0.005317634168870699,0.009959537234713515,1
-0.32142949902517787,-0.03153204676072382,0.12453784604625373,-0.11003586322121053,-0.011000749631873516,-5.626749591446931e-05,0.026957490209781294,-0.021646120816054455,0.021995487857619726,-0.031534500380616205,0.03528981576309342,-0.002739037076075415,0.0020344360824199313,-0.005709213778556004,0.005070775798989261,-0.0025939151233746764,1
-0.328740350499596,0.020497664643538978,0.06292925291620893,-0.03596778317068288,0.12732404027015162,-0.014376513972808138,0.038031400626309345,0.01350931646193992,0.031667454411483525,-0.061479094479932744,0.03614275231740262,-0.001960972019127589,-0.006105141354188204,-0.0007144213226386127,0.0069122106844612665,-0.00769078361187927,1
0.6489750875405124,-0.6472859371281627,-0.15189005762482866,0.00428817724815036,-0.11741723383401345,0.04158692520310926,-0.11992355141980428,-0.00395063194215509,0.05734861276927608,-0.1005189373986397,0.15656042325730496,-0.07334071523965377,0.05621715328104786,-0.06364041526900499,-0.03979922568740152,0.003637823732269626,0
0.6043421842779277,-0.5964367520767795,-0.1042156021677774,-0.02458693842413225,-0.10241003792403143,-0.021313763864044225,-0.09095463476952588,-0.014411641343396451,0.0325526300095611,-0.16979639371643382,0.13815439159821236,-0.06818629049228296,0.050165531725380914,-0.04322055154455617,-0.028235251947290423,0.00830010829937733,0
0.6646399141513231,-0.6384097525274449,0.16362099942251243,-0.03157939983760871,-0.07162976435969326,-0.1391164261397042,-0.1366301369400378,0.11059796162232031,0.10629899248801224,-0.03377823039245587,0.04564234243067136,-0.26554775778993867,0.10418510404926079,0.15909914771247952,0.014062813903207802,-0.022322168667929847,0
0.6963003084331013,-0.5304069496549526,0.22309589960702658,0.113357211574092,0.0416998728776758,-0.1670500299732022,-0.09827696549495157,0.18174248873981153,0.1700128550303045,-0.06043369757731667,0.014612062462298027,-0.28393169983565264,0.04859181819167715,0.18200352094622746,0.026076667179902646,-0.0659774674514875,0
0.6829695427059024,-0.5548424366628227,0.2343581563300517,-0.10387256966462828,-0.08943775666588429,-0.2680563022277443,-0.04125884882429413,0.1762165624093038,0.13400997194703893,-0.06446954641859332,0.04892521647534093,-0.2390699487081979,0.009307040742829642,0.14848267593123296,0.01852410262707663,-0.04421451784411683,0
0.6912825321570233,-0.4961825081663251,0.3173689032180172,-0.07790307320614454,-0.021657249823988103,-0.3131868202225513,0.0368689267434992,0.18427331545634607,0.15886286237233585,-0.08787851678148464,0.03883839720887383,-0.25827060627029463,-0.06682170233163529,0.15600722514533197,0.03667450222152966,-0.10436504003905715,0
0.6939559129727514,-0.4942851092822175,0.3572329118825173,-0.13110580319185025,-0.08099999386518171,-0.33136627079946873,0.041906467800762924,0.15728824301564884,0.13813065001492678,-0.06302184678118931,0.03628790524097638,-0.2700298758449061,-0.10847621140837592,0.15481402245953715,0.06320982565552588,-0.0963674933711236,0
-0.051241228917196825,0.8042326291331329,1.2111539048365123,-0.5417056315386765,0.004619562464530362,-0.548598019108333,0.15041533291094933,0.474800389851619,-0.14968878814191883,0.022164601438039343,-0.1609419516625199,-0.003740717938416702,0.03288560378015318,0.003014384628315069,-0.09043277378102861,-0.118357425555992,0
-0.0534637957291523,0.824397568503251,1.2124791274367226,-0.5210712762641357,-0.02798701189863542,-0.5574909823316722,0.16662461808877435,0.4950635242202421,-0.14798786344512874,0.04912435249727198,-0.15470108219328987,0.02113229169162274,0.030155098746193522,-0.02148632680438294,-0.09656284094249924,-0.10258443430847478,0
0.059658062779526774,1.0540223574782328,1.017114409271039,-0.6065390343367407,-0.13459119585488263,-0.4748513747967318,0.4045339526125705,0.30341998650266,0.2577064076476945,0.2902545849164776,0.08444276525322063,0.15415311053550962,-0.11376726391090149,-0.13339839974108322,-0.0623992075689941,0.009550694123803402,0
0.08628448970938933,0.973282772842545,1.0269718218517405,-0.5706865477874654,-0.09853851425900859,-0.5108113456490999,0.29131927522225604,0.2616173683797351,0.2572728804644076,0.13422694187521797,0.05586752351314604,0.04659473818193964,-0.10626112413500165,-0.030663681215132677,-0.011439311268381871,-0.0048613959579646565,0
0.8552683890312709,-0.013065766097228563,-0.08541830542653397,-0.16306332744283084,0.08869955209630716,-0.19129879379080958,0.0635918365778927,-0.0908649162584476,-0.03797900680818082,0.011867591067259937,0.0714574207094488,-0.015750622993756836,-0.03802159105231455,-0.01712283725581525,0.04398934429352578,-0.06618752753457163,0
0.21931479625017017,-0.08708373718827543,-0.07596795981219787,-0.2117626435443862,0.06754896645691288,0.044559988661792414,0.04966362777569259,-0.01170205106845778,0.015006518586239203,-0.0008345523262073218,-0.0008401078843001647,-0.025027681906808652,-0.014768934889312784,0.0075320782417384125,0.00416929026350362,0.06876367717796167,1
0.24146867577173442,-0.08189644957218178,-0.054720893185026924,-0.18759007983507825,0.1036368598019583,0.043466883005183005,0.05391842410859986,-0.01102442449642208,0.01993719069224562,0.005923846146045808,0.004724873737874644,-0.028741447698568443,-0.0031872241314192533,-0.0022778308545734157,0.006010001624887536,0.04973678700008665,1
0.21314976611428232,-0.02845883437005752,0.038532490951132,-0.2213057413538838,0.09823201977104455,0.039239036677950874,0.002326564566991607,0.014052116392878173,0.011278710260938348,0.04080821910750724,-0.00824645527341366,-0.028289199077703133,0.013471438172333719,-0.03642334474546277,0.03173881514515062,0.07054722592791714,1
0.20702901717058608,-0.046047265703375535,-0.0356255403430959,-0.1866552606624293,0.08046127037581237,0.04772605427571155,0.031288071116440774,0.011673171412545981,0.024605467203691753,0.01525264247696176,-0.002340378766174932,-0.030881109234177122,-0.0019454669268769422,-0.003365676873584592,0.019802739090273226,0.059495653268708676,1
0.16584621497409957,-0.052219494624676864,-0.12549737566784672,-0.22370974035992522,0.07076221191003046,0.0564039760221494,0.034430217952519146,0.005024183607782203,0.03770081515430724,-0.03555315328990329,-0.012156602234755929,-0.03669255148463805,-0.033474928711705876,0.03285585704436371,-0.001334192450578026,0.06914833862384812,1
0.1593032126744424,0.0016836801165060584,-0.09215433165105819,-0.18227574776008534,0.08848641910354728,0.062046632634796865,0.02209935092137626,0.030261836951774968,0.04467470452416334,-0.01809334683094184,-0.011417383574380836,-0.04021547411371318,-0.017713556700123013,0.019450477519518138,0.01480762674918022,0.06337735946855232,1
0.16031411980333315,0.00047961821354204544,-0.09937785166691587,-0.15994771883200223,0.10292803435258878,0.07094722251689244,0.02169641386267713,0.03070584511312599,0.05495194461540111,-0.013970788587232668,-0.009681444150847696,-0.0464163238567413,-0.014999160497290798,0.019921896090293476,0.018553699743194204,0.058689579072679514,1
0.14982577204187075,0.0007235415858133505,-0.09376657990322104,-0.15155834082993155,0.11165247414102522,0.07397677000116207,0.016954413091513538,0.038354743077096916,0.05885668651920086,-0.016998908336954274,-0.009834678742847752,-0.04703767382993383,-0.017044807516506492,0.015798506851174513,0.02245110603863538,0.06316017031359801,1
0.16013699555213926,-0.006543870004110461,-0.07714073286745016,-0.16529942728898073,0.10366579249000996,0.07081884345807125,0.019297271719338552,0.035648415000016156,0.05063253302182565,-0.0071812236885527205,-0.008783968835847217,-0.04480036962539649,-0.012075604021410705,0.0113675103236515,0.02364297325148513,0.06393244411495526,1
0.14651305876808549,-0.026914975774603337,-0.096223107083947,-0.2198097519845707,0.06546516545587787,0.0614244686871544,0.018791791652994945,0.02610198436376215,0.04191706097519069,-0.01722604502481564,-0.01433110685555367,-0.04616762979958551,-0.02270630488536056,0.01658481084163686,0.01767338474220053,0.08175323439590323,1
0.16414325369288582,0.03328564146877192,-0.03916745088101284,-0.22580529576277147,0.07323528244663847,0.056938079363003206,0.0076501484324881215,0.03662915805266994,0.019084736611568506,-0.0005867524391938289,-0.009315069183966176,-0.039236272610039896,-0.003459802014809956,0.000473275143572058,0.023390120663970622,0.07604756884073513,1
0.16716391389484508,0.03477208207871976,-0.0707283365554301,-0.19179236669342573,0.09132410889392852,0.06227603011706481,0.01775805579567258,0.03832811752528627,0.03570290118226122,-0.0053970544333992185,-0.011298408069137298,-0.0400700816085394,-0.005682349225578514,0.012040240575597948,0.01886068082691747,0.05973214983797972,1
-0.7251120056432476,0.5321285184037191,0.3273853271757162,-0.181258055444611,-0.20964219085430694,0.3065847986192352,-0.27372879549560025,0.12146395198773191,0.004268104932904881,-0.09129509941204365,-0.06924420359605563,0.24652374123436546,-0.14238519875992148,-0.02419973367435756,0.013612186648983327,0.12641971080222122,0
-0.6459942401721485,0.04280680222743556,-0.36665223270518627,-0.06653404699969459,-0.04135174939349125,0.0007831811549363331,0.050259784614101834,-0.09055581868042911,-0.10702845308384527,0.0841076182802685,-0.1595446043953374,-0.04330223595006623,0.02940565450115,-0.05023610700591125,0.0362873558697527,0.05754842779923799,0
-0.37911238082143023,-0.07764417372063698,0.010244692302857874,-0.08893164873218301,-0.09218072047568708,-0.07431571145305682,0.007444776928459333,-0.006256383923454639,-0.02132719798343716,0.011723092994641325,0.017187369883684776,-0.003925016612776176,-0.004319315153770144,-0.02307375323497213,0.023663344734574494,-0.01256811397772474,0
-0.7989131931223112,0.6125567210984671,0.23379428411410272,-0.2695871158875154,-0.15916290319019846,0.3305344746989193,-0.3652263988308037,0.2176585367160602,0.03269294635337299,0.009004151325747556,-0.050890012257684164,0.2555566573401199,-0.06740031123249188,0.010855054045534834,0.019555501150694904,0.06900950700423336,0
-0.3060813377412533,-0.07004206027350249,0.19390032794921763,0.005195755624650865,-0.1593720073639919,0.0072455999406827055,0.017416382793251865,-0.013855008884905092,0.016781395790870502,0.020792939406664285,0.02321801928251122,-0.007156402419259202,0.0042721610912229615,-0.011396894579110592,0.015646768217563178,-0.0037535777614986646,0
-0.6832515684648399,0.531717555992271,0.3564576052515157,-0.30209975949312967,-0.1480051221984784,0.3435255282701779,-0.25535227601473975,0.07440900671238847,-0.02858467338890909,-0.09015931200882732,-0.09304522377460608,0.18141281528516556,-0.16941208971105862,-0.09043993801930032,0.0102463870290592,0.14014137034649737,0
-0.7993771185299774,0.6020070507625385,0.17791557563760974,-0.17831053135478742,-0.20544123849146304,0.24822840798138657,-0.33394377834733546,0.21865662181816442,0.06868583360866234,0.0061170118191108905,-0.024731591512107114,0.2566250290319263,-0.03211850944785,0.09469526286158134,0.05348010442003474,0.08572666470863634,0
-0.7965963807395987,0.6549418114895176,0.21550914767444543,-0.23334097868268602,-0.21244674578980738,0.32525379003180693,-0.38532533366824034,0.22788828676776218,0.02578006043081194,0.04270798540158121,-0.040041555776998715,0.27099728086876335,-0.026486394337677507,0.03616845719005681,0.01496539625828745,0.05144811449484606,0
-0.8536433208691256,0.6831505600481979,0.15196480124818235,-0.19751086991887265,-0.21921307235905454,0.3006811430374963,-0.433980842174063,0.30777006466937407,0.0564143968340718,0.08958591049595263,-0.007674873354372224,0.2573487357358256,0.014160065872204107,0.11891250071414562,0.014877563014668808,-0.0041633065573923244,0
-0.836071786067041,0.6329871648122306,-0.00030927681366041605,-0.24869932309815243,-0.11086252531545447,0.16566262586442695,-0.2959304520616532,0.2869170480445934,0.1269213380443215,0.08469589869936558,-0.034328043575953246,0.06615043885001014,0.031495543518292576,0.2355757857787948,0.09121613551934712,0.08873031552613368,0
-0.19158909847005032,-0.18119746934605555,0.10333108469786524,0.03804830051269273,-0.20058510148630335,0.023140152097236712,-0.03314614936485928,0.013877736768651412,-0.03552532876157655,0.12417885329871642,-0.02215891097272598,0.03023561330227696,0.012831810475822,0.00958487378657366,0.048250661861877764,-0.023671804621906593,0
-0.7488369209394252,0.5953137186787856,0.18788058708961275,-0.2517968052713476,-0.09577837029781298,0.26983670809305615,-0.2868116623605693,0.18570993939674438,0.07438430510783767,-0.028712690826665544,-0.042370988064266465,0.21403938143239098,-0.0354920045045267,0.041656181965527464,0.05989450712147574,0.12307452195021339,0
-0.16686506657913827,-0.17863590385697203,0.19639682947310788,-0.09281398246737486,-0.060236163709363987,0.06563830095696456,-0.025830032416132066,0.01612446933563307,0.03257578313242182,0.07223777287579393,-0.016265394284144252,0.0010827972729105452,0.01484194654608565,-0.008867109189748448,0.015023565180576808,-0.007704111770105172,1
-0.19633623133391528,-0.03361624824535896,0.28282078953325207,-0.10159380542841676,-0.051508251355670054,0.07509745749515633,-0.024617537821424267,-0.08017958034104482,0.05655779413938078,0.04655434759199062,-0.003933186565588715,-0.005986082591514458,0.0256367824649174,0.002521663436791933,0.014573265224053162,0.008629302010967331,1
-0.739142925298408,0.627054322535584,0.24570243592642796,-0.2663242102820425,-0.09521494877817556,0.338867426406009,-0.314063160918053,0.19028148844903345,0.030602472130791467,-0.01075092536800494,-0.061629856672864435,0.2354503297125968,-0.05368223390896617,-0.019677728035924488,0.011201517360659531,0.1109323446779886,1
-0.19181792790464766,-0.17888510997108298,0.063065749837827,-0.11323189539625994,-0.02925660478542506,0.0319438353697686,-0.012161949679453126,0.029661388979735474,-0.0037216279173846634,0.01902177534939031,0.003767166677268314,0.01035188265322629,-0.0121716579018723,0.01336014442738505,0.013217997266143684,-0.02181189825678523,1
-0.21261299371341313,-0.1648574840681537,0.03924417913941414,-0.03470646655324072,-0.12196322319020006,0.00461774119238315,-0.022355104897903228,0.020641354403610482,-0.0213371459291389,0.03299901982779005,0.004441493382128011,0.011075129338645635,-0.0174426942217428,0.0148646639350007,0.020209263800488788,-0.017910067298833446,1
-0.22822450787612533,-0.11501437228473262,0.04799519628302132,-0.06698095681769725,-0.024642407291547427,0.007221896415291619,-0.0038653659885466147,0.01799481319556386,-0.003580349120597042,0.023901496142834933,0.00409066888306868,0.019630598915864862,-0.010034007872927207,0.014119678503130355,0.017896164124149905,-0.02277917006937146,1
-0.24398677954810846,-0.12515521660756257,0.023933173667220396,-0.12603312709541073,-0.03239757996357479,-0.008753018024935286,-0.005116689065532155,0.007736133888121528,-0.009209906814856129,0.018291178071047267,0.0060140372412807765,0.019074447121137827,-0.01130480063585136,0.011922547161294827,0.015823589246106676,-0.016912093956900374,1
-0.2662301725988868,-0.10461533412795518,0.03118142596945725,-0.059346664706380885,-0.09745522741164912,-0.026281390755723607,-0.005676541739637838,0.0034215857406155715,-0.016445122515170246,0.027322589317538875,0.006927681263201074,0.01599176237503379,-0.01135511472968299,0.005379045092182835,0.01881772487674034,-0.012019320760578855,1
-0.6467864493995512,0.5019595651547492,0.3412864525051178,-0.27695143964494673,-0.20950735202263454,0.29411790473814375,-0.22584422451107336,0.026146616225566296,-0.015538141319424983,-0.12642963494314172,-0.06194804382012767,0.1425989632978636,-0.15924170840198615,-0.05212652371942082,0.029815876365939818,0.19321087850618396,1
-0.2524724390088307,-0.07791802690666039,0.09229413527304414,-0.0901762444821249,-9.222984408485605e-05,0.00979092189596147,0.012555374033243144,0.01121155163456746,0.01770123026494742,-0.017466984138859845,0.021980836792996488,0.004727147501978723,-0.008091316240503884,0.0031803226974475617,0.011634745711289926,-0.00751088451531249,1
-0.249582278896279,-0.11523638960106401,0.050605997517766926,0.003063695913306817,-0.013205530401808996,0.0048965282996935,-0.006968843176459098,0.042368538119120884,0.002722332109011488,-0.01592419980589985,0.02154408314649942,-0.005562302818352901,-0.02231315315414523,0.00836623286466097,0.008130488000632487,-0.021205258740469794,1
-0.2706557538600052,-0.11366896839214685,0.14162927636688555,-0.10239523175504824,-0.11148383436059889,0.012148867116233487,0.0031212369445884625,-0.005523656078067382,0.010300072519237102,0.014435726191476029,0.02312767677956376,-0.0016605639621075175,-0.000594442909778903,-0.0038633317558922397,0.007013067250831445,-0.006980458256047126,1
0.3730080851536927,-0.004008930945838816,0.04889192657435228,-0.11437663906214644,0.10227799308543786,-0.05559507693927782,0.019810256800013484,-0.029015584624343786,-0.025339454940851637,0.02902714143930687,-0.010987746037272044,0.014014592806071516,0.01210802554302669,-0.045612390599678185,0.0023138713302875216,0.010072049216383591,0
0.4266091055383291,-0.005140788824841419,0.09202269895440603,-0.20676309884754035,0.09881329645115243,-0.07507615127647063,-0.02038038814746873,-0.05942546089539965,-0.039442503768508795,0.06950010577426621,-0.01184733871098811,-0.023113112272142456,0.03226077985559685,-0.09484532478936578,0.02715872563052815,0.022911620983408792,0
0.3723682093566722,-0.0059551547725860835,0.09673822431300959,-0.20623579530607697,0.11284593506742024,-0.046000898214665915,-0.023551259647972098,-0.042915398145194024,-0.028543591808065184,0.06867356483670783,-0.017932805565070167,-0.018605878513936656,0.031067491489513977,-0.08878998984930239,0.02879355236364223,0.04036807206333453,0
0.29984549042801656,0.012468969514859173,0.0012401485814772812,-0.16573419242008477,0.10839967460050663,0.010539918353853385,0.026671319307216126,0.008448405602004695,-0.010628956298090566,0.026662363416800533,-0.006293036724002693,-0.0038237761604549034,0.008163674412486388,-0.02155617609065211,0.020126665833779086,0.037768038848590424,0
0.2940334070811519,-0.041042931954716665,-0.06504039942344919,-0.12982691268191007,0.1323382130788199,0.039101561720486705,0.06440706190404874,-0.007837926214045152,0.023449869724417798,0.012791326900607879,0.004825280153974169,-0.022207284338829174,0.0010850031734073002,0.0009351079381245454,0.015030747143321732,0.023367322681103954,0
0.2719517821111545,-0.0442822603113781,-0.08813527094035806,-0.15681180767942912,0.09727102901369922,0.0445834002109503,0.06038374415472989,-0.010605548220823118,0.021586661549554822,0.007696808903394736,0.0011254675429342895,-0.025005467916298537,-0.006985170497811078,0.010984416477451355,0.015425426360656793,0.04152319018634532,0
0.2572448956155041,-0.06731392597290271,-0.09905784429321124,-0.1303697104039306,0.12428492755097542,0.06369696559785257,0.05888814062539911,-0.015482685043251324,0.035247019350284174,0.0008229589466939078,0.00538650749493312,-0.03539567309796714,-0.008195073496382,0.010063510484361847,0.019363041737502886,0.04237128602200025,0
0.24657814398465636,-0.07956047237069291,-0.10020950729983669,-0.15597109248272972,0.10446173310488933,0.06343552500727882,0.055834475626618765,-0.01633972971723666,0.03174168014454886,0.004123300210444417,0.003571460914170114,-0.03792857604563819,-0.008751178219945026,0.008164353397696049,0.022351521686490322,0.054532282500189426,0
0.20199496046540144,-0.04625158386390405,-0.12313124352220987,-0.144022076477153,0.08744801612232703,0.07307156259673558,0.03703005464428165,0.0001588142064453272,0.04685374966804918,-0.0022105458538936667,-0.009121450895260785,-0.03928030520298549,-0.018756683000773294,0.0228418351051747,0.0266305330780001,0.06021146409723435,0
0.17557096439725758,-0.032347590145951045,-0.13244951987571818,-0.12612432944350868,0.08517564416450314,0.07504012351650782,0.025648285250418762,0.009108628806351689,0.05423061401758501,-0.010823025005752041,-0.013938723381465578,-0.03806455585580199,-0.025733009804751347,0.0249281090835048,0.0291103851706905,0.06535534763936282,0
0.15814937947479712,-0.03882905804395006,-0.16266947748152988,-0.14370951176558452,0.08838646317238988,0.08204275865118328,0.0189051458008672,0.003996526037206721,0.06310242597501783,-0.01964343245000626,-0.018426642796103964,-0.046314459087561016,-0.032497666360348586,0.03193432243041834,0.0276011492356972,0.0692735618070138,0
0.13508491649490237,-0.003398603314915202,-0.17289885700176943,-0.11373036905548664,0.09647170332349524,0.07585469996741692,0.01003316105624158,0.014528024820970098,0.07340627582318822,-0.03232070842988434,-0.02321384802823266,-0.037475871265712425,-0.03942182869169458,0.03456922346374002,0.02429101899484225,0.05591879970740905,0
0.20555177302015346,-0.04573242692282043,-0.11347614479678537,-0.1670168786052,0.06648070913593035,0.061294561767004055,0.03999606738044158,-0.006934782712810754,0.0352442184993585,0.0035391432191947884,-0.005667099431837235,-0.0391917874011168,-0.014312124933857593,0.021536061019767218,0.012653108261141159,0.07463247453872525,1
0.2045918119556505,-0.060315322202431076,-0.07565649878330098,-0.19061299028680756,0.0518876082167799,0.04764459758048226,0.03927502590101476,-0.0027052172072227496,0.020940510709940078,0.009038036114377042,-0.004669932297389158,-0.02792616733860028,-0.012158565767840197,0.009911439242243903,0.012914001209930944,0.07280722047499882,1
0.13556567264582361,1.0500375274627376,1.0472750485163271,-0.6214531391292263,-0.08650700570302503,-0.49752660036230345,0.484074197500262,0.3207685210887598,0.3696094220467078,0.17576343669326505,0.09971546504667497,0.18425155360760329,-0.08712260487723746,-0.038466764390790005,-0.14701383638976573,0.036972278932606656,1
0.13484975217041636,1.0610833773720523,1.0365223851406327,-0.619220881757894,-0.0711840259931791,-0.48377216156581976,0.4918325042280582,0.3180854421654592,0.38195283047305895,0.19445558705182428,0.10587495304756182,0.18579838527735376,-0.09329867004451305,-0.05455923071275656,-0.14238048243714313,0.042633087035602285,1
0.33204335752792574,1.2424971008030872,0.811051730918977,-0.6595883303661757,-0.12521138864168,-0.3753920154245104,0.6891615165478122,-0.1153796626954169,0.6990337013561894,0.28711852789931247,0.32333822224767517,0.2656335752353577,-0.12034952183545386,0.10135517648474056,0.07141767248046696,0.1961543682083886,1
0.14594202389017422,-0.003592834973082173,-0.09513698819047799,-0.19448419380837792,0.061855602083482446,0.052232963147921474,0.020787019390190873,0.026119487172197423,0.03739242246931661,-0.025584333455442435,-0.016722479595330807,-0.02865360417164265,-0.027549275191578446,0.024015137526931792,0.008655431189824168,0.06681503248785955,1
0.1496464157713235,-0.013440355571034426,-0.09668592737268143,-0.2043864751162131,0.04542285120946226,0.048022140177186506,0.02317623271665568,0.019275012936516324,0.03212383744802267,-0.024053901895806227,-0.016773790849083585,-0.027391305048927846,-0.02842907360107318,0.025907740035304886,0.005898028679311593,0.06879847866465608,1
0.1632247511232561,0.019371425501488786,-0.06680517428571134,-0.20132968994249106,0.05985997482808992,0.05332992936567514,0.017422846797567903,0.030116813209758175,0.027192999696303052,-0.00443913597058466,-0.012785601555840787,-0.033669429148344754,-0.011037724294254828,0.013169443141989456,0.016634826665665434,0.06695754916440924,1
0.1591379798363365,0.01655014021296823,-0.09258923469322458,-0.1554603524553132,0.08740874042621641,0.0652768548892118,0.019982595628486942,0.03276889785515997,0.04893474494653943,-0.008584247442834309,-0.012044064372320225,-0.039751193814599524,-0.013187149820872057,0.018696283112831863,0.018862679890257545,0.059018745124710316,1
0.15880777016976033,0.020471116236198954,-0.08002800338304883,-0.21911437130823957,0.039449436272099785,0.058753927785168275,0.014267757242548971,0.029493168649901567,0.032864798576273925,0.010673459748422324,-0.015380912341567438,-0.049583681258179725,-0.005249131321285695,0.012090894359886414,0.025543453283526963,0.07661912379286243,1
0.14866410780608455,0.023930556607554724,-0.09273770673463415,-0.24966484201299266,0.034713713405313575,0.05364709350097214,0.013428373224273378,0.02902739337939963,0.028156938444808564,-0.004651833105229132,-0.018856521092557442,-0.04932496970604049,-0.01203338501591002,0.014641638581045537,0.019463919460697754,0.08470975118996456,1
0.15611549083523163,0.04232455276557002,-0.0986150051632832,-0.24204096558894492,0.050328931740318335,0.058365878723182364,0.015017269476377071,0.03228488091978412,0.03171848038400475,-0.001990188382619392,-0.018508201988645338,-0.05173642887088145,-0.006764006185214601,0.016507429072304642,0.01906889457092846,0.07434203485684344,1
-0.2617553414110169,-0.13875670912041568,0.13018250968756367,-0.011769296074217185,-0.06737503056590648,0.03410586113951618,-0.011674483762627268,0.02563199171451199,-0.01360839473007874,0.1178276334940163,-0.019037247695144185,0.024044265773536907,0.025277749389569438,-0.001876516556706943,0.03168710281465574,-0.017493590261908932,0
-0.24660786133745746,-0.15266503017260463,0.16928503022270366,0.0242590136630724,-0.16698334201320625,0.026334140306676017,-0.01481231891242885,0.025161760840190155,-0.0005050747246552323,0.0823318441164138,-0.004400345048000494,0.00910095570262485,0.009316783050207444,-0.0018095183881134092,0.02479861611174768,-0.02203822456436528,0
-0.6826517368781556,0.45129877079930447,0.2793443980157251,-0.18900377650482894,-0.10282106897136968,0.2349708615411768,-0.18042067772571596,0.07884253141986981,0.07138195913617057,-0.15189366476583122,-0.05143043038349311,0.18399221634033083,-0.10769722179759335,0.005380972415335927,0.06553723307989878,0.18714260666885077,0
-0.8464967929102875,0.49495143614122156,0.08453273583033463,-0.25200901864457875,-0.1100511115938055,0.15736294892663372,-0.26307913336355976,0.22838596286106538,0.13111458497035153,-0.03420156999470765,-0.022097920989872368,0.12643937829622998,-0.0573628713139005,0.15270080764528216,0.10482234193232651,0.14030590237961063,0
-0.7008796631747494,0.5044898801463039,0.2920432744507236,-0.2631105817185732,-0.157977260579317,0.2811393336103965,-0.23676099190012032,0.08061312315305585,0.029176925592241353,-0.10143828513189793,-0.06279655058859861,0.19707136997554617,-0.12294241052438834,-0.01921736611765653,0.04863430178006685,0.1551851222898756,0
-0.757205596498233,0.461869038151464,0.20654936936273818,-0.16456031742367158,-0.24583295117570989,0.17664494716105666,-0.23373876884835645,0.1094014952005888,0.08176978723414638,-0.10054138361173204,-0.025605448937705114,0.20698673289667477,-0.08172499053116279,0.0819009335420794,0.09321914587005038,0.16828833433776047,0
-0.13307068699729271,-0.23970401826613252,0.0622519082178472,-0.06740748671742929,-0.08621589790601668,0.051249911637091576,-0.024911825041527256,0.024843380062232346,-0.024495768534370847,0.05218137802741945,-0.014397567788603665,0.01504838459513907,-0.005543146745300919,0.006817146225033133,0.03578188457659573,-0.02652577455539399,0
-0.1536146819103295,-0.24267391518370576,0.02515448371384247,-0.09937340790838939,-0.1257335213160916,0.03111603900273118,-0.025551995712017623,0.01051567698437225,-0.038123559632644646,0.052218273235471686,-0.011306962645718939,0.02362666168464791,-0.011768364202077497,0.01788247185160969,0.03127717305803888,-0.03456539247463708,0
-0.15585728077041935,-0.23660509026747759,0.00648382552091773,-0.11440801068347661,-0.07102084273073009,0.03669551994728731,-0.02451998669014827,0.00597176056180046,-0.03811176744863186,0.05905733793221553,-0.01571965874512576,0.029170804430539814,-0.008559761172104966,0.025631968742221595,0.027517018528656557,-0.044224543805436126,0
-0.17551415810191018,-0.22501364980945493,-0.08281030956953087,-0.047435803959602535,-0.06795923286545728,0.02791438328744773,-0.05351152194250234,-0.033898364424018605,-0.05767925023709613,0.07668319429108793,-0.02071544109186875,0.03955328889920708,-0.013476675666206687,0.050198956578934396,0.023827871883538,-0.05062669997121953,0
-0.1835019987356884,-0.20661284948120934,-0.06946944016235297,-0.03543891489710032,-0.06412374615897387,0.02053058655325507,-0.048416322330307855,-0.022333994641977304,-0.05156827920204335,0.06888085303118885,-0.018210281018108135,0.03857270033978969,-0.015400827493729612,0.04608564247799216,0.026104650827112514,-0.050127654784519735,0
-0.19326779998146223,-0.18677318504610982,-0.09394739566152423,0.07403652716090199,-0.04996172217634792,0.02658300110226969,-0.07098212053261226,-0.02774698774043014,-0.05299470349388363,0.05905511975566749,-0.007327645558246018,0.027462788802580813,-0.024824234801098164,0.049565663699399326,0.0289439692323648,-0.047014230236297756,0
-0.1380450660581081,-0.14952491486218994,0.17076646242694582,-0.14682877894809218,-0.024216594607241338,0.06092941219250688,-0.013141009660066469,-0.002188433580927176,0.026495257752133336,0.06533089167145666,-0.016301456822916418,0.015759401659660725,0.012340997579775609,0.0007973645153768064,0.020860372554419485,-0.009841472302576816,1
-0.17495281185387004,-0.16648893806639412,0.15782364752047665,-0.12592082756890116,-0.07759399063843332,0.04887606924728179,-0.016979176952164648,-0.0030943376670687834,0.006023525553294834,0.0982506455976558,-0.020986071004345797,0.025459088626984,0.01919459463753862,0.004199452851524769,0.01838836831042225,-0.01534891303860109,1
-0.19355191843741357,-0.16756805752262782,0.09476741022145373,-0.14338951949186823,-0.02053614689810515,0.03679970197326838,-0.009105442834443565,0.013017929968877828,-0.0026813854724964106,0.05944386693171234,-0.009261898218283186,0.025270811811545134,0.0065307384843315795,0.013497325545974433,0.012690024425170822,-0.019470304777774946,1
-0.20485555385784696,-0.13458245642002803,0.07957438487594258,-0.1269983665828313,-0.0018009990727710478,0.027347433907137935,-0.0022288271188842766,0.009959584101248866,0.00016618165089575182,0.047156841099627214,-0.006917179813251138,0.0313729474980398,0.0025306115693677893,0.018995669640409114,0.013423379711932165,-0.027722808195761513,1
-0.20919168671605753,-0.11349662431700999,0.05795622302753643,-0.10164324473085617,0.010383134523504015,0.01764236974427944,-2.2755974273515188e-05,0.009515414159316012,-0.0019394223064432422,0.04364551825528779,-0.007340228161729698,0.03618282297235463,-0.0004810582093637154,0.021527575571864833,0.016416274540049583,-0.026076937980235467,1
-0.1931598067507784,-0.12480417264445795,0.05236754573070918,-0.09126075501210164,-0.004033373408445285,0.02029705369748011,-0.003604162973043202,0.01005360159139961,-0.006664742143756441,0.05372687643876046,-0.011652110329748132,0.03859161485443184,-0.0013021553380697277,0.023322488151082406,0.019630543150825002,-0.025282323893828944,1
-0.1756317228447092,-0.11591538607352803,0.07456508997610804,-0.12509102789222132,0.03403575009355056,0.03414386599325904,0.0037625349726132773,0.00787836924638157,0.004051379784806808,0.049941783111455126,-0.013932330739510414,0.04055423884250799,0.0029224806537709487,0.022954111601406136,0.020231678633535425,-0.023193042901936467,1
-0.1800274105155086,-0.12464571651920046,0.06436294841726647,-0.11785952187061567,8.022195032638555e-05,0.026356156973512356,-0.00012906988522328814,0.004722103638755965,-0.004226584105373245,0.05865978007072098,-0.01485975854226665,0.042355942757103346,0.001860797452062946,0.023320958386024087,0.021429816055057335,-0.024035686327681886,1
-0.17219551802298153,-0.1252437081807023,0.08525651514162917,-0.13088253769580263,-0.008452543639009354,0.03144106655610603,0.0014170568500136507,0.0029215520503488787,0.0015523963103577744,0.05583029666530695,-0.012835496597093212,0.03804341392737833,0.0026612387163790414,0.019532215135211792,0.02227009671018332,-0.019846990176944128,1
-0.1823732988574878,-0.11980031693781457,0.10485206393081667,-0.1383702824091047,-0.0263979881356013,0.03153598846751726,0.0015740213764059297,-0.002595748359508298,0.005289997386688398,0.05129743481151063,-0.008761210513384226,0.03405133449765646,0.0038875106525590227,0.016027616067895406,0.020275438734554303,-0.01842930373881744,1
-0.18430498007359714,-0.11799534892436223,0.10458409915796986,-0.10356205472540259,0.034290979078776186,0.043198283222645205,0.0025400204398930027,0.017868355585884562,0.015770626077470977,0.034794134992837414,-0.007743814922405312,0.026480927816273887,0.002387034271488793,0.01734857919133386,0.013632004202317395,-0.021213554708708195,1
-0.20565149048837755,-0.11503434446579737,0.08575335698482464,-0.15404115250483658,-0.03380154309623053,0.01699374220967074,0.00441539278461838,-0.00239915034413986,0.005563825550862066,0.020001612286095007,0.004407815721980056,0.025246428153647485,-0.005024103538323223,0.014085637879444418,0.01611913644287141,-0.017647893884964093,1
0.443962036533653,-0.034679809343598836,0.056664913450644186,-0.10361986089096903,0.11498078490506043,-0.1048804306085338,0.03075310934900032,-0.052396664908127055,-0.021585275313580995,0.01229408882304221,-0.006307070768439216,0.000343869332590931,0.01114484993305572,-0.0630419547491335,-0.00700647777102579,-0.014357603814549645,0
0.42213740246831954,0.012752924583052567,0.082032310618756,-0.19234163428814685,0.07116247527963968,-0.08163922055691493,-0.02409323164244673,-0.06024786658662469,-0.05918891461399002,0.04042407880876691,-0.009241396471416134,0.004227493391786803,0.015889973955207574,-0.07363219455369703,0.007831022748896006,0.018468378685995043,0
0.39714132540497366,0.0036243976753477514,0.07710240234113415,-0.20358218344570125,0.11721127171949838,-0.05826065013847884,-0.012418403843213075,-0.04397253623647153,-0.04499326411317859,0.0336143719091332,-0.014457689905680395,-0.0005431697267795053,0.017187302578791246,-0.07211435985938737,0.006020655962541048,0.022664073445593066,0
0.37913670060659077,0.012617752038316903,0.09181969678026324,-0.20696440166034027,0.127847402154677,-0.04438603199834778,-0.028980428203005868,-0.03694962501585314,-0.03818226103212303,0.045939561469529065,-0.017910992994901054,-0.009940740456112027,0.022976332727491423,-0.0833752405648014,0.01841929646789406,0.04512861827987812,0
0.3543342871090632,0.009766329555026824,0.061346822312002995,-0.19560587667436805,0.14021705147768448,-0.02070056659454351,-0.005102602934734386,-0.013995285723151665,-0.024148547963905424,0.04436762249303352,-0.012785567879164437,-0.014845599218431645,0.02348149897362579,-0.06775189348832086,0.024429724155992125,0.046967773177099284,0
0.33959648509368834,0.03118009767484233,0.06911523899734864,-0.20924920182956247,0.1474090383406262,-0.003869994854033825,-0.01901832153219615,-0.006963794478285594,-0.02539080831393537,0.04964942589141407,-0.01385727547701384,-0.019045757880066825,0.02752656921743562,-0.0672305510186148,0.028055844230807286,0.05217958281601466,0
0.3275265222544793,-0.009078189100847825,-0.0006103703061394852,-0.16207612992087614,0.15192306476712067,0.011754062505956328,0.03687477507095241,0.006092421729859981,0.004333918071509148,0.03795271437465109,-0.0025844552237263133,-0.02575117959666958,0.02018476750405518,-0.03958109806417285,0.02965837278566424,0.04239809022013759,0
0.28798163379597375,-0.03368722635878576,-0.04068195886586276,-0.14928716512702758,0.1218006307797699,0.03298904181122676,0.051329280437077345,0.0009656421227459169,0.0165034380966781,0.030994737646650394,0.000619644616739321,-0.024183677220274872,0.009600910507979276,-0.015124363816230365,0.028221363044997744,0.04221402432919824,0
0.26712947983876845,-0.03744748910503567,-0.08453510126383397,-0.11552476155310812,0.1718549652049904,0.06871202930954666,0.05838047313715281,0.0029011280847768125,0.04050584054963569,0.013776255305341847,0.0029844921045558636,-0.03636373579598393,0.002576748733014375,0.0016646135998228363,0.02507641788099361,0.03595220570947146,0
0.23648193523229447,-0.0461342732237716,-0.116590432554247,-0.1284048254521486,0.14348928887373813,0.07768340003337293,0.052443167373130505,-0.004411349076180981,0.042586062144789945,0.003222737759196428,-0.0010482491323726873,-0.036596906367386245,-0.00980737547971408,0.015939312806253447,0.022717393950860792,0.047628375377654526,0
0.19139615349928943,0.00932911346060245,-0.13643672723414269,-0.19752141890818148,0.06751618275288758,0.05906132114209711,0.03456250639348439,0.016409929902908005,0.036697266213158254,-0.0014749121018228992,-0.023968949594967412,-0.029422265733476102,-0.019637612252930568,0.0294437207977965,0.019996975776750824,0.06306460441532843,0
0.19074431065175088,0.01714914715212651,-0.11361402910881739,-0.14845097890056122,0.05608258696368276,0.060485545192995746,0.03073445303191819,0.018415091917476974,0.038097855362259646,0.017242080060897717,-0.02100819855588909,-0.024943568058977298,-0.011551508560666083,0.02422622849079016,0.028191015042319245,0.05455420860968706,0
0.23638900591442877,-0.012702891084291424,-0.08766367120202231,-0.14801212583322482,0.1434805454126448,0.06758269841568271,0.04841285094541184,0.010646576372906884,0.039799916424245074,0.011378931104467797,-0.0016403741379280277,-0.03684311207295696,0.0006154693320899699,0.014168777568532057,0.011105608423068652,0.042151273507378705,1
0.21067616506208892,0.04600283452748495,-0.10181780335685042,-0.16952604148070222,0.11214501360505642,0.07366750418677591,0.03194200356776922,0.02960884799382632,0.04501007387318243,0.022809453791774632,-0.011147791552078045,-0.04899579031512818,0.009244254519809047,0.020337182525571044,0.019764794508000456,0.04379492171327787,1
0.22407480711487646,0.03738498616884854,-0.13325077162746246,-0.15001224497339904,0.1295560424400052,0.08264101170763044,0.03916310720966506,0.016939710738713237,0.058945550718760106,0.019997900482051297,-0.008319486815168144,-0.05869962580697283,0.00928745417992957,0.028868607661285413,0.01724109343201707,0.04071076405469426,1
0.16017413714296105,0.0684133750119104,-0.19975911209265176,-0.19585524543255842,0.06531590941644376,0.06806051069541719,0.018178979967899182,0.013434766972898906,0.0762742026259897,-0.010369901556151303,-0.026586738334844956,-0.060257727272072355,-0.007586762391458608,0.04308680294832369,0.012678039110021968,0.04008228277068311,1
0.12965236840557304,0.0787390658982399,-0.20159117805717744,-0.15970840723133442,0.06547155549020657,0.06872787018986053,0.00612677284777877,0.020448755132843287,0.08927002436509356,-0.014708352789769149,-0.026410552580687262,-0.06400289414113372,-0.009430240895912786,0.033893633124844905,0.019913692800446626,0.04158182357266278,1
0.12817155054396578,0.0848100011033434,-0.19873099257372953,-0.16860703157991086,0.0857025318714523,0.07158097819215621,0.007253225404849427,0.026079652598997746,0.08996334877955199,-0.01829839352551447,-0.025714505469434913,-0.06380804711202567,-0.008140783903513292,0.032122501725786685,0.01861841950021171,0.033818805573239435,1
0.12239049907923873,0.09278428162325278,-0.1730215988419075,-0.221220557598722,0.043731477648152724,0.057358029471578025,0.008008025022644498,0.030984739527655437,0.06577979481498966,-0.019567895351018823,-0.02960033323526558,-0.06002990767193999,-0.007572667426452657,0.026045208663568638,0.01621339207564732,0.04345351683662632,1
0.12140095217258742,0.1113475587216317,-0.14428375300128604,-0.1872447776442224,0.04520040227091175,0.05757282075799177,0.007010892513555321,0.03995506441188736,0.05809036735333768,-0.01753071430823027,-0.027041084124627583,-0.053583419704077435,-0.0050346098514616,0.018864572338751797,0.016172556602126124,0.04134883143563367,1
0.1419146114200531,0.09127506608993179,-0.15821078914250844,-0.2410545163348211,0.017171612529425024,0.05024205057831825,0.012516185771008171,0.027392862981988304,0.044807143755025064,-0.01347238746988857,-0.029430415820208063,-0.055005645661129386,-0.007186244896061057,0.028024092747896134,0.011899658624512324,0.054508600952114364,1
0.1307037879941601,0.12119088415922889,-0.14453602379200195,-0.21252505662412213,0.048564771546266546,0.05658623603336787,0.007982413303689545,0.041098578828530595,0.04812773187276839,-0.0192645763894802,-0.027035213681335664,-0.054063050459911284,-0.002659326820053652,0.016836319942627725,0.01418413588746463,0.04660985320214034,1
0.11851840960632595,0.13684932178876127,-0.1855564088181537,-0.23668825869818294,0.03853834874949523,0.04715618221069643,0.005131753172043793,0.03606843102087494,0.05682231544075891,-0.03563608452986692,-0.031309896494024984,-0.056216916043544354,-0.005997323297392683,0.01668304259970739,0.011799320532020553,0.04023203333449724,1
0.12965837769710206,0.12597663540670134,-0.16688677040734137,-0.2365445419832854,0.039278659783090974,0.04951550982230124,0.008554714880487107,0.03595515170410367,0.04711334301471207,-0.028719718122389555,-0.030095610781829298,-0.05273987922835334,-0.006330794082739058,0.019832540021958014,0.009638075463037096,0.04541805398991088,1
-0.23733275232533066,-0.03271003806038565,0.17957020293440115,0.029937755068189704,-0.11223975844331563,0.02445718883064344,0.015809467604239225,-0.01820522085883902,0.009488778266017206,0.09619193367936975,-0.018128025406087527,0.03733689057741268,0.018088177455319297,-0.0012413171690030525,0.050065815944254674,-0.0007718459345126609,0
-0.3412008202781792,-0.050500001831955056,0.16811306065432602,-0.02435124107766934,-0.18943784356487267,-0.022167850113952014,0.02727875004574781,-0.030385062576494516,0.006674027181743694,-0.011950890509812843,0.04055747846578674,-0.013941346848613576,-0.0035928585224929105,-0.020625576830697323,0.015561259712243878,0.009180010893096054,0
-0.2745671738699398,-0.11396108120887949,0.15058035490977317,-0.09812752605375585,-0.1678769487766624,0.00039351625784413776,0.006358481532886211,-0.016708031640419695,0.0015137185952116496,0.027989872987745617,0.02265258874731955,0.0028021843145335473,0.0006609598115541655,-0.012757423682918805,0.02492937278179904,0.0034653225166622623,0
-0.1977657827297084,-0.18489221163462446,0.12421514664278892,-0.008064288234253312,-0.21874443612632674,0.013935939799737541,-0.024812835673529706,0.015556455692027609,-0.02217571308661625,0.08781386022959957,-0.007861960721111913,0.021973609182749536,0.0022147881878449927,0.0015684809422668847,0.039545683557832875,-0.01393119234320932,0
-0.15436492240876254,-0.22684772308298654,0.13568275413030118,-0.047350364928217314,-0.18235502311375307,0.032467294991007666,-0.02807518205021712,0.027162322128357785,-0.006756172978882147,0.05920801360472325,-0.007400850223094858,0.012050829768581944,-0.004086903059880509,-0.005780803912072156,0.034887867782234135,-0.019982074600331724,0
-0.1504859572094366,-0.21203965898352825,0.11092246198048669,0.01022203961824729,-0.1273452580333194,0.04047636971152191,-0.02756641468854569,0.03897901364669921,-0.00849116399971319,0.04701275123360911,-0.010311549017868652,0.012247770018158483,-0.0076946851599419275,0.005479280785078308,0.03375407774394008,-0.02763877061219655,0
-0.1130253537156626,-0.2645302915097101,0.10939063068751534,-0.06127789331174513,-0.06078733751447203,0.06442055197104321,-0.02551117952880331,0.04224551114809651,-0.003222994390851958,0.028038142343956973,-0.017184718395404523,0.0009735594158155178,-0.005898641278078332,-0.006680307548898361,0.02648937800960449,-0.030777225236259746,0
-0.11775432283126668,-0.27629138097715233,0.1062572406729173,-0.13053791270617465,-0.06881047947664481,0.05909159394596284,-0.019986878954047643,0.033800063619544636,-0.008186989647212851,0.03474205739261704,-0.01577162220768536,0.0050468945002703006,-0.0033429065158973423,-0.009598954382885067,0.022521174145278745,-0.027481091467186032,0
-0.11845530883022182,-0.26280957190292115,0.0854175642050048,-0.0993578631561836,-0.08164131294348846,0.05488277799359435,-0.021148953639420407,0.028160294768447402,-0.016533137100002156,0.039244115136545285,-0.01528630050843453,0.011058797019858147,-0.005326798867375311,0.00013519310511303715,0.026810620260973028,-0.03215393681759789,0
-0.13730597316582688,-0.2603858669505299,0.07188344938976832,-0.1465440484842046,-0.11942324220851838,0.037331974077146377,-0.017995838105769702,0.018503038997942357,-0.0260660336977806,0.048593973120117685,-0.010954634122633625,0.018752777363002755,-0.0061005229371447435,0.0024882161050245126,0.026589391666169034,-0.02387208841362668,0
-0.16892251478076964,-0.2097199839294155,0.025367849834892105,-0.024803290406952585,-0.13464374926373054,0.02003320178166805,-0.030259931991351168,0.012644068349956591,-0.03832466990663419,0.053412386027157095,-0.009253001167291972,0.026246470969427678,-0.013704186309365509,0.023308371968081394,0.032431864720929404,-0.03265781641608037,0
-0.16931127204757568,-0.202347390129389,0.042398086047669946,0.026585751636984775,-0.1549852982979341,0.02157042741640226,-0.03491890136498759,0.01858512355739651,-0.03816123782296187,0.05437904686730777,-0.007504201325689934,0.02217261790596807,-0.012907508393780276,0.020669422654277916,0.03640055946358303,-0.0261662623965237,0
-0.15079557590312315,-0.268584477476964,0.134882516071252,-0.14972375238918958,-0.11848265711625292,0.05260463919695881,-0.029968203282630335,0.02334226506216457,-0.0069617252203437,0.06497250705775286,-0.012215630192981252,0.00023343246028118176,0.006385568408230856,-0.011499262741852638,0.011059089889203802,-0.0195405424899391,1
-0.1610199939803698,-0.13189306970618797,0.24681029897014634,-0.05653953552329838,-0.069298600153402,0.06430645540408818,-0.03279876859027755,-0.011706457516361105,0.05381309415368877,0.0801607795688062,-0.022154462067768263,0.006549903249087216,0.020497739494307984,-0.004123660195225297,0.011779184426780335,-0.006080963386513464,1
-0.17655101589412533,-0.19162976724780148,0.1263288291398911,-0.1929724977085349,-0.0923668181136881,0.03468348946106262,-0.011462446185122894,0.002133214561918266,0.0027769649794069785,0.044520802191829176,0.0017510487373946903,0.01385275642008178,9.819775911730424e-05,0.0019370903203707844,0.012428358621846157,-0.008534705870228804,1
-0.193365865751149,-0.17275582213795082,0.08565086252255993,-0.16253807806585707,-0.04737952204887559,0.0251761073701979,-0.0059802082578774615,0.014957003416175644,0.00039288739755301435,0.018946850789492906,0.004779571507890538,0.01687593289504013,-0.008354693771791403,0.011671818264735286,0.008461020470240244,-0.01609361432963114,1
-0.1985923567058617,-0.15327465935295356,0.0790992653972076,-0.13638707749097423,-0.05849972987660062,0.01794266578843367,-0.0043152803968137185,0.010729029297035767,-0.00154581467583366,0.024154973535919572,0.002874464666075061,0.021739823623371977,-0.008721085816670172,0.014452743416161408,0.011688211415705774,-0.019777009473681308,1
-0.19180003116872907,-0.1471292208199738,0.11339005786047644,-0.1395704346022242,-0.04374236967873802,0.031308005710736046,-0.0038961445564105663,0.008329334102694666,0.007679201207432044,0.03416474561231233,0.00046996673457469913,0.020055869987075144,-0.0007384245381534335,0.009262468683269375,0.012974131895628068,-0.009672181544739436,1
-0.16198125059546467,-0.15364544267518956,0.15673317676062612,-0.14642820732656073,-0.047638601992868235,0.04900988057787688,-0.01132122065915035,-0.0007390278362201498,0.01745770489315156,0.057720563496289914,-0.00987244212751104,0.0188817383818102,0.00873898274712552,0.002368216964598196,0.016702688491946734,-0.0019071993526463106,1
-0.1654061384985256,-0.17110055825364953,0.15325829454009193,-0.1347526283322223,-0.12780521532180936,0.034690341970917374,-0.0173700275005443,-0.005946870886315944,0.00533100733859832,0.06919462950978925,-0.0060773023745530385,0.01891889350411098,0.005469646503245058,-0.00010424646911393747,0.020052346749804783,-0.002072854446509724,1
-0.17249790269088006,-0.13209275699122391,0.18053093621510324,-0.1640806391758066,-0.022460692931030205,0.057081031788339245,-0.009559445647907385,-0.009001136654720646,0.033409482303270496,0.027865359336141603,0.0014003573467986287,0.007237702501309409,0.007270700542094523,0.0011380500668801286,0.010924958155407054,0.0019412968813419668,1
-0.180758714944079,-0.1282145621087348,0.16983323028233022,-0.10627278186160181,-0.04688820307959416,0.04868264108059961,-0.007069052301304789,0.003364194379419697,0.029704474588497932,0.03279429070000916,-0.0010016897750478144,0.01115678060437047,0.0033962132875065116,0.0048234185262555265,0.011708206103352775,-0.009058375437358811,1
-0.1815842667571342,-0.12477816608291936,0.19565288607683196,-0.15750804581473588,-0.008249876120933135,0.06244983408420243,-0.010002593474805158,-0.008484299867646929,0.043448243089540005,0.01103926880213242,0.006755976379673468,-0.001366173788208092,0.006882108542943056,-0.0011360142004541536,0.006583792472875648,0.008327020953065043,1
-0.1855884601533541,-0.16589602302784692,0.17123792618495381,-0.15862868283322204,-0.10215920436916119,0.04266677656095149,-0.014109211541668214,-0.0025537269103990223,0.02291987647157831,0.026698081953749852,0.010729358820449742,0.0014011276770611477,-0.0013193037254361215,-0.0035943711030963364,0.010256763326123752,-0.0036472773492325196,1
0.4045816310351843,-0.008764592981315678,0.07428431080981299,-0.210450739828609,0.07903519083055441,-0.07570840923159283,-0.012308135270563871,-0.05485044997006307,-0.05643340603243816,0.02624124405533602,-0.009084896393705718,0.009032277544040582,0.008139672333238571,-0.06921471527009385,0.004929200971274288,0.025424853946379954,0
0.3821204004915171,-0.0007404108933225354,0.10736014289522124,-0.24392349344090924,0.11743387288112411,-0.05192603934557489,-0.039405800115619206,-0.05395226008609193,-0.0475417998287684,0.04393601211648873,-0.020221982218325163,-0.006417758452176078,0.019170906749070044,-0.08939029268526476,0.014392859936147253,0.04253903550812466,0
-0.15746032381340294,0.32653639034022597,1.3987236648011843,-0.41908109449277814,0.19680165763722735,-0.5142461947144517,-0.15032308693608523,0.12178007715243482,-0.611221450390801,-0.35736005840068163,-0.1925061050287516,-0.2639814738360476,0.41163261039914556,0.27094490825937934,0.22960053878183637,-0.02851388379352643,0
0.36333141136177693,-0.09348767235798765,0.04836023442482801,-0.21305316713734707,0.0923874720733896,-0.05477303584759108,0.03698192263527096,-0.049180492594271395,-0.012884391780219082,0.04517388535849705,-0.0008320058438298451,-0.019089242812673657,0.02069400657672284,-0.06810885006751165,0.018248303433941123,0.017827252892970435,0
0.3288295843155191,-0.08062367681981199,-0.002276302067265165,-0.23174370740523545,0.13030248513539336,-0.009579476003753026,0.058959148741870575,-0.023314079927683275,-0.010340982985516802,0.009444708047461477,0.001209884554118458,-0.011148298482414826,0.00488753874338241,-0.035724794198197636,0.0047813034457040845,0.022496655267668926,0
0.30989410403918355,-0.0789355788157073,-0.017417605571136627,-0.2047408717407603,0.1435310718179903,0.006334655347460581,0.06299262086563268,-0.013664809808823286,0.000805727563503136,-0.0010126517712988673,0.0014236969470997167,-0.011644007487668355,-0.0003218318147919647,-0.026128853807612387,0.004857988906092681,0.02561348692124654,0
0.28802872721871087,-0.09353962355903755,-0.047711017544007715,-0.25091777507405555,0.10846783556562949,0.016552232534474527,0.069132380042897,-0.018056600111691537,-0.00669329257535945,-0.00704837335066291,0.0020699548818907043,-0.0102870306152501,-0.009506409501589036,-0.010592078674012878,0.00032509152539447067,0.037976054100383044,0
0.272794038531478,-0.10493546053838373,-0.08502556838323942,-0.26720234316236025,0.0666340572243729,0.027615500982771445,0.07302286748979192,-0.026766820271387458,-0.004666047628057918,-0.004660780028097015,0.0012216949462849993,-0.01752542674078239,-0.01534435563780687,0.005300149887838616,-0.00035728859537577796,0.05314349105724825,0
0.26587487663018927,-0.06583446654371891,-0.07599063882038971,-0.15305588094106418,0.13917425093170338,0.052879953127733255,0.06239310315259062,-0.006875372928160241,0.027831799176023277,-0.00031217943002609426,0.002654836582750145,-0.025339056130241334,-0.006923258505934713,0.003230609383529329,0.014901629862856433,0.03337283011087968,0
0.2678432702298033,-0.0773495103210503,-0.07124365296335397,-0.2052697870613439,0.10623817405226493,0.044903895332927476,0.062496742607155265,-0.012820330719960658,0.015534208687793254,0.0160947473479838,0.0014298167111874652,-0.02808414769772748,-0.001297046306968102,-0.002696106356385685,0.018219962446296374,0.04648833201949553,0
0.26548320570155876,-0.06016389581818,-0.07187060436322562,-0.21622487880191443,0.0963111309616637,0.04535101346333626,0.058423804230380995,-0.008014569986949821,0.013821365491836615,0.024561496774506753,-0.002136291137221248,-0.02925353890964433,0.0011627264485590053,-0.00044612072106450513,0.0211259694414417,0.04938231349343577,0
0.2514213045092915,-0.04788794716741665,-0.10429227300276567,-0.20712943387358304,0.10069756763296395,0.056300855016698556,0.05796632082984634,-0.005363273988254288,0.02265543475502402,0.009090238047962834,-0.0060694293879153685,-0.0318602659987742,-0.008541419093278515,0.01455822904272565,0.01660796973858589,0.05442881662667026,0
0.2290253065181243,-0.06856874074980865,-0.1220332090903107,-0.1990567916329684,0.0732670852463319,0.06479720524710111,0.052829346472397766,-0.02382444419817038,0.03323559230250777,0.006873368173857036,-0.0010412825123636868,-0.047788837576154625,-0.009217061587427309,0.024259176419642658,0.005920150675419294,0.064298801375854,1
0.21295978071987295,-0.05125090008592585,-0.06800522755394324,-0.24519688647589558,0.03719102481978309,0.04170316956700002,0.03744106538834626,-0.0017332454142996276,0.011029843425331608,0.01805782319523526,-0.006535034072315858,-0.035520515093739546,-0.0061675011953493805,0.00634338737565191,0.013937926990940906,0.07858615280737999,1
0.20098162870917063,-0.0032598480059231136,-0.09465280952488912,-0.2561710586454833,0.04861484583993712,0.05925137252881626,0.029557856276197537,0.0136588995720356,0.026897020688599633,0.024257253554714125,-0.012899441782417196,-0.057771506801820166,0.0021163445747439022,0.015645440972983305,0.021516494346132963,0.07770740057286425,1
0.1706765879258022,0.007009467799318314,-0.14841189826459839,-0.23467541398048483,0.03702063713824541,0.05509345528640206,0.02814194753241236,0.00839434964060455,0.044681621339162834,-0.014177554328577483,-0.02102486837139141,-0.05088318366405398,-0.018436879774681402,0.0388161361746087,0.006394521718723304,0.06607166187778724,1
0.14226523446575434,0.011763851505953962,-0.14233086744922147,-0.22613138701995975,0.03612608450331403,0.054956846384883185,0.018329741631035602,0.018214091235004125,0.05054740342336162,-0.021497082709103117,-0.02275051537486214,-0.05119114962421685,-0.022478857462673543,0.033108992299927614,0.011341979587887827,0.06889181581714596,1
0.15208882633513832,0.014414926871024204,-0.1383530413804605,-0.21742623561937613,0.02469127167814996,0.05782756049947871,0.019325001991747647,0.015488489493780488,0.050723326539744686,-0.0061235218313526706,-0.02190015553225521,-0.05545519238386519,-0.015146488699596089,0.03285559525857206,0.015472024149322328,0.06790553848301423,1
0.15944322470272318,0.03496642111139489,-0.09004121066583982,-0.23809238419537496,0.04374280708723386,0.06270407577893518,0.013789499004900537,0.0314211835586048,0.03573351477960253,0.009751102207837018,-0.01685742588215575,-0.05813205648649261,-0.0012165667905213553,0.014979150629131356,0.024996964769542617,0.07033033441348012,1
0.15184379367360437,0.053790332136982186,-0.0856588065686574,-0.23161606232398835,0.05257574049452902,0.06204676338020853,0.009414518762493336,0.038004574337037085,0.03368543853753946,0.0004163983777226226,-0.016292078509937913,-0.05624291661654907,-0.001865963618826521,0.010981674073475419,0.024653855281820364,0.07266198063649315,1
0.1701627683750799,0.054287962196954864,-0.08719171825292778,-0.24803894790432118,0.053108301351450275,0.05907876998819236,0.013732987970208565,0.033239777285366166,0.024560127099399226,0.0024692753401581342,-0.01588706818995513,-0.05420347648155431,-0.00044535402567724843,0.014045640062604942,0.01957646734243985,0.07152737141378558,1
0.15064860314192977,0.06756786388042461,-0.10520325901521349,-0.26644077471082117,0.033280127226036425,0.05282854980412871,0.010620734242850541,0.03228228134369772,0.023617738151073767,-0.012858163294317276,-0.02063305398769756,-0.05443653977998119,-0.0072212925671090115,0.017678914154216463,0.014368325616982473,0.07368694212073176,1
0.12829477362976083,0.08377219822562967,-0.14442926754518848,-0.2382255390482857,0.06073711792943174,0.05659089409749326,0.009185066317543854,0.038919048098441024,0.0514328334515338,-0.02926084500115677,-0.025422969091491398,-0.057017109449532456,-0.011557015815218062,0.020362438213219643,0.015038925159469098,0.05905853641165176,1
0.09928554538894625,0.08919289409270884,-0.19312316757326875,-0.21978801469205747,0.07791471371170412,0.0520454365406155,0.0030285844042697405,0.03498724563634774,0.07825586572377478,-0.05100038025500963,-0.02845669278975327,-0.055810424213768035,-0.022030841951680598,0.022545867292144944,0.013607844654753206,0.04354005601639848,1
0.2816062861315312,-1.0831145393819224,0.6073753213716441,0.19792764370126334,0.25933571087016943,-0.2857202401812575,-0.022427367026172238,-0.12206290797984587,-0.06437434477731854,0.33054565930055024,-0.15823379127025627,-0.11756386753057045,0.1300694879492432,0.19152999505692592,-0.0584718774645379,-0.0419291169755712,0
0.2696861607861502,-1.0606580792182805,0.5840982075594914,0.28037918688408225,0.2811801010344947,-0.2672709385464051,-0.0386979347678061,-0.13219754980455548,-0.04602334723250457,0.28966044554132275,-0.1606360496852273,-0.11052928979448788,0.14015959089545196,0.1703957276545862,-0.05196573306467349,-0.04426337473671453,0
0.15607738320426134,-1.0969678114046755,0.45999367555866294,0.12293951648715144,0.12856186497048888,-0.23660419469739244,-0.001588204468969902,-0.2307029120595851,-0.06760716360226238,0.15522031807621775,-0.18079139986823936,-0.04061578840046077,0.2087674148029063,0.08825133544500648,-0.011460980151191636,0.032711384514346166,0
0.17038958173721205,-1.0213352944068976,0.3622663279820653,0.2088001406349582,0.19922593408325062,-0.13178783382869128,0.003830041592961464,-0.23012095788031606,-0.005862588372353137,0.08742850356057777,-0.15631536050041275,-0.055852951830994,0.23067844736623766,0.06145099766235684,-0.0015319499176103953,0.027959524248249497,0
0.1424913804775504,-1.145676743085774,0.32350835393935007,0.13477528507604208,0.1343490956127923,-0.1169605380005711,0.09626904786858487,-0.30409691759455926,0.0008034692829196505,0.16557325766823572,-0.11633186572836769,0.0005500140727246766,0.26510988864833707,0.05393005827503305,0.022925840067239512,0.08211613193684375,0
0.09725227525437315,-1.1060396466586828,0.19545291473570445,0.1057126388445056,0.11533680557539604,-0.01303006197340755,0.18262364369034803,-0.28880412600913297,0.027452372317485197,0.10424622481495213,-0.06563222536252089,0.026284883524972796,0.22258945078314132,-0.0075257133021932945,0.04160675983441334,0.07818825742737565,0
0.036485574657137254,-1.107667219546034,0.0706213317457107,0.029992459011863877,0.027325337686474736,0.06303744369934507,0.30656130652789754,-0.26306658123525517,0.012193759118063691,0.10688114933522931,0.020632775182847278,0.04138652792140613,0.12715204417890438,-0.041252088569949004,0.07463278230978823,0.08487709508798566,0
0.003637100666406257,-1.0353343083002289,0.015240410032303149,0.06172344585921731,0.059857818644301085,0.121551070989355,0.31465015995974066,-0.18962352113645548,0.01957759592251307,0.06355156155291197,0.05732251863171172,0.020330700907784695,0.06779896661388884,-0.04575652250155346,0.06182468006748195,0.07892134638733671,0
0.0012996452899014428,-1.0353130995399766,0.04977661321425267,0.0958747228812633,-0.003249295393917654,0.10237217131388551,0.28054971933331124,-0.2180520752801793,0.01959499309836625,0.07902859008845689,0.033686231214142826,0.03316751899824444,0.09902930978780841,-0.03653431213591781,0.07609525858501702,0.08339379098562302,0
-0.016616406141389765,-0.9545122183787087,0.03309411762684503,0.12179128464279189,0.0008650514956072412,0.1397487740130577,0.22772523083254206,-0.1734696075369657,0.006232485287329535,0.004076793701601651,0.0307362495144847,0.04130241336161892,0.0590073313727958,-0.02209233054807157,0.07043562484470729,0.06741636678185528,0
0.004589514328164496,-0.8932574696130685,0.02104623160566661,0.08147321546742671,-0.06670868696314437,0.14271867239438787,0.15831041721418748,-0.17516263434273688,-0.024189170203720255,-0.047996834493259116,0.017682889544322435,0.054038334855427785,0.05044376303686874,-0.0134783074829067,0.06997999382210023,0.04682566863711749,0
0.11419368398169034,-0.733685337820705,0.12157655102467521,0.2663093525434401,-0.06566916789432534,0.02705207980685462,-0.007764036919102952,-0.15775424244873565,-0.04354818172332065,-0.12000540673884462,-0.0683975735711408,0.02725572605263534,0.09055600624022069,0.009108123557710325,0.05949180759849442,-0.04656492559416333,0
-0.4771360395068422,0.001855517092258165,0.1641364210273908,0.015087070271443456,0.09420480973024821,-0.015475587085151886,0.04789943675887053,0.010427141656789495,0.018155355949707127,-0.01667739224916013,0.05446606085166199,-0.02721349677099426,0.026807213712423214,-0.00526075692761159,-0.032142108824014755,0.02698168713844627,1
-0.3885553667641261,-0.05419335769277131,-0.014862149810355038,-0.0068426279203606674,0.09692377473682409,-0.03928383086018498,-0.015542071095461574,0.013120650589234244,-0.03034166851737674,0.07439057238953284,0.0027440734314909177,0.006332077103252441,0.025540170800437276,-0.010461947803106476,0.015197400834654609,-0.006970416361998829,1
-0.38142889138556196,-0.1744339533673205,-0.07665002697881804,0.06594783728969861,0.046312219386390865,-0.009832167016328688,-0.09723470628506031,0.021277332643232272,-0.06989474795745777,0.07649597924459225,0.011823320368045166,-0.033571824816285845,0.013124839344301304,-0.0009520382106549779,0.0062866329273455574,-0.016421426830564148,1
-0.3981647891969225,-0.25457214920947135,-0.025966249410440494,0.051473255693962494,0.07690244880845881,0.024861809743727772,-0.11025084327200071,0.0622536909449324,-0.08367935377146672,0.07194836010521026,0.03525213256519432,-0.06331270286874967,0.02123875737672007,0.004673860505639794,-0.010032844774715662,-0.025345883852759554,1
-0.43273770985142934,-0.22309306341797872,0.10340387158867399,-0.040290114592362196,0.04790889517273822,0.007224524778855292,-0.04035522955251921,0.07584654983282509,-0.04445324761421423,0.0511805989446712,0.04834406901456601,-0.06265362985244637,0.033014946441172054,-0.010922068334607982,-0.04038602482524552,-0.007741535735521531,1
-0.4988355947571789,-0.12027369411287868,0.058344963112169905,-0.010791957803409335,0.09383965652864751,-0.049221948949829064,-0.012029371479809398,0.04955997380535412,-0.030608973737364677,0.006846161044247889,0.05534212732673611,-0.05575021182830183,0.026144105232955687,-0.02158212923733103,-0.03144519804345134,-0.0030352422359131103,1
-0.5592922608285922,-0.07333374513631506,0.0010059632941285994,-0.02090802043773063,0.2784846736395322,-0.054844550613621305,-0.005520942399853259,0.05564084578153665,-0.011237484340904005,-0.032361095954786034,0.044684352655436854,-0.06097423861555532,0.027963461611265127,-0.02037116264255854,-0.025942209229099615,-0.00840002686631807,1
-0.5724281711670919,-0.09800854489745453,-0.01982604438834614,0.04222632715142353,0.24895344663655733,-0.05173728298365554,-0.03230892807100195,0.06004003227317089,-0.029776032051893164,-0.025487359554201075,0.03584061136280661,-0.0741134029471407,0.028485425620581165,-0.03187177775941363,-0.018046351967373312,-0.015091052164180727,1
-0.6238809737518132,-0.04422731853451339,-0.05013842407336717,0.043541572223148986,0.27734883434083035,-0.06112144473622009,-0.01925278499666777,0.04744300103898862,-0.020941887275147276,-0.026658603795552384,0.006046027432892431,-0.06742043779254836,0.033501106306239495,-0.031240926078767925,0.0005651172337211391,-0.003259789105233279,1
-0.6593945205780818,-0.20091458831123413,-0.12407091212319168,0.0494521367923785,0.2680133321419675,0.006011524082738101,-0.10009738827763631,0.037221111272690614,-0.03813974401032641,-0.023711935768291253,-0.026780159896523253,-0.10343279210110606,0.056750252732900006,-0.08029733234758289,0.0029637337697250043,-0.018542022080615134,1
-0.614243385425069,-0.23650132148046463,-0.17505732336849106,0.09833418426686893,0.27577405089722734,0.03951255680179862,-0.13725756476962878,0.023123195218711996,-0.028838178505080695,-0.012614284925445269,-0.021907694727281546,-0.09374703079470828,0.04250720556279201,-0.08077543779230162,0.0019122383656092169,-0.023504398935793917,1
-0.5778641562167016,-0.2465243334557377,-0.07166586422174594,0.04945749503473829,0.26954574396487446,0.005248215546812695,-0.11164578709299389,0.07675985041173027,-0.05505881035818246,-0.025084530965527905,0.038317290034047574,-0.10732273809067597,0.03506675852445219,-0.05153793333195933,-0.01676411181719233,-0.029971901511913156,1
0.5649919366181181,-0.17540351901819268,1.2966566087231115,-0.04196754481142155,-0.019930006220413753,0.22357052853600928,-0.06746898439593582,-0.04876191387784969,-0.25557057273595496,-0.194346333401794,0.5263966651990962,0.3079376390850991,0.31209572217638953,0.2369635345758037,0.017264614645195617,0.14770316184523583,0
0.6016640335728448,-0.20581151746969129,1.2703099289898283,-0.023653032739231535,-0.1104515302038689,0.22505923641667347,-0.032633834032043785,-0.08036247949625652,-0.291597013470226,-0.11843895479978225,0.4681902980133673,0.25290516316929895,0.1841270564320577,0.16344457760072015,-0.008181933102793448,0.11121749333741346,0
0.5462249213987824,-0.5172724822786032,-0.09880166556200451,0.14842161560397577,-0.07180299200962524,-0.013729875057185252,-0.060824987685534626,-0.043589160254344304,0.028516813027587136,-0.19400555883348478,0.10427571079388143,-0.03734980156633707,0.03768444157418786,-0.05009230401220483,-0.02239950491366904,0.036986105566560706,0
0.7395468336233436,-0.6492118380374347,-0.04474786703079169,0.04916412646238755,0.03667187684046791,0.05471505617986362,-0.18969033876158645,0.03737304947324447,0.10696665715735798,0.0037033549350073557,0.08264676466604413,-0.14695456386067776,0.11133164959948502,0.09557581146800144,-0.030664803359161948,-0.005245253262348229,0
0.7046442896599375,-0.6641736015120813,-0.10720178600498204,-0.014306316815272776,-0.023440451098888926,0.05388277564991085,-0.1634608581029696,0.002753067940328877,0.07306329425160206,-0.018534647100486062,0.11325591350511258,-0.09522894298550436,0.09893829122623114,0.017218617722899957,-0.04520848325823458,0.009333880898804606,0
0.6570404027785504,-0.6533599124492662,-0.15810018498688627,0.0015209474258919618,-0.047449985405203975,0.07094538399528483,-0.12516182480835092,-0.027626969509052617,0.05438416389475287,-0.03631250265741686,0.12198143249447917,-0.05258305360886971,0.08327779935699751,-0.05063044556342272,-0.057217729576133275,0.008640387604808052,0
0.6143105927827354,-0.6280807131501229,-0.15768871876205945,0.03786799621705037,-0.013515777987565899,0.07899537203216786,-0.10279120203116883,-0.03467884728259127,0.058525870667455564,-0.08520105305492541,0.1204182356475358,-0.05267411072482786,0.06996492851647941,-0.07032585822680627,-0.056399021940351374,0.00847198303729113,0
0.550766967770221,-0.5458461199615157,-0.20782945197909244,0.11626978476061353,0.08172607029939444,0.12126954682075688,-0.03027347579784848,-0.03057841458734946,0.04044372199009245,-0.2058466272395079,0.11228154579833165,-0.01714820434832427,-0.003889818890785985,-0.10349689129900505,-0.04686723522749481,0.011290932414602243,0
0.46743346941814223,-0.5704000653394685,-0.18399125222444793,0.08323876508207209,-0.03861219993584603,0.09005115350760501,-0.0003379047928591083,-0.049831474916279726,0.018517046928515607,-0.22935797846246192,0.12553648133785916,-0.022707768779319234,-0.0015071622921484275,-0.11990424985402985,-0.032944295023462904,0.03301730853588351,0
0.3220531712993343,-0.5690040747438551,-0.4544410298318167,0.10091107531137619,-0.04745073910883987,0.08326624690201444,0.22606879479927983,0.028758972906261473,-0.02223606770954197,-0.0866811255514083,0.02292331248582559,-0.20221141062957718,-0.11743649483006698,-0.1364516740700466,-0.13066748841215872,-0.007410695278362235,0
-0.07542475744944058,0.23973656038793623,-1.0524788273706307,0.04462376194317318,0.05473331346523862,0.15208664538623412,0.04210821762976999,0.1460188368471489,-0.3972189414661282,0.1600501893216084,0.6274656976113807,0.01009047799281689,-0.014906398126935309,-0.08448390553982955,-0.026029820456096114,0.12202268783087533,0
0.2001516186125033,0.3068847261958143,-0.49879101067189224,-0.09159002179268223,-0.12582962156458585,0.0006708669072586304,-0.04802132287843864,-0.05720750882010189,0.12580508680054373,-0.013214202263603207,0.023034550030239357,0.03147258479855813,-0.007759683540612593,-0.01810965152419142,0.04969523697113313,-0.036594922685140495,0
0.25408289995968175,0.1293776616690341,-0.2876410120244389,0.05583717909540501,0.009166515758520288,0.11101340913159967,0.011391431703503754,-0.06872023783510996,0.11514528699027707,0.08152981329514088,-0.012627805590274807,-0.09194661509762013,0.046729104082498855,0.06243140740437699,0.03569935512723358,0.057144454721916225,1
0.15945016343022417,0.2183706989994947,-0.3584230211837802,0.1555966313017883,-0.011488477980527998,0.10602508010768723,-0.04508767930556131,-0.052653601281696535,0.16328254147277646,0.08583951210622705,-0.008368804611729515,-0.10072619278579273,0.05972776366861638,0.02207994404206766,0.050130334569291495,0.04972847507380278,1
0.10529280198600871,0.23515993562390025,-0.43336574057640637,0.05010638146234065,0.02803657864370108,0.08382313966962987,-0.06950065550428935,-0.0557433484087166,0.1746280119454674,0.046398107943145916,0.014124042277484124,-0.09086095220452128,0.0367596585446184,-0.00273998917682296,0.05391668558310305,0.022662170696088276,1
0.06977778189640538,0.22849701124926616,-0.48283466446437595,-0.06519069491448361,0.0363513595481501,0.05990239032544982,-0.07788653178711462,-0.05654280520088732,0.16665952836719436,0.012110902065639523,0.04501926160219005,-0.0656421890844889,0.01784967921853161,-0.019863340855226813,0.06594203463559682,0.0021359339214698223,1
0.0741598695962298,0.30972895488995217,-0.4397887354918225,0.047741876578934195,0.0003361154635981164,0.06384749771303966,-0.07303845001858933,-0.026728941395550317,0.17592244357878054,0.0726609569678089,0.017118574905571445,-0.09298485331184671,0.043140400923770784,-0.04973404578809444,0.05608212352963416,0.032176065712038626,1
0.030366617318477587,0.29120342060235777,-0.5729337975772827,-0.0788373684182007,0.05924661931871594,0.06629681123845609,-0.1039331364001898,-0.06555172365129056,0.16068936814157428,0.05564093208244301,0.11672697612848872,-0.061149473412847384,0.015262701363978236,-0.052349270876900264,0.07182600970782427,-0.01441342154204048,1
0.014369450152207414,0.4586239369506592,-0.5507583424929828,-0.08915252859574674,0.07927721049916105,0.0056439798940616315,-0.07187867291480388,-0.011015948620358353,0.14413685055121797,0.08220283994018733,0.07371464614023907,-0.018936845042236635,-0.03325728484624865,-0.08946076181409243,0.01878415463619245,-0.028908660887686226,1
0.043759675085999025,0.4475653446076386,-0.5391919630779892,-0.16550427026502823,0.05041873384641271,-0.015895855427260547,-0.06547534044493206,-0.005876869334646431,0.12835824259842812,0.03440053411416477,0.061850077908958724,0.013024666284163516,-0.030808968493566694,-0.09393720225877387,0.02345740243450204,-0.048323915214129515,1
0.047372455097754305,0.47281575026524625,-0.5688123611439982,-0.1957641715111036,0.034988737209770984,-0.04018104550565721,-0.06895022794766836,-0.012367293315286002,0.10529836135077034,0.03248322983855652,0.07873432741877821,0.04568589211916729,-0.05301949088397877,-0.10566787245551366,0.02083375384788508,-0.03460767588126987,1
0.04263965694288158,0.5431585548072703,-0.5624614016779563,-0.19691793102600447,0.014705004990466276,-0.07769006104137208,-0.06162767809543514,-0.01289336454955982,0.07607384048045789,0.05047501168333238,0.04859197390423378,0.06931882013106684,-0.06616204245642412,-0.10801867168413481,0.008442359170480362,-0.013217838630662533,1
0.04045740792625809,0.6099184500159686,-0.6134415822526571,-0.2382645617078648,0.08408523410389945,-0.09049198817680028,-0.05733435334597693,-0.02674546741161599,0.041740449867276874,0.10765158298709736,0.05949033327247169,0.12115215137363969,-0.10580232642711,-0.10245628487766521,-0.01356476571549048,0.019183338297059805,1
0.09017762711235472,0.5358412043988817,-0.6095457094914332,-0.18077038254942177,0.03603803984120957,-0.050415643442750964,-0.08308307653722187,-0.028615793804003316,0.09353514199126453,0.08898668000745703,0.07935023905338966,0.08832283052866546,-0.06779420922166327,-0.11745746769245728,0.0006372069049289396,-0.022710341206861922,1
0.05472792815825455,-1.0006512410227324,0.751643554827913,0.060450075854480985,0.21931506222026273,-0.3951887102548198,-0.0646534282385923,-0.04705371608750605,0.006285639562359073,0.17178144159835762,-0.15071180656402208,0.0930709061073834,-0.1650782473078206,-0.05732081890845534,-0.1431527973404641,0.07216622785901325,0
0.06999930295770516,-0.9990313859375932,0.7233820814413651,0.05929106298276925,0.24294482253038957,-0.38310656904717677,-0.05307873414253529,-0.04601305509691886,-0.0015085620103390705,0.15121962166812333,-0.16955973934888077,0.07059724493025693,-0.13035237166857638,-0.039368222125643344,-0.14078897107415433,0.055098300313354144,0
0.02955158623148123,-1.0454074131171522,0.5355142396169579,0.02564106034590411,0.19989794678385592,-0.26248019303280584,-0.04047427109680744,-0.1129376236885534,-0.05516998453511884,0.018236857068867216,-0.2540638072951238,0.03556500301016456,0.0644323413556183,-0.03050338956027024,-0.01705967544366759,0.08007696338813099,0
-0.012312974642223137,-1.0858758481224076,0.2667707469091811,0.10627300087883071,0.14101081311135505,-0.010313074051702674,0.12097573285028038,-0.24477139333010844,-0.013077224482583819,-0.0325433211718309,-0.13890375733029994,0.056093539761698674,0.15353829670819177,-0.010710352976492093,0.10556026259745223,0.09391602501604288,0
-0.018290902334198233,-1.1578067291161807,0.10149161456883572,0.04567169681914557,0.021738077802879553,0.051776766699587175,0.3419936333100729,-0.27384577471348737,0.0009337433647017102,0.10229893708758586,0.013692247788572835,0.06979498189786931,0.10092811226410858,-0.02737871401860359,0.10594075954960279,0.094097128545362,0
-0.03587665450151996,-1.1376715064401963,0.056184592495320373,0.09598436054808879,-0.005965781293099998,0.06884453544263217,0.3880971333147419,-0.23564677660456096,0.008676445696046434,0.13845442119103354,0.05855595161665442,0.05169041117522243,0.069045338294048,-0.03368261913971334,0.10179143263575302,0.0803823991638466,0
0.010831936725657593,-1.1106494227076413,-0.03548794833956848,-0.0018681711890043834,-0.03830856009723516,0.07646419650535494,0.40735867274499843,-0.22056932150931038,-0.018929837319892038,0.15671063936012428,0.10824839641089914,0.01263222800681238,0.03474643110411907,-0.06248837626107461,0.08987738411525505,0.07754416116831249,0
0.001078271083554353,-0.9680759479375131,-0.09934759882960795,0.0865139717883407,0.05672564565691996,0.12885710620783097,0.3685294774907473,-0.10819758725535285,-0.011960822771336727,0.0567642096076352,0.1318996934226108,0.0034802548139177374,-0.017561931989005054,-0.0600737408609181,0.015857436152923,0.029284372481358702,0
0.015695295250067024,-0.8649130752466109,-0.06707285723028727,0.2544938372322498,0.04417522273501534,0.14803975350703535,0.29227009924284714,-0.09626784816951665,0.00828175571477203,0.008848502830194352,0.09812239885470177,0.03360737339172401,0.00782414646607256,-0.03862327514802883,-0.00025063922770292144,-0.008122873241217979,0
0.08810291717911746,-0.740800787823706,-0.0029864461118038785,0.3565543043719036,0.12223350277408945,0.15427039740242393,0.14936878702212483,-0.11664861710207812,0.007591289152334849,-0.11524779988812715,0.023666551687521433,0.03946829206540022,0.027213556322230607,-0.019293073709138422,0.014527662228323449,-0.04715671682458453,0
0.16571003033042242,-0.6351189731954491,0.08845137179304241,0.48290251441075666,0.15779292900722044,0.07974859420788907,0.02055471878359521,-0.1212275190083727,-0.011254215351917878,-0.18309636455606787,-0.05178929367465391,0.013422647060795719,0.04388713995103898,0.008994525318542586,0.026138076511088053,-0.1111090596660101,0
0.1962905372609385,-0.6127836855889935,0.06669445052399618,0.4290547129967732,0.16621171256048092,0.07110871086918101,0.023478701061161605,-0.12959027815220533,-0.030808153369700664,-0.1903306675076465,-0.04776698446124092,0.01482307557314863,0.039432231361487845,0.015109801205937384,-0.004304139186489694,-0.1244932574436571,0
0.6676322405086075,-0.546858032286675,0.11001648524132435,-0.011315651874860454,-0.16645689701907987,-0.22375120787691752,-0.08471132207318853,0.10014490765009199,0.08854354541503132,-0.10207200928427793,0.08911937611919846,-0.17128651211561505,0.05562487541782274,0.09419366971146742,0.0029033387079469013,-0.031200409925790207,0
0.6512790044851744,-0.5738781275283878,0.08918527931196049,-0.030979220190393172,-0.19637398232960054,-0.2146181425895651,-0.08816463063477414,0.08277156781053736,0.07127997024541786,-0.1114225566325912,0.10446524724701554,-0.16683058839847312,0.06707132252825825,0.07656936831820757,-0.001736302800753036,-0.024368327147568324,0
0.4347070762056844,-0.5278278693179907,-0.29708270024622496,0.0402228709789835,-0.16593176439086363,0.0716294919900425,0.1387449747389861,-0.13674927579526494,-0.10770239368051289,-0.19722158448144045,0.09004986679487556,0.0790287250140431,-0.03975705736377061,-0.08590229457746613,-0.07300039102960847,0.02268704554102654,0
0.6525275981130969,-0.6044165680537413,0.0764271408082107,-0.07489874230729524,-0.17330437595478684,-0.17886890538709949,-0.10770913293840965,0.06969333952960063,0.06545381891006813,-0.09625002493585105,0.09898683427036928,-0.17246977822380383,0.08182318459025943,0.08224454795882902,-0.004016976115098298,-0.015047375798122842,0
0.6111615536630964,-0.6172238631117068,0.042528748621679824,-0.07810737179670338,-0.1720794879731315,-0.1510098815833953,-0.10772195780925048,0.032167894688957574,0.05008332300050225,-0.11541413738659172,0.1072699515561304,-0.148284058778867,0.09283392414808055,0.04149339023516982,-0.013501205217709138,0.006457513356942958,0
0.575231576468242,-0.5975125423244734,-0.03762199986074135,-0.044144478877223975,-0.11888464058505441,-0.08481824510115843,-0.08031609904896929,-0.006344809135130917,0.0377152077034606,-0.17584535054607497,0.12519988106837757,-0.094860460134745,0.07113585730011869,-0.0176122541238565,-0.02967549608733256,-0.0034638523968657875,0
0.5498988199382082,-0.5871885487718975,-0.05007336936514946,-0.03338747639698534,-0.11305644394233823,-0.0791493431813555,-0.06294294753170046,-0.014151764868495504,0.0304236701894982,-0.19728902563924386,0.12767451800151994,-0.0835375482612796,0.062346830165373505,-0.03981284401704159,-0.028653036187974112,0.004858079155580213,0
0.4787849607173925,-0.5617336591090277,-0.14582734827872273,0.06046578193919487,-0.14782508871576772,0.006727493375886628,0.022539422916690227,-0.07847506826697997,-0.0007027076180464259,-0.21742835983645703,0.14358547606225922,-0.03797447488133751,0.02740940010176749,-0.08953946831864214,-0.03956178574789796,-0.04459843631221411,0
0.3123131694988082,-0.5948195214700843,-0.5328277820108387,-0.09236345863129378,-0.2210490772029561,0.00250454241244339,0.21668913213709748,-0.04500899068512254,-0.08751679340757954,-0.07206233241094719,-0.0477501685678466,-0.19315610307485456,-0.15295583671201116,-0.13212614593562305,-0.1262521373967971,0.014096095925508591,0
0.18876961528448857,-0.461211849952348,-0.7820530421792362,-0.019343732434491664,-0.053235737847361804,-0.26197709123690893,0.10998795637054916,0.04285342230731079,-0.0833139366617239,-0.020397706357604756,-0.048569317561410696,-0.21146893103106199,0.016409507590343424,0.017513414761571585,0.00298718706756268,-0.023305053740960903,0
0.11473237167625815,-0.2905201681699932,-0.7071093194807592,0.05320316047943455,-0.10414530524216954,-0.1315949634351284,-0.018168383829555497,-0.09834473670317023,-0.027253536910141263,-0.10781447606927855,0.01840327469094325,-0.08856518878304744,0.06561112038695192,0.13761954528674405,0.025151933764726183,0.020937360297735234,0
-0.022686781990547595,-0.022540659951510108,-0.8235631109029727,0.04190107766574192,-0.016749684060928045,0.018059855555682198,-0.10183640445261039,-0.04991907034647969,-0.057619990354978244,-0.06330971122769535,0.3067723813005911,-0.09964800982969088,0.18069443385289918,0.09334010417996887,0.10286173887081487,0.031190097342098166,0
0.16048351717707135,0.13715153800677146,-0.4028805038512257,-0.10902730851409628,0.0011282132394517383,0.08012182482796232,-0.02492746179695818,-0.07696215298337514,0.1407339905140814,0.022993788111724953,-0.007854723149632767,-0.050732431446144116,0.020877024363692227,0.05597878601051042,0.04756839568285248,0.0009582949076929069,1
0.17090241711285678,0.08675196017608174,-0.36214781739844004,-0.06489048646129579,-0.003545729693515152,0.08804264787401028,-0.014033281721351496,-0.09238391064382984,0.12592252499287163,0.01931052531121821,-0.01728709734284981,-0.06020044377467823,0.009374878104486969,0.07459050305038649,0.032361166936557,0.022186429635758818,1
0.2515871740734267,0.02043318958426734,-0.2347429069466589,-0.08176662368867925,-0.021763472562296618,0.0712139490662497,0.04919620602578538,-0.08352447821255896,0.05872853206677566,0.027707855349100384,-0.0145230230985885,-0.04660324152421991,-0.005267047201902013,0.07766013115296796,-0.00641507600884662,0.04331443897041248,1
0.21518936074163197,0.11802093683927453,-0.28195153928266603,-0.12632462643950193,-0.05308709956244824,0.051163852040303014,0.022272705304971604,-0.040537097964033306,0.07580823808026614,0.009902671678408928,-0.03109131761791068,-0.03936363030406773,-0.0016881846757912892,0.06623739732751908,0.0017299817274338304,0.03491194551066281,1
0.22645900509299047,0.11038654478806978,-0.26080127376533757,-0.17537679858066485,-0.03562011646885637,0.03555418555875384,0.03245810587291421,-0.02455362081647696,0.048929752880889174,-0.024317337657693013,-0.03162001537943563,-0.0265620246918565,-0.019683246875357652,0.06615320700548862,-0.016830195450843022,0.03607892677928782,1
0.2382347594366479,0.14425033221249833,-0.1980709773458543,-0.15847590326974614,-0.039902524443539554,0.03218902287182089,0.02920246800518084,0.003019566745195785,0.018786213602904063,-0.006327613947669876,-0.029216628792734366,-0.03411606633105573,-0.005248062781462038,0.05268480190574732,-0.01976631587773287,0.041551877968220616,1
0.11030829534510109,0.2519600834594457,-0.34857430945707085,-0.24050569475915057,-0.0035970698421804556,0.0005794109861202329,-0.013754153314952652,0.010321389935570097,0.08447345140014421,-0.0818363293039618,-0.019919850704084432,-0.013188652297866022,-0.010921968682559126,-0.0103276184179001,0.00714288723183045,-0.039051043704467506,1
0.15600126944181025,0.08011712736381175,-0.4744006382610039,-0.15983167247590374,0.00043760647681380014,0.035932694473904694,-0.034178777689887425,-0.10714653740572205,0.12141518530722294,-0.0960228570837069,0.018382848999008442,0.0024551870050936136,-0.03262204942642179,0.06595028289101379,0.044858848304165505,-0.0073042268994948055,1
0.1202143320673312,0.20360074013336665,-0.5062506220219902,-0.14759410819077923,0.056949108663825805,0.02311472031202942,-0.05227203079226695,-0.06611662432668398,0.14720312786641845,-0.09219608417471109,0.04854153893364364,0.006583887045254753,-0.032240520690244676,0.006949161269967351,0.03671152076104011,-0.05863567440900892,1
0.053382665081569344,0.22654554448148395,-0.6368736960618583,-0.1801770285754736,0.036997088844710306,0.019833559600363725,-0.08914264213869125,-0.08620812692197526,0.11363138598231111,-0.07746410406595368,0.16461267697710802,0.027705226774987875,-0.033077673985254276,-0.04231685625199312,0.07043237280154638,-0.044940665242778226,1
0.008781619865348521,0.3786925397956008,-0.6292100743476623,-0.2280107554827883,0.017075652688098453,-0.03015369269716985,-0.06731915809910166,-0.04076593322621631,0.08631711464823914,-0.018264303108362155,0.1654642910344758,0.062021675902759255,-0.08177589778580191,-0.09918838068866333,0.034445810498557244,-0.03550257427384954,1
-0.06052723860789757,0.46663103505223497,-0.6310233195611531,-0.2336351718925566,0.03931160795822122,-0.06263150832846642,-0.03578331754626617,-0.026761402830020608,0.03881141382849227,0.020882297544117728,0.1656115500509781,0.06420541804880875,-0.13713979528872056,-0.09010245903342719,0.003023127731504521,0.011984303255790725,1
0.12223711140418399,-0.8183273471103077,0.8713968855039621,0.006092878369876831,0.12418558055241118,-0.3278968387145754,-0.16926958677242585,-0.031212340566246104,0.037288175976405234,0.14861589025994204,0.04608875591917184,0.11606259400815547,-0.43597156672933746,0.004745943085696424,-0.23063230728459733,0.13635945344271336,0
0.11625210616619809,-0.8173627753672124,0.8725512281442703,0.014537988030225426,0.126106317577909,-0.3271671013928042,-0.172273210543522,-0.030002259283253164,0.04058042381654106,0.1458614372355938,0.046780425957084204,0.12115122054716942,-0.43594458561088056,8.338103948974484e-05,-0.2302844366128321,0.13507724134183632,0
0.1109440446190414,-0.8184552305555322,0.8790560612537124,0.050672207575610216,0.06654459015769092,-0.34655162623253427,-0.18374798518276672,-0.039362348572795476,0.03383850309164636,0.1667647711339079,0.05503113989326996,0.13321072750174234,-0.4388297922885753,0.0020266599967508556,-0.22037553442294877,0.13282714064105722,0
0.08212817547710981,-0.8377686130807122,0.8038230343951367,0.03675791025644099,0.12841693910256025,-0.34677139420735575,-0.15604224978849757,-0.017147937253710412,0.05934510180948806,0.11307953177355856,-0.039154551446853536,0.13602193515239008,-0.3479842346346651,-0.015057412313229724,-0.2119534051284848,0.141311856650045,0
0.07968389023039482,-0.8704343557167488,0.8084309114213535,0.0012347386495660702,0.13619321704935122,-0.35673734493025205,-0.1375605921421386,-0.03081343974796792,0.04821921716330188,0.14725695737688757,-0.048399707994885105,0.1291596746974356,-0.3325969798693719,-0.022551906393545644,-0.20584717505556008,0.14056780243156022,0
0.04952844817432318,-0.9106220912547128,0.7072706480117078,0.021550909637951282,0.14559377064907977,-0.36174928385549726,-0.10321027626407756,-0.014528052641386083,0.03599778437968865,0.07605208881244856,-0.15342590618368895,0.1257466751202961,-0.20003889890383209,-0.038317367246464264,-0.16790419827850492,0.11359370126066153,0
0.02152497791681484,-0.9028529499103708,0.5918768482622749,0.08143506946165818,0.15638548391835794,-0.30048873159611,-0.09685189120053782,-0.001536077000940589,0.016442972203248345,-0.033785622417587334,-0.2267622791445841,0.10882382172351465,-0.08694195159488238,-0.049286903756415805,-0.09127596740448397,0.08299362668492972,0
0.0007609625759780085,-0.8960945686622971,0.49635482253273455,0.10180465560512239,0.0460303055913629,-0.2485960302252378,-0.1032015715249404,-0.018496843091804514,-0.022535285314563735,-0.08613671532936794,-0.2435192979378969,0.10378794763644646,-0.015394266475674429,-0.039614972300875365,-0.008867820789815451,0.07767453389186099,0
0.033885518345491854,-0.8493209986322494,0.44555311540425746,0.11589004726003659,0.051750331843800325,-0.21329016909167203,-0.10210675953554743,-0.012347563712879367,-0.01690102473369031,-0.11876833888100206,-0.23129380147410594,0.0796008637368501,-0.00034462304426227035,-0.01629685312696658,-0.004873796651890562,0.04491772384141296,0
-0.0333129050703066,-0.8151231169870534,0.258048427700866,0.19217456610361427,-0.02142786652660535,0.00046432591084473614,-0.06582900126910235,-0.03385727139492074,-0.04499740110057359,-0.2100947296447392,-0.17311359984365776,0.08337984578712163,0.0179504094198683,-0.007912319530495508,0.14254110016556984,0.042521590616366914,0
-0.07395925981611605,-0.8601317999449648,0.021239319810669507,0.14078062553353607,-0.004002422927522626,0.18343555041394263,0.12491329780750987,-0.05971750821669993,-0.032202302589568396,-0.161725252045994,0.022718303061177572,0.08288739488559338,-0.05136503285932259,-0.009766014044220846,0.107089628663285,0.08299452390965698,0
-0.06996144082239693,-0.8930006610618877,-0.01681546707959403,0.16607052079615028,-0.08444759904961831,0.16305162867765732,0.19861981189950104,-0.09395270238777875,-0.030172330589510056,-0.07104812069560382,0.06917973139355228,0.0883297128910544,-0.0426888774369868,-0.010431740678701278,0.07573683982912219,0.056522143609906886,0
0.7576986536020107,-0.6545529591127484,0.03320378906624184,0.16864747284743659,-0.005891293080321286,0.043516797606405956,-0.21450366666959106,0.07013031174597315,0.13472764625725292,0.060399850236407676,0.05650941216006397,-0.2109675155326328,0.13080962285664055,0.17593859598584938,-0.0036153614273753453,-0.005354995841484384,0
0.7955928199679064,-0.7059903143162097,-0.057870557788703376,0.031168876438771125,0.08562786338253492,0.11056432162691063,-0.20580217078181787,0.08997164067645352,0.1307509326201849,0.07276479746580987,0.06511659571890392,-0.12363799342418373,0.11162208019845664,0.14301214425004077,-0.039591227430143705,-0.010427304474574425,0
0.7481865150697048,-0.673928732550236,-0.021988152129672225,0.14086995086199694,0.056968484379796,0.08298306735673336,-0.20314182595981747,0.07107201657215464,0.14569733656934164,0.04452441665760398,0.07257296572317595,-0.1650105772867423,0.12254726970236839,0.12379719756095976,-0.03208494781812154,0.0013046227555020115,0
0.6214016591416293,-0.3304036597336155,1.2632638839416803,-0.06391871098440263,0.09578977213767378,0.26243606863076696,0.04230524135755961,-0.08690939917070757,-0.3225272568213963,-0.026836191869106477,0.436370553563589,0.10597218476371419,-0.0596656901815068,0.07410454719352642,-0.01851310669539536,-0.05220053337498281,0
0.7425236146178242,-0.7180489222965101,-0.1176102555875051,0.16877933308941048,0.05591609613416045,0.13031408658368127,-0.17542909247618726,0.08867369538518774,0.1479029978381993,0.13425845564621589,0.06813466262698617,-0.061322094718276855,0.12906973182684744,0.03145427436040365,-0.06346085663949275,0.013231960011049319,0
0.643117610863024,-0.6634020422298986,-0.28481710145545847,0.14244861319167684,0.05505549667705647,0.15390863043286007,-0.029568967572544128,0.07252548013381344,0.057379511616241906,0.02830897578112836,0.06766557225523911,0.02330573922123197,0.05453679851555466,-0.16076429559640507,-0.05361118127751788,-0.018919981278025886,0
0.5848111522367184,-0.6271456572902395,-0.28855652714029634,0.1770625071258985,-0.028701449325279873,0.1435472831667308,0.009155749320334767,0.020685103527247575,0.03145212062906659,-0.002066917398949073,0.07674345111897898,0.016791006025262904,0.03705807175690292,-0.16444566886154485,-0.054202747471726966,-0.017696387129094333,0
0.5720016362863813,-0.6292980682447962,-0.24165400426099914,0.1652942556696359,-0.015703873171889832,0.1368834123007461,-0.0206879931594327,-0.008599183586672348,0.05381956228136306,-0.02172439975686138,0.09484927910151102,-0.005202112790224654,0.05344446155355627,-0.14269705226649324,-0.06139797863163934,-0.006201053464335368,0
0.5542287810901734,-0.559607004497939,-0.2083918951500097,0.22671135393167377,0.03061489288384598,0.13683998584441706,-0.0405892342942186,-0.030256109601006637,0.06847373825114038,-0.10981260594073286,0.1053071133231695,-0.028523749368591547,0.026365183944835568,-0.11281529588782571,-0.05165744153673763,0.0011937721887081494,0
0.5041950334437653,-0.5500739458078335,-0.22019056553911895,0.13356257079281375,0.0032588068646576406,0.1223006311801355,0.0005363966697494464,-0.0401298709882323,0.026066728873006664,-0.20979977801871466,0.11696165531147416,-0.010150049300102118,-0.017017712360643963,-0.1193936006335774,-0.041292733544942006,0.011092442561506032,0
0.45738305116500444,-0.5440804407978194,-0.1960097107838484,0.16015264942903537,-0.001963185185177799,0.11584615011571235,0.020329640862967218,-0.04442798162119024,0.0363091301474252,-0.2367756911848717,0.1256708592456204,-0.03131868125353749,-0.01507521245931622,-0.1172278473701946,-0.036038064939177834,0.005886016594841173,0
0.18591373525566288,-0.4317221193286469,-0.7684673080656507,0.11666232144292055,0.035220289255649205,-0.2553337122955327,0.10680550175168144,0.0963171871606553,-0.05806646130200944,-0.06311639868955593,-0.045736830846572776,-0.21827111848812872,-0.0304550598992155,0.05599471279143028,-0.039926897361320664,-0.0032407095842633834,0
0.3029599670469727,0.22769268588400818,-0.24726924089885363,-0.03684524058853036,0.026713963007516873,0.07571563950187567,0.02718268983339283,0.021637118063617226,0.06449077591472632,0.046090973032645366,-0.021363786206161427,-0.06668803940610595,0.038913231090132706,0.0444738020959939,-0.004524928760483182,0.01938604351956453,1
0.3410631955693154,0.18640559486960356,-0.12860792346841649,-0.015943739769069026,0.01934616845949351,0.040780320625331386,0.0252026403158293,0.028636841190894068,0.006815902428679115,0.06660552479924889,0.0023252503046061112,-0.04692816131655426,0.04224811087359856,0.0287102423416769,0.008610894970047538,0.030090095055321415,1
0.30702301262249954,0.1383606811399046,-0.20045529624230163,0.05001004778095852,0.024476285535319102,0.07587663769173672,0.033842238948138766,-0.01844385129040671,0.06957774592788896,0.07147928453929554,-0.0004809603097155151,-0.06880288796277326,0.03826215951332668,0.04217157951298276,0.02470612371616803,0.05881785494321067,1
0.2649952615160353,0.13753517726212883,-0.2101100889677846,0.051019204187504295,0.01844776774535281,0.07707960170443603,0.02175190637683626,-0.012068057216751263,0.07804011669501008,0.05756683511665984,-0.005682833175737875,-0.06924789834540764,0.03107562778286204,0.03625946920395545,0.02940268678342155,0.07486667851268738,1
0.24252050651438045,0.1466430323917334,-0.1913727578586138,0.04266451723637937,-0.010561292648936975,0.05846430510251828,0.017528264839496082,0.00238333994991733,0.06503899416486324,0.0420088111218606,-0.00962357520371484,-0.05470548829175495,0.020802043577937707,0.031932691768452134,0.023280312970395647,0.07547294012480558,1
0.20285246120637423,0.22046007215855498,-0.2110714583863827,0.12976550836820794,-0.02998644486935713,0.05352271124089239,0.0018127726353497024,0.028175521248650283,0.08416650848752882,0.03394421212859457,-0.010586291717340674,-0.053845157265428614,0.02975756109304396,0.007845393432026216,0.02420240195489649,0.06922489822851462,1
0.17538176244358947,0.29935117279122364,-0.25780946969317575,0.020084398570735015,-0.051039655468974536,0.04716765624744812,-0.006959410560264666,0.04286055328658153,0.08631773241246876,0.028423046014880986,-0.03075550502321478,-0.07030823578923268,0.044209834519564624,-0.01576905669920754,0.012561944298549612,0.04612080032054127,1
0.09995734783499795,0.374289312987397,-0.4143475567413161,-0.014607521366535111,-0.014319967423544152,0.022081977306138638,-0.044858195010589665,0.009223080863867984,0.1480347988856827,0.023196429082608404,-0.007273378633060272,-0.05444244234822418,0.023170342296773172,-0.06335258319349753,0.018494934481983173,-0.0059664451680163134,1
0.07346415744896298,0.38438496149340107,-0.4827501578836994,-0.02464181687026373,0.024158693179952173,0.015471156782134891,-0.0646314175152678,-0.011668878337235719,0.16048313093347857,0.024446259856123077,0.030946566333224568,-0.041495244939816586,-0.0005521751840537317,-0.07447111836920939,0.024783141926305867,-0.017378962794978487,1
0.12585672149056043,0.42261162874575176,-0.41799404571558446,-0.11005255027929556,-0.051646135077455343,-0.013018412123363495,-0.039571252412325154,0.018508643498024512,0.1040737691353972,-0.011928488919028242,-0.01752277978231444,-0.018373224906557663,0.012620370140977093,-0.07264512736872605,0.0023549831602195804,-0.029821934764735793,1
0.09367092981539117,0.46548766150203563,-0.5696702502904839,-0.1671822019304777,0.021331056664378567,-0.030918179401169477,-0.07648056944222091,-0.01935057317925,0.1184874919977809,0.030675027522543634,0.07059779445781984,0.04860032532155557,-0.041664794300251495,-0.1039881431334018,0.016175098755027807,-0.04733692210579335,1
0.06889279311852961,0.5501169118980218,-0.5292134447992632,-0.17188859211011154,-0.01198279611986499,-0.07412922357100823,-0.05794727462264091,-0.008151301414061793,0.08224733322492475,0.0446295754604983,0.013372803528871194,0.06019519831217818,-0.041788549302321926,-0.10373740233667436,0.0018086742931542944,-0.03359519231002726,1
0.10107976053670388,-1.1286426311480056,0.1977971045059877,-0.092512594440316,-0.05363546493266532,-0.05805001561902001,0.1440313539881256,-0.33836687129531345,-0.06123479549491718,0.0943720699995034,-0.07256255342427063,0.02737310652357322,0.2328659904562492,0.030717444250359705,0.0619944079934465,0.11675415375623263,0
0.07015095532283806,-0.9971851418820693,0.17103168789192777,0.002385276260179246,-0.08296417201777573,-0.019718331637100094,0.08065695390745384,-0.2628156378934674,-0.0731054599240918,-0.014332356062359589,-0.08424584939593913,0.03813224067744295,0.17275198091504945,0.010589921939813035,0.06678997768610515,0.07222050460151172,0
0.10643799517275589,-0.8800032589902141,0.1983300084274573,0.023609137144082065,-0.08982435768124904,-0.07870497991035634,-0.0022203467398831697,-0.17982761192393568,-0.10322489581953799,-0.10111645726618361,-0.12144564351948706,0.03833166688073821,0.12821841419904367,0.014877999929935609,0.027605606584223487,0.01126437173172766,0
0.18108511294523846,-0.7422645601170396,0.12484378304314979,0.16272613780088468,-0.026777779766131327,-0.046102689399875114,-0.002568196885259716,-0.1559407566181768,-0.10928195685415582,-0.16666548524685476,-0.08574409005298206,0.04630260190928821,0.07363844385371654,0.018112152194709224,-0.03478969310098997,-0.09493424077360745,0
0.07084469118691404,-0.6846111404192485,-0.12800352503330065,0.22340275440726187,-0.08669882496347185,0.12406973412867871,0.15573795513683672,-0.15713946999152545,-0.13967788638969147,-0.12113209468146278,0.07720074990122858,0.09092327364579304,-0.05629900837224882,-0.023557207815469206,-0.08863763465282687,-0.10068098079652181,0
-0.4973736489269987,-0.6257005977300086,-0.6706229439370517,0.07161476785138994,-0.13422029642643618,-0.03463665728496333,0.1163409708557178,0.19523781591673373,0.32021206982643263,0.017453354626075914,-0.060908021710592175,0.21049376912602702,0.26251769172135675,0.047011988074740635,-0.13277891659649538,-0.011555637729301039,0
-0.7415569408747211,-0.16573393157535207,-0.673739836585477,0.07378768220347247,-0.11212855925189487,0.4672316256792141,0.36832813139868203,0.109133396602562,0.03718245838614402,-0.1262290739280887,-0.20725594248189827,0.20178437902766153,0.1949065233995169,-0.21590459539770435,0.04570587027478817,-0.07431208516461679,0
-0.8106989411549073,-0.09192692071650505,-0.521893230839235,0.014759723843470015,-0.0041114876160367984,0.37983430280062463,0.22824790756667943,-0.01699359609822715,0.00012566324169953225,-0.07456093966785782,-0.26070172106980766,0.002374514388184722,0.06935826937467092,-0.17394987922288177,0.07134926958300641,0.055306964393564535,0
-0.6586057057193019,-0.09097164385939821,-0.4434262852537537,-0.0018615141095830138,0.1243709449439879,0.1596032842937943,0.04038318687560968,-0.08120577742089137,-0.032267734404799235,-0.07615174255233483,-0.15894636654343597,-0.049858807805472014,0.022444387785469273,-0.13185951196230883,-0.01898125567099381,0.08513968967854027,0
-0.6833769583883875,-0.07339348194581395,-0.4453812832914887,0.022021434003985454,0.11962047340607836,0.1768220604974452,0.057989271775696384,-0.07772993036709587,-0.02454306308277747,-0.10897642881129298,-0.17027410442303897,-0.059419103115850906,0.0072942824926762,-0.12910936267220016,0.0006539092290664054,0.08332955932380921,0
-0.6780395085974386,-0.0399212409384804,-0.3368193493282755,-0.04896638515782438,0.08384428637830417,0.028527907444449135,0.023895380863499325,-0.050747082421617684,-0.05490822334471572,-0.0722880638828801,-0.15187617897691882,-0.09745368342910246,0.011893642761688427,-0.0801346270045545,0.008560623065233502,0.08824524115197169,0
-0.6487591253925373,-0.17599765349819693,-0.2741694475730325,-0.1561430269131741,0.09442328689145539,-0.014867694521411115,-0.02657428542782332,-0.023606869158343726,-0.05875917356607325,-0.02810983712682026,-0.1147278080549781,-0.09525524600938665,0.05797984994355977,-0.09999778551914523,-0.047835253134400124,0.07934981959961208,0
0.6194541406106457,-0.6322967955379035,-0.061677313164756796,0.11451120291689779,-0.21276848272606141,-0.006518542381705695,-0.15671891208578972,-0.05012011766996249,0.06247297584163487,-0.016068890456574628,0.1218337728915099,-0.11693980449802524,0.11641908012365737,-0.0033670068115413793,-0.025373865901109415,0.017759303920381744,0
0.6822821944396772,-0.6743957041664523,0.030032079118937384,-0.004466323572466654,-0.09605643482829274,-0.032358314718650215,-0.17684200061752214,0.024240987697584968,0.08158514618545663,-0.00941552295567084,0.08556114950300597,-0.1956611818266371,0.1332317210328622,0.1141075055898556,-0.009989218756751414,-0.004285631397039665,0
0.6108725823904627,-0.572279229501028,-0.13939763088593146,0.0767840771960689,-0.10575668527303496,0.024832168843421983,-0.09919620558768119,-0.03997024437378436,0.04096126805066503,-0.13508537514832394,0.13111890426729045,-0.05205516186204638,0.045140465034679535,-0.05441718470272779,-0.03430282977011032,-0.001789399871100633,0
0.5878275405794473,-0.6201560742223922,-0.13445898494567252,0.12269226697155955,-0.13926785668314678,0.052197787445684374,-0.1090318928518249,-0.0519667247236684,0.06253836702823168,-0.06217770067879464,0.12936594566246676,-0.06784942256284335,0.0792977550659855,-0.0704852905009925,-0.04382375070431223,0.009306231099581194,0
0.5418390015900725,-0.6118936707949141,-0.15345218667696678,0.09365746149354702,-0.12906317256087735,0.06381957837982245,-0.07872494342195521,-0.0696887919265924,0.03756839006918585,-0.09353552718809009,0.12271708450419591,-0.042969909734708246,0.06251341669867957,-0.0956565682969238,-0.04019592819611826,0.029646663889083987,0
0.47943692972383484,-0.5197156047555523,-0.22209948606141253,0.1938353405067064,-0.1313752656294543,0.0946381995256062,0.017256139499674614,-0.06609467456956461,0.0008026822081281499,-0.20371403934858115,0.1180735708157797,0.0028165505103923427,-0.03194263964441032,-0.11286956074482338,-0.027305684696332044,0.00392847203089979,0
0.31415575440666427,-0.5801411716630821,-0.44910441915109023,-0.011018535498750029,-0.22551766055171737,0.07318866898795523,0.19594734372386863,-0.044949168367184954,-0.0668135048606504,-0.1431961413219375,0.002336409542116384,-0.10747807384203681,-0.14197356899424463,-0.12105468448113957,-0.12623117200411899,0.04933179048550241,0
0.1184956739071823,-0.4315987064927554,-0.9519526845632736,0.010465255816709622,0.010473307328163301,-0.3838976539339899,0.12759353720704428,0.2161522019810154,-0.13222355572476252,-0.018927193522866224,0.038832670083518796,-0.20176123549995348,0.2878594854386587,0.05545400016312534,0.1533287188952748,0.03153478848774799,0
-0.2112198523149312,0.32259467308883094,-0.9735854778432613,-0.014305092270246594,-0.023206038697279757,0.22964998800294584,0.06169221317267766,0.10025113318578413,-0.3788367428901931,0.2066729393967037,0.5433068768941358,0.008239588722169535,-0.15635928582965763,-0.07676265983693216,-0.09170969654010427,0.17545355243136596,0
0.04903152358292227,0.26122617223953043,-0.5487722590065467,-0.05602240792649521,-0.06493497926659372,0.014238996067382813,-0.08635112393008446,-0.0871936526530345,0.14053227542789773,0.00866060641732439,0.08251167517914915,0.0003316292949193432,-0.00924046793446922,-0.04536115832908305,0.08005677005827634,-0.02916899840803818,0
0.16296596023014476,0.24351797192745728,-0.4386365897230417,-0.12554994738492453,-0.09202013590426592,0.0307679220657075,-0.03248759096415881,-0.04650801003605387,0.13004078789811072,0.017496607852439495,-0.0002974347036531831,-0.005467756825660615,0.015457280665484349,0.005099056319189405,0.05907730515835088,-0.0270531867251387,0
0.14739274626259222,0.3053063038269532,-0.43512309304774144,-0.15174697411723329,-0.08406811511621869,0.02493187691195891,-0.03810186588521522,-0.016556618401486603,0.12776539820323185,0.03719166788411801,-0.0031628801107834417,-0.01210920640603839,0.02705054499616573,-0.02942058834305885,0.05755485649596999,-0.041012788138231226,0
0.31212005788984776,0.05358123818625307,-0.1504650436793541,-0.12830228949046907,0.016953587144045303,0.03877921723614047,0.06360487177118918,-0.03237797268200281,0.012367863267791076,0.04015314179875261,-0.004375211484797043,-0.034538393425162954,0.007279492807560145,0.048451511685436294,-0.010803341864280298,0.03981991717917135,1
0.26843330066525123,0.07953612295534764,-0.2279733742458444,-0.08843441988580311,0.023704192611942978,0.06724620399709505,0.04683634929301313,-0.0400858129811312,0.058918588633733254,0.021118896167095065,-0.01591080635641307,-0.05074518081702532,0.0008898930866890023,0.06444825543424086,-0.004921058929355511,0.04521499467838408,1
0.2148767447362179,0.17079816130238396,-0.23485916704137827,-0.1395849247834053,0.0061278843964047165,0.045461551079747205,0.022088744294266157,0.012117638301526725,0.05116546993906031,-0.014835008792784767,-0.0311397209166098,-0.03918557935038493,-0.0012749837618201186,0.04338780177504504,-0.012725237278146917,0.024889519362195262,1
0.12873451522987353,0.19712969706471165,-0.2606033632576974,-0.1115160790470819,0.035372933735894105,0.04624344915545192,-0.0002975647424273337,0.02148797161247413,0.09311640908587686,-0.02388059029683057,-0.03275939580039832,-0.045979157576065556,0.0006068599483443104,0.013924056511413154,0.005412443340703036,0.008030640573459607,1
0.10524550271427426,0.1906786160662468,-0.4280880751420955,-0.12406896937450493,0.08459080921146958,0.04422317615355483,-0.0397856546377008,-0.03549652119775407,0.14989498338486767,-0.058046065800535084,0.014301975793967293,-0.037252487311899576,-0.015638527632157697,0.01001095231006701,0.028951473027706454,-0.02531133854164251,1
0.07307064654516579,0.24361383287720906,-0.4185267851482366,-0.15684823040205134,0.03823099246327541,0.017190260759051192,-0.0392335121975736,-0.01266553251681385,0.1392131067838325,-0.054524628027750745,0.011234003415979474,-0.030092799142579382,-0.010696724071913431,-0.024709348492351346,0.03206477482884721,-0.030969247194651238,1
0.021183094832699447,0.2912017523777679,-0.5105236996640325,-0.2056285136555886,0.0603963164069391,-3.448026676343391e-05,-0.05672106693746753,-0.018290409689166245,0.13667208238758194,-0.05746914837958394,0.07247741433663177,-0.006803935587134078,-0.02845444779637165,-0.06369334955208163,0.04583074547438839,-0.0469214391129397,1
-0.032893919916464974,0.42298849509092606,-0.5197260902422082,-0.23488229749691178,0.08974270625506221,-0.03926059152131648,-0.0409166067102096,0.011146795814129383,0.1037014682077084,-0.03531652147376862,0.06986767215677797,0.007074307698535377,-0.05798378002649211,-0.07911649444457283,0.027718297861951118,-0.03899794125270648,1
0.04940664421862151,0.3981713120805725,-0.4922463800296732,-0.2608994297738269,0.03294412153446259,-0.04234795792764403,-0.04680835578307362,0.00868525263582397,0.09965985938657439,-0.06625831731216189,0.03946177262870278,0.029165523469252313,-0.032377820801911116,-0.08293119054741184,0.02916883719924174,-0.06512657099363306,1
-0.07391243424897784,0.4750218665575059,-0.5859224944698898,-0.3070150483878411,0.08373364826945866,-0.08200885450541677,-0.01708264125585168,0.004801326331681329,0.033483119062311384,-0.03351116366058306,0.12356829121150709,0.06084252194129852,-0.12254305898608137,-0.07799520205810069,0.013024200251750247,0.011866577031976288,1
-0.06568569980882336,0.4860237296608894,-0.6112920588554666,-0.2740122717080644,0.09036385128552203,-0.06987234476019495,-0.02397424314279487,-0.005380274773395872,0.03561779889425657,0.0014614191910152275,0.14259443795001858,0.0622627753660475,-0.1355707547626365,-0.08196724299483288,0.0017143636213424692,0.018607457668627234,1
-0.017591128460479947,0.5153910433406775,-0.5237051778929148,-0.29614625071285444,0.11484409894166318,-0.0912320993950599,-0.026611292649746578,0.010176115428753513,0.05098025610505428,-0.07244265429786785,0.03975964202005882,0.06688296792410404,-0.08345834551886579,-0.06415773282461579,0.006819992676335411,-0.038942026098949256,1
0.03817366750137042,-0.9212557121422069,0.04109272822123492,0.03623206018637214,0.018992991021929497,0.119747162561036,0.1576336913520055,-0.17638460066149028,-0.0359843702248265,-0.09160275736401248,-0.003528687752499195,0.05498543897354937,0.05974094341366515,-0.02389622092142612,0.057928555575530415,0.054766584850174736,0
0.0282543854102759,-0.8319190632627993,0.02278343538190955,0.06616136221023194,-0.023142529666645723,0.12966311772932287,0.10079567881082978,-0.12111284384272833,-0.0683521689225357,-0.1841058606002912,-0.008910109802019592,0.08409662540095178,-0.00027670523574345576,-0.01731943100859585,0.06187804694629537,0.022176027805423198,0
-0.0026410539030222533,-0.6916990773774617,-0.07496383098915571,0.1614635526555266,-0.07384727571939173,0.17031848422383203,0.05373904090211765,-0.024942780476364616,-0.09377220392916896,-0.2787012709072841,0.049781075766563224,0.11099718043846749,-0.13391633766744554,-0.02911569444346762,0.03873871054572687,-0.012274969912188623,0
0.2836865958434333,-0.7321378271365577,0.2413280813210561,0.20090502031916804,0.17232309914324212,-0.1260090971274534,-0.02943156204906329,-0.14880580904199833,-0.03129194036545014,-0.05104019110416681,-0.14085638983681642,-0.06493256785896409,0.16332385636138555,0.07415602877935917,-0.08799839667986187,-0.0998734722568181,0
0.3158683675103574,-0.6651920705149116,0.1815677209317318,0.16361319444931532,0.14903236510363518,-0.12553735728703416,-0.005718234780805077,-0.17426233925171683,-0.07299446603610996,-0.08041933696964093,-0.13116541508265825,-0.020457276843341594,0.13007749522396347,0.08609005068594869,-0.15408473989277152,-0.15956219696757762,0
0.3395296382051688,-0.6578189288161778,0.06546352290285028,0.17651263357363833,0.21114065612859848,-0.009452848834956631,0.04501498195729499,-0.26201597092860196,-0.08890034065066324,-0.061259897037277716,-0.08540141284963436,-0.013695860243782124,0.15171485452287745,0.07966862317931882,-0.1869408065645884,-0.18327862622159735,0
-0.32845891080707496,-0.6854461700984289,-0.8364041028408016,-0.01084283243052681,0.09024076069134424,-0.2514776459045273,0.39146465129845515,0.25830894046251746,0.292710646680597,0.01275845124684228,-0.00641666363579668,0.010048683992286457,0.43014737213209664,-0.0750033020998619,0.06446691537522442,-0.054250320569639146,0
-0.6453181104839192,0.050252459972140506,-0.6667769895006683,-0.00522636868781857,0.10280129788707751,0.4294997664251013,0.3157281502455459,-0.03818814044152697,-0.14410259674271697,0.04335660477144858,-0.09912690527730515,0.10962383322432077,0.0620362886474656,-0.123893089345465,0.010042061769482242,0.009257729368678674,0
-0.5843396381143331,-0.006542935616859571,-0.5977099041126017,-0.046599537739808565,0.14758035418779555,0.28781425282069123,0.16316644414171616,-0.10288258637278756,-0.12104408846870236,0.052708908973098045,-0.09045170083443427,0.07534363812765892,0.07095788363916937,-0.1338570620919269,-0.035580314279061165,0.06455260295952525,0
-0.6093132746984993,0.035178072372077554,-0.4474304951570374,-0.08481682738618153,0.20087182306899742,0.13798265591444706,0.08087500694856785,-0.09843486750003329,-0.08875563388966166,0.026880843254784487,-0.12603062684463623,-0.033137722565723664,0.032833090545288234,-0.0688987399078187,-0.005091236998020802,0.0910772691196074,0
-0.5249028727323322,-0.0654884768294946,-0.45342107631346434,-0.034828587720140976,0.17102227992481983,0.09198273711190132,-0.005271095487442202,-0.11461010003560144,-0.06188829585941366,0.019340754630202527,-0.09464469949515605,-0.003902817652133928,0.029661045065708196,-0.08505613473915478,-0.050912706745423926,0.06232043766155304,0
-0.4955334906808318,-0.04704223238813979,-0.4450983830843785,-0.04330850584120425,0.17785573213380354,0.06416150088044734,-0.008363948354606274,-0.11577090700842098,-0.06336188776053571,0.01778192669988835,-0.08002434927034872,0.000991949980693597,0.01714860127971693,-0.06875697490800389,-0.046795208450015106,0.053882643509878446,0
-0.5723926236147198,-0.11038810726693571,-0.39508150110710655,-0.06744298444146342,0.18028980464030317,0.07715558173322676,-0.02461900660304006,-0.08253223083966924,-0.04721021627908925,-0.011473510793830674,-0.10939658620380807,-0.055057301967291986,0.03875907676859772,-0.09384795289384203,-0.06312964665129475,0.08370802821887113,1
-0.45744019105059536,-0.13045723588570157,-0.27663137173543323,-0.10036168606184442,0.17152997126803116,-0.023331383355025843,-0.07159033497020956,-0.04539509844427281,-0.04510557340344603,0.02104348543559063,-0.048050212222091465,-0.039552433829279775,0.016353831544665395,-0.031835353316920195,-0.04420043219909409,0.023697313243660714,1
-0.3964267320264494,-0.1480850228672559,-0.1466802004712014,-0.11304301711867545,0.1321431205418839,-0.03735006052770582,-0.06584601143136418,-0.003777129275802822,-0.04554469116873009,0.049955091686695464,-0.010933854461800783,-0.02036963331710585,0.01525322689420894,-0.007895889132272578,-0.01118542880921885,-0.00616226354583749,1
-0.4074818803005893,-0.09300074287680979,-0.14154915219728773,-0.11569422157621782,0.1782739231696618,-0.04696512925344242,-0.04000571089821684,-0.00724214724869834,-0.03133235880966297,0.043547776148231764,-0.014426210629713188,-0.0101549510616409,0.016842064825603065,-0.007261541846081021,-0.007561823132453696,-0.015390137517791922,1
-0.39924529354386173,-0.12025905808176399,-0.28290860842109705,-0.08972445783744822,0.1868123982091004,-0.008472922697457384,-0.07917752602998838,-0.06529676023303346,-0.04450399973266124,0.07592862502130217,-0.049494597119003725,-0.0009992643535431485,0.0188594186624894,-0.002144808806935359,-0.036082102419523726,-0.0005398595011247559,1
-0.3288669416017543,-0.1946593293445893,-0.20407517301388747,-0.05548691759626545,0.15407873342642026,0.021025944621771434,-0.1116396186044046,-0.038230262118648356,-0.0523088895832476,0.1017418331926196,-0.01941390696316263,-0.0015125159661297204,0.01132992176937357,0.03093170827992254,-0.012321459420988515,-0.02650665249585334,1
-0.36619852342369075,-0.18014110892582583,-0.085287173891429,-0.02830758453435496,0.17050926588153176,0.004821678370914151,-0.07893444302800218,0.03258795262686317,-0.04570725614056992,0.04168156846509507,0.017294293464840533,-0.031830741018425646,0.007070648578418127,0.006003221811875532,-0.007923292732276899,-0.03266329324013355,1
-0.3575031541463008,-0.2897496707802566,-0.05286476146706403,-0.06446264842537551,0.1342800700740391,0.040109552384225144,-0.10081528583261426,0.05705092767275423,-0.06925856866394808,0.0425997836475506,0.034320733390024165,-0.0552505743449403,0.008260058465590294,0.01567753477136666,-0.020342827772636924,-0.04153663206594573,1
-0.376916220644958,-0.2975842670765262,-0.020264682780389436,-0.08028544717058837,0.12551950754659216,0.039645408615361165,-0.09643127191252372,0.0676393860660429,-0.07234067546808785,0.060906702580065794,0.03436093502941341,-0.059324750278016716,0.022047958192228802,0.00923784700046563,-0.022687555411418127,-0.03945034595541111,1
-0.31827872530836043,-0.27005596352420036,0.1218976011155712,-0.08144925732795186,0.11781221246090394,0.05945349777742735,-0.025910815422807494,0.1094829742763173,-0.0023844316295702495,-0.046823728828106315,0.04637509515137344,-0.06227003632593824,-0.008570348450554207,0.004199704711483405,-0.05178728568908251,-0.026330302945149174,1
-0.36591898809789103,-0.2709129870484004,0.09104983657274215,-0.050506525989760805,0.15158359405380833,0.04644989874804055,-0.03872590182723485,0.11618669299641561,-0.023047335000210233,-0.0408700014219677,0.0590661877775818,-0.0755426139179541,-0.005525468773674859,0.0064049350560988864,-0.05559994194158081,-0.037360474587212096,1
-0.4522647275484987,-0.19985962406373098,0.08956399482146803,-0.05139797560214215,0.1855008075086953,0.00623519428813306,-0.021138301003275406,0.09180246831163512,-0.016219680945633745,-0.031778637340603405,0.0699201212740674,-0.07597661483806885,0.013509995472889662,-0.006740355718997775,-0.057071623878538,-0.03107906884883247,1
0.6010027912862278,-0.6064371774659212,0.02509066638977133,0.11878849988413731,-0.03161703058357827,-0.02876033909284926,-0.15870736600979835,0.006771533387385716,0.10589489462907364,-0.09187960499260933,0.08783508639800018,-0.18689933855277713,0.11666517555207633,0.03398908434945047,-0.010067713722621158,0.008114954302548707,0
0.5282800284471109,-0.6414665067328594,0.07413568618527817,0.16179831154479885,-0.05285369954395484,-0.03251212515423183,-0.1636382402408162,0.004650487337604854,0.13417395211246894,-0.09606218077760394,0.09640349556834568,-0.24396684246352174,0.14092285368394886,0.010356046082858797,0.013413158697900078,0.035034264800723344,0
0.38621949584709253,-0.6633498404752596,-0.20573108857105254,0.14185900491255282,-0.17225113314194926,0.12695563759581668,0.0654065845440745,-0.04961313513211574,0.09163471241065517,-0.07685931974955638,0.16431166346985235,-0.10333693433830882,0.04820303323197001,-0.19224202090150744,-0.03398542485866787,0.01301412432947093,0
0.0719537280845667,-0.2977476742852532,-1.0783107729773758,-0.04064729395528098,0.005456889079092758,-0.242171379436921,0.18542846809077193,0.33130070711520504,-0.2749040553433356,-0.10792353646586647,0.24858102776139707,-0.1619345920027931,0.5258697840648461,0.08452068279918422,0.3593338807559752,0.09799877831211662,0
0.037284624772417445,0.21718185698599193,-0.7945921007824789,0.0365886477159348,0.02489490316581757,0.06489919460233727,-0.15352401469402874,-0.1379928416004347,-0.001699918629074682,0.04200771523816694,0.3179503475371362,-0.05553703876768119,0.033395514593188666,0.01547291829157946,0.076697572334392,-0.023392914809828833,0
0.16690689151235777,0.29304041606909453,-0.44027855008549066,0.01747463262773331,-0.06410305171575945,0.026794443523180732,-0.039703744831205326,-0.04432137365245169,0.1448112352467691,0.0016743376635278216,-0.0017150025425567085,-0.01536489662656896,-0.0003439582472591926,-0.011206604262437768,0.030325626923784883,-0.019564191900005835,0
0.24526115112742278,0.2519196919882859,-0.36660362619786363,-0.10298674610185363,-0.08778698232149372,0.03194677528024657,-4.693127258537556e-05,-0.012598238131955807,0.08401908495684918,-0.004977755818440852,-0.026111746684711227,-0.02013406692558522,0.0038704164607998625,0.027642444433731633,0.016243312604691085,0.00931229437229563,0
0.24968038423213462,0.2963535738105585,-0.28756363289923004,0.00742836672155831,-0.04209100906059761,0.05891475185324599,0.007444742679750934,0.03253350413878117,0.08120308362561558,0.04364564631216325,-0.0347255236686493,-0.05130316825324039,0.037351437471058076,0.015592619814183258,0.006605456330876479,0.0040685432472934565,0
0.2544575759252746,0.3049758934861487,-0.2602151156514545,-0.02810375050061092,-0.06396700801068157,0.050226116844152825,0.005862834473179034,0.0446949414942426,0.0508269022522162,0.04017228769840325,-0.03602474798295741,-0.054635413261615286,0.03962832327458649,0.01106842529432272,0.005165279803510956,0.018860447664324837,0
0.20125406237109067,0.3342116134770824,-0.36430277076981515,-0.10540389333106447,0.022613303684312455,0.048016890061534,-0.014059231191832108,0.037290642885200787,0.10457999063162296,0.0010897285716582024,-0.03136067422308033,-0.04102139988146039,0.024684224358391436,-0.022256759669228042,0.011338601588826113,-0.02897669608070201,0
0.22755973004823005,0.3032612707409811,-0.3859708913836186,-0.061881144980583315,0.03750477152856622,0.06955009111745608,-0.01320786201444228,0.013534843689058764,0.12972443321521923,0.021528864455352053,-0.024228253424659105,-0.04708691608265633,0.027824649099644532,0.002372218428327601,0.017639043377141044,-0.029233878309081713,0
0.16573453371567934,0.3006856707891253,-0.36439288543892473,-0.06489225878841157,-0.00700908307641426,0.04051709110711835,-0.0194961220750237,0.01718811796831298,0.11804407214606177,0.004624539539192003,-0.026710606003859945,-0.04187634626511431,0.018191466445484576,-0.022436263459793583,0.025170302574751335,-0.004795756911199442,0
0.25510137256853765,0.19558409661225953,-0.21524901638586655,0.004850978645231578,0.0009105029530756802,0.06309270833992807,0.017833454450786112,0.02037709657286669,0.06343576177130242,0.044939949412314786,-0.017100321321622945,-0.06028432556910573,0.03149201767851201,0.02745794142272086,0.016598834586138922,0.06424039964996472,1
0.25207800173183337,0.1167858749578104,-0.2295871955343232,0.013525154553632523,-0.002134797891321848,0.07697097409377542,0.01970511688700798,-0.028787707832835106,0.07824055423759846,0.05531810417159173,-0.011604478998808565,-0.07336391695034203,0.025203883371429918,0.040881635040695294,0.03186463267347343,0.09508427267679272,1
0.18373960463747951,0.16719756992425586,-0.27588313903748846,0.024636228120248266,0.00872439174786745,0.06757693146550828,-0.005579553189839669,-0.008492071938112659,0.10767585823520213,0.01334333513648952,-0.020003114492197625,-0.06736689461354137,0.011145042226066347,0.02547750692783527,0.024102883039726485,0.07240447913752883,1
0.17297282246545453,0.21428186549703182,-0.25028206391600144,-0.01074977825998438,0.006196739929163408,0.07150170648961522,-0.0033755740010339118,0.024861633372014164,0.10385743450863513,0.04069484673084771,-0.026623190316582473,-0.07535091463719878,0.03685910239411755,0.010270080691118825,0.02881782729796248,0.04767117309726365,1
0.11594454173770712,0.2815169192076274,-0.33340491825761437,0.06724509686325113,-0.02353511453594937,0.04968002022986512,-0.03482044887416111,0.012408605489800726,0.14007126714042417,0.024716333183392395,-0.017539811998298748,-0.08427441380601526,0.03357903888080948,-0.03555331184102762,0.03347639939656586,0.0652111391350714,1
0.05602161102582774,0.3678936924931585,-0.4247746137914215,-0.016122165071094183,0.07426004343356672,0.029019076404611273,-0.05029875170971049,0.02367389936697881,0.16144717579975984,0.006986165399667192,0.007500161781189337,-0.07292945129239022,0.010085522330279607,-0.07394215699009044,0.026596577564382714,0.005679738568348329,1
0.08496753429563443,0.37162316264670536,-0.42326669325605143,-0.07001746006381013,0.03061314979699098,0.017352227465413282,-0.04641615758544756,0.01926967697817446,0.14568990547951047,-0.0008200199255974452,0.0003010328582805132,-0.052159552693793514,0.01307338087856197,-0.06920083482924078,0.023748259206497997,-0.01045170683282018,1
0.0978456056679274,0.3946383532284121,-0.49275347846888484,-0.09664092528275753,0.03487561521350219,0.013874298095206508,-0.0642016634992747,-0.0026262012825328755,0.15242145766499215,0.019182454278050095,0.0317561920142844,-0.024287782894986693,0.00212929773320327,-0.0774905025228288,0.027089051479285888,-0.0322925572571842,1
0.052094456073004204,0.4883920468031311,-0.5559120722272929,-0.0794209899433905,0.06359495728056275,-0.02155433061543563,-0.07181305148971345,-0.010763662832001943,0.13320985311861275,0.056723389982870645,0.06086796113076198,0.00912014577314417,-0.04756622113162807,-0.09806691954656756,0.0033797694854878135,-0.021220142582374122,1
0.008826999443811559,0.5142029685614063,-0.6234685874808173,-0.05933130296664885,0.09424501038121003,-0.024724319898522504,-0.08148635881891972,-0.034039995213646604,0.10349177010939904,0.10524428445228148,0.1238273311933725,0.014369123897494403,-0.10021337171207663,-0.09583195939353684,-0.009127164948613768,0.026555229052413972,1
0.10111134819814921,0.4570270506557885,-0.6146636332292654,-0.11643476110219095,0.039393207395576384,-0.010258253416798363,-0.09593181652909516,-0.04428885470454649,0.13011638216645555,0.06186051186886503,0.10888529774218901,0.04416649304998753,-0.0492663957152985,-0.10030248375191901,0.016413641109922782,-0.03358346755663312,1
0.11539217027495038,0.44137003372910244,-0.6554225533290238,-0.14404529289675894,0.08288468357373632,0.01519265603126306,-0.10934252434344253,-0.053695553586406666,0.12842368494223808,0.07950405120269645,0.1456063352751426,0.04869980056439201,-0.04798072735072266,-0.09598986671045089,0.025319158333852627,-0.030986022967529895,1
-0.08665656441859623,-0.9849513597459144,0.2827120859470942,0.2294726935634175,0.04998018625040669,0.017721982146132985,0.018427856011246066,-0.13817234396393105,-0.02375821388646418,-0.11277145056250472,-0.17006883384972427,0.08341667957530258,0.08010725316417319,-0.03110085038143261,0.19922321389219097,0.12788387539384555,0
-0.06898584236541953,-0.891935552338917,0.38902240328115933,0.18223073256182,-0.003721133672319956,-0.10695396939947006,-0.10021562350861207,-0.03462624503578507,-0.04330771161080023,-0.1492277614226316,-0.24229690290613906,0.10097369860931228,0.028951777762782446,-0.03893534782972306,0.13612176782854293,0.09403609604634364,0
-0.012063491200266865,-0.7503314504959321,0.3984003155688326,0.2577925103138182,-0.07485460543066774,-0.17111813928090291,-0.1390700559173391,0.05558657483851906,-0.005912309244640249,-0.19628916263536106,-0.20220696274718117,0.12455506755483435,-0.04210274755131982,-0.03356840559145923,0.0702597846545139,0.06143375863227924,0
0.03141001843656028,-0.6642515699100354,0.31064866825107473,0.3652001794677404,0.026296799034828042,-0.08689899553520937,-0.12529044792739868,0.08481016771990757,0.004245301737608712,-0.29320615007709955,-0.1634591526490312,0.08579451872055543,-0.05277824525341872,-0.035586591710733174,0.08503008021159954,0.01839791814828579,0
0.07425892039453838,-0.6683258265242911,0.22262709678786496,0.4068728181582298,0.015522307524561782,-0.024087852572580122,-0.10345060128668584,-0.0007216077877379202,-0.031648977486731254,-0.2698628969104302,-0.12948472013966672,0.056504523957720314,-0.014319260670075013,-0.023255781528804743,0.09949247822081243,-0.014943643024652748,0
0.957034600894656,-0.05835720306423397,1.0762633857608663,0.22385604966386327,-0.10398055504352084,0.4222484203846488,0.21298749306775577,0.13388206792679794,-0.0511845168474427,-0.10048911014479908,-0.0008538701072516606,0.027833350004535636,0.13327940098402946,0.005391881058713335,-0.14942621278298493,0.1433958810804248,0
0.9620845605414705,-0.07873403820662975,1.0881629982041405,0.2809018888748169,-0.12663481778710978,0.41426203773539755,0.23740072158378825,0.1463778474010693,-0.08963651928586765,-0.0643389486210337,0.002704227191083212,0.000511149459359105,0.10176331598516328,-0.015498066891781485,-0.15823390618074312,0.15691553987117693,0
0.9560100273592875,-0.0629014182255047,1.0733529429162494,0.28579375636522636,-0.09607562443279688,0.4088608276941469,0.22893222842390848,0.1606189140180267,-0.05947977698328557,-0.07559746169146045,-0.007639841659506407,0.0051794698498693805,0.11630240501069058,-0.023892345454373735,-0.1463827019480201,0.1562227362879385,0
0.965345358953425,-0.09831759971218464,1.0740177484406193,0.2941275643367884,-0.11298986732562723,0.39628705768494954,0.2512025677928316,0.14676634621667264,-0.10910496426790746,-0.042048561334007986,-0.01232460576017377,-0.049632368805072664,0.05200330766250179,-0.02804797663604954,-0.14348870097161803,0.13603409281219872,0
-0.4769835628889161,-0.0028606746418682774,-0.5545795574577076,0.302904090109525,0.15774955423848142,0.1321840797691097,-0.04458957572790199,-0.15973388915017908,0.0005547839913353205,-0.08882189556747176,-0.04067845890004226,0.010112056359560213,-0.04468140453283492,-0.0700500871885583,-0.0008285787360781137,-0.00626243783954281,0
-0.40767207872080374,-0.029693912979302906,-0.356228685969162,0.29058891236328993,0.18348985254655148,0.021400454116388617,-0.14473861129420837,-0.12015074088399094,-0.01998227771395973,0.029373825374526156,-0.03365437460251124,-0.023381588289960373,-0.039099778468216315,-0.046929119657896964,0.03941779780188653,0.022666936801650245,0
-0.38644734061053787,-0.03755621380736323,-0.23565222482416204,0.21816795615125953,0.134481271579031,-0.022636309015797128,-0.10877565272834033,-0.054975303766916186,-0.04165520803956565,0.039683585711062015,-0.02010241723850055,-0.01889331287251702,-0.022760111460211757,-0.034122475586402294,0.04754743856431227,0.0161693776343276,0
-0.3052532361592664,-0.09458279713302142,-0.016740179963225178,0.13981443252535758,0.044435629828404426,0.00013893922374848668,-0.04790325842822123,0.04154253395201439,-0.04242816458027644,0.04742655626609642,0.01407009409789069,-0.016120911151966625,-0.003062631490904006,-0.005679319754608779,0.02209099438945612,0.027360020748896093,1
-0.28790122180022615,-0.10178903562964502,0.0023619034537829074,0.18218372515869893,0.026750267809760572,0.014902478198338802,-0.051887036165790934,0.048506259734597594,-0.04567875994788347,0.0578526644287591,0.01216208754117049,-0.017378501685625623,-0.0017534039687986131,-0.000558650211408561,0.02254185878517803,0.03171707636403548,1
-0.21590387164963692,-0.1517259542393118,0.10815922335283013,0.15700659662190197,-0.06024562794785588,0.043675462196983365,-0.03772219531455909,0.07348773485655155,-0.01217347492405224,0.036105805065092575,0.00586887058309306,-0.020168971053664317,-0.0060483041363394155,0.0021018746399052994,0.020262323792772628,0.03561952094889861,1
-0.24593122946772417,-0.10234069399239025,0.09864808553453253,0.14105121153090033,0.032202451093650455,0.03895543923382097,-0.01537373577190559,0.07298881154996248,-0.0007350940546934021,0.028667959369414023,0.007700333965708198,-0.015602297666820053,-0.002372039485896605,0.0031024461404730837,0.008955454034885103,0.02728186914208686,1
-0.25050341533527365,-0.06677831884927136,0.14051721091222985,0.08453686855526618,0.009048313771710184,0.0321098303203824,0.006921224061784718,0.04823632004044696,0.02182751803960714,0.016134787203102664,0.009017445594279864,-0.006583314960057079,0.0024293158997910113,-0.001946951386715988,0.009078600567097124,0.03354835608514013,1
-0.3102268122488456,-0.01546668623686046,0.10079859426085773,0.15184299335778847,0.09668494299918873,0.009385684572179724,0.02256093653546648,0.061457585970638974,0.014908218243344979,-0.006807854595568387,0.022347958513094467,-0.01590886897425954,0.000509284066091674,-0.006444747774700873,-0.004728007563053677,0.03400869314537101,1
-0.35655869672013224,0.01978924849532033,0.08876128550537918,0.1378463377328927,0.09862990288563928,-0.016835869540557828,0.03604931331706959,0.04804084934998326,0.015018801573869775,-0.03097465899481239,0.03523422092470589,-0.01866883934782703,-0.0012427513001263843,-0.01187451603603475,-0.006650395021506021,0.03535117917768805,1
-0.3958698375275096,0.04245894940370176,0.07015661107498045,0.12464116658848945,0.15407855460088787,-0.028235332360387284,0.04061541850955868,0.045199740595926685,0.013301236495366669,-0.02391876903233016,0.03485508258261182,-0.012961558747868931,0.005554682500063843,-0.011379644255244577,-0.005121151348345231,0.030729876949260822,1
-0.39779746593741716,0.011110323545022522,0.001565061122579108,0.17763064517958094,0.12043902882597503,-0.049846412957345744,0.004663860801289297,0.049954656716774196,-0.013393459113875017,-0.02392819945941732,0.034737252397784045,-0.029576212430017356,-0.008211441239169538,-0.024040303126923738,0.005885983394134785,0.03706410076617015,1
-0.3452030890717948,-0.03649063106204677,0.039533288899543065,0.25210610449026905,0.03467738850186905,-0.022156001528414414,-0.010739036052030563,0.06941397096188115,-0.02134037257609739,-0.01626805333395751,0.03819122546374318,-0.0422899612799301,-0.01606185302238665,-0.017625143038816276,-0.0016463712905611513,0.041007451888229095,1
-0.4232287606550019,-0.019576743341559205,-0.05024640463672079,0.2236140491571777,0.07887236941567721,-0.05782611203463214,-0.03764010406238144,0.036267093902477586,-0.039945716844324755,-0.006184303241701775,0.024840476816463872,-0.04131316446528216,-0.01105209004954126,-0.03237212974797621,0.015312650965895328,0.026220502692124188,1
-0.38534177066354336,-0.04060728775567641,-0.05153439231414877,0.25730795895595315,0.08002378929666377,-0.03783695830180396,-0.05100437660028638,0.044448743297515435,-0.03911731028827478,-0.01628997916785585,0.033756044632746916,-0.04969293229215811,-0.02138726311860151,-0.02875620519162241,0.014052158024574202,0.03016309889892309,1
0.3572703840936137,0.12158368473341721,0.09640381321940751,0.03564011740940318,0.137622355134917,-0.02849407219102924,-0.04835683051950496,0.015822622870409784,0.0007833411787546312,0.0672569622487108,-0.02379584798734988,-0.004381793876335756,0.03851552611932213,-0.055923288942864455,0.011847988575632715,0.03493157140681562,0
0.33755466823221075,0.13939536400222427,0.058860791706290265,0.07876486466258686,0.09447784660377383,-0.029913474712376726,-0.03319402081085124,0.0302822697443632,-0.010062522051052285,0.03850189402187833,-0.010732307966459985,0.01298508131715488,0.0203507100613217,-0.029859228283105246,0.008984722121770287,0.04259809745104798,0
0.27099249352330823,0.1909552546507803,0.037890713964223416,0.0549638040970521,0.05412299945270444,-0.0034090584069105287,-0.03160938042261694,0.03978125182600079,-0.031731528672371764,0.01401046227851294,-0.004457925028635755,0.029348129609553995,0.006954446029327074,-0.005020400238727663,0.0018487872107452881,0.03588200885843898,0
0.23916455609094356,0.23225690717647815,0.04374922225432183,0.02461212466266588,0.06234809567776176,0.0117018249178018,-0.03999357345570744,0.03969093247169118,-0.04592099754737061,-0.011350433789522024,-0.0012142892382135033,0.030841547335884813,0.0007753002465501096,-0.004868467414164074,-0.00693038406295809,0.03864096212638304,0
0.21230435405881923,0.2732450037925097,0.025074427336429887,0.10347730825453975,0.007514847304215145,0.0002767401141009442,-0.030574442129753483,0.04577268198816761,-0.045877755361987446,-0.022265517407371038,0.003423740391449082,0.03472841772171609,-0.0037089689114042533,-0.002600093096911985,-0.004909080272603624,0.03598680819963978,0
0.24200230390580096,0.17712603358923956,0.009216696192151045,0.09543201373399406,0.02158953324833469,-0.009923020676853312,-0.011864413201168027,0.04443882841180177,-0.022811230376584713,0.0008164293156092932,-0.00465214875552532,0.04067596056564148,-0.00516637559001921,0.002778523433960761,0.007138015621465062,0.046634714135019725,0
0.23295185156853618,0.23675499187124247,0.024271975059794906,0.12077829774464822,-0.011005878828096219,-0.011861767189434918,-0.02810630203138243,0.04193823843491056,-0.03896615599823899,-3.111443339078564e-05,0.0004428305529316034,0.04079913280175819,-0.002427918074162944,0.004655011110637101,-0.00020888387901955562,0.0330545845553303,0
0.22087780724558675,0.3159689059117403,-0.0003846873940191581,0.09051884121647537,-0.03479810227783889,-0.0032859281056398285,-0.02983736276826612,0.044079507070725256,-0.0676470153426019,-0.03805327776172578,0.014400705100430771,0.02494471774883481,-0.005130914110839911,-0.003602619326641146,-0.010012407759042498,0.02705690097943086,0
0.25262853585473044,0.25563991239753675,0.061154429999566634,0.10345033730381331,-0.020600346849779027,-0.016763983027482558,-0.05800547216785731,0.025163991050381133,-0.0548173910380904,0.01582994391531825,0.004637262221034222,0.03572329597390123,0.0010886061589591347,0.001151216374602331,-0.003792412028124125,0.03282282277996329,0
0.15541269090791424,0.29079428581406086,-0.0597306220892242,0.09762066421690828,-0.027550659704150066,-0.005904611868078098,0.0077630305749485165,0.05167415975355064,-0.03130547470721564,-0.07092911586796309,-0.007258830627851456,0.038300922005959234,-0.01695259826084095,-0.010119050303810039,-0.012230676817923156,0.02912209413565769,0
0.1630496214752275,0.31214205153482494,-0.013698664882290252,0.1018322547922797,-0.02070102175535872,0.00097679971608417,-0.005919324719276505,0.04551364583276977,-0.048114835012667154,-0.05784998243961563,0.00035030638665878555,0.039239551987593595,-0.011334334685772699,-0.007814283019632863,-0.012073467822401015,0.021224856704396937,0
0.21279609060701554,0.23239494297860042,-0.015427651943560335,0.04792512253681089,0.02833476776081822,0.008408802955117681,-0.007083250599674044,0.050778349261669686,-0.037270139730524544,-0.03036613824755999,-0.0038017596312856735,0.03916329034716709,-0.008579627109907154,0.0043156393241466405,-0.007552212383617626,0.026470085983387234,0
0.8284588444239331,0.18378335202102852,-0.17781326081729645,0.1390877559730212,0.08763658548395427,-0.1030020693759859,0.04935319218100162,-0.07815291914121626,-0.008975451542012633,0.07137309225344103,0.07492480113999465,-0.06895813926577106,0.009350645665120448,0.022780239832875686,0.010166293470378788,0.014147944210679145,1
0.9381602301408278,0.15273096029951158,-0.25425341797437045,0.10556204933222607,0.12523435313163467,-0.06966745184783144,0.07414019802139868,-0.146099886124965,0.010639872106369507,0.06346735424388066,0.08669821919477513,-0.055639804793505464,-0.03541871995402358,0.06324131407048615,0.0032996270507847,0.03349491825112732,1
0.7988800118673691,-0.06288021014610182,-0.39118616272465706,0.17847069845795946,0.1427931868103321,0.1424559604935931,0.042471772474472855,-0.32467711408247457,0.014812846165014187,0.029067650391458203,0.03851256513099105,-0.11167663054314927,-0.06196547070099243,0.11404227804890746,0.007368786023303796,0.020799161029909603,1
0.6267451296081378,-0.1301979397260342,-0.42450871478571744,0.21435492105431114,0.16339756236164066,0.19209344623881214,0.05462436570745648,-0.3221142444107004,-0.005250220745610423,0.009028625582475065,-0.016515889081829452,-0.19126742721390325,-0.026311043688872247,0.09117852503234504,-0.027912506166229492,-0.01635333792343993,1
0.565352467293208,-0.08682885634279822,-0.4529297339042681,0.2322912317983955,0.12057441146608394,0.1892769410672612,0.055021564515063945,-0.33927603498931097,0.01493011236475508,0.026099597629293595,-0.04438210111186291,-0.22022373052605723,0.004638128500856729,0.12288030138964445,-0.013817233397008681,-0.007966951412339822,1
0.6481114138807289,-0.02689060918781152,-0.36030207562162864,0.16981385953429934,0.15683051700982675,0.15838108614068758,0.078718762370488,-0.29853760881989794,0.048288516716195135,0.041734373228078346,0.033966707804389894,-0.1450828477786933,-0.012047999914265368,0.1062949501244756,-0.0014114010134103393,0.01440624844260471,1
0.6613160055874057,0.03776180987805434,-0.30125939719955525,0.16491024807485957,0.0818800518432386,0.08109843086050687,0.08870151922236666,-0.24199916183245135,0.05413087140367268,0.064961837711961,0.0581825585325118,-0.10364934689881823,-0.014687594066669257,0.09011170199834287,0.006334704637957833,0.04675669287880963,1
0.9195263471182752,0.09334367986367947,-0.09262690933030829,0.09812200530612447,0.09697927354339736,-0.19421431290323599,0.02877954117683637,-0.08401762943324456,0.012425300044426208,0.06467328048118573,0.07293002358665936,-0.06378930456546511,-0.011741120462042015,-0.031069416194709733,0.0599842680199168,0.005649575107614458,1
0.8344463665469053,0.03475352725505688,-0.21043026336099094,0.1572181159112306,0.1591723153290942,-0.03487573016559575,0.06479892452450191,-0.17608181046069873,0.069714509823226,0.06684815581843878,0.10491098143297024,-0.05996531531905452,-0.03077941142730815,0.035934187872764756,0.02462769081357697,0.005421173857298927,1
0.7618613323725753,0.009643415781260201,-0.2550331737140063,0.11306963669228726,0.14211335946557252,0.022579025937029394,0.08301044243400815,-0.21636741508768978,0.05196262641178655,0.058493201294374554,0.09211558013167592,-0.07148676418993999,-0.031429860296333934,0.055463119990221216,0.010398387045165011,0.02489975287793821,1
0.7483546147757656,0.04796160908348265,-0.19591866847877357,0.1360995538341559,0.11719082141641511,-0.03697916651093986,0.07747749913239697,-0.1641373056891365,0.04966677344096057,0.07385829126012898,0.0914550326079224,-0.06676643659890497,-0.009714786658057117,0.02810138551152107,0.01841489124913963,0.017638414306611113,1
0.8234324788887251,0.1363598313723064,-0.18595067691251843,0.13603394433736943,0.08996646590383939,-0.09324240255319215,0.061866149565320945,-0.11461903187155534,0.012686000025208762,0.07878365198234924,0.08276570851084672,-0.06387246390229818,-0.0019104264063404808,0.022748816768150524,0.019732863816499014,0.028409260553634973,1
0.8770425421855965,-0.14607194181913208,1.0594857062806842,0.23877145564182373,-0.22253332810736898,0.3250084590899685,0.17216030948956929,0.10405754829875652,-0.12494690052088162,0.04096025096149979,0.03957327123069697,-0.11730867918165797,-0.053197395375559134,-0.04501901784707584,-0.03854735001029367,0.11030093657966035,0
0.8756346458704837,-0.13826696085482265,1.0617314247355967,0.3404039491784888,-0.2401895058837204,0.30662975885962607,0.1904773715670859,0.1379069424839467,-0.12191809155741831,0.07295199186608488,0.03788680756250904,-0.12095251170060425,-0.045249935909929345,-0.07043853901028302,-0.036275510162353926,0.13321106093714732,0
-0.44937124100711506,-0.07437466779116754,-0.6073023325390927,0.40918385590519324,-0.12566027519203127,0.04212855549493562,-0.07956498821714104,-0.1637098538124868,0.01131498979582423,-0.1314263325785479,0.012089826409281735,0.08818947576641402,0.009331799179332707,-0.0008089461381821423,-0.017253285132038935,-0.07258353485457761,0
-0.47543900442904924,-0.06556785436768464,-0.6165180429886885,0.2971522350393178,-0.1099181519861407,0.08715647676235411,-0.01800945044574947,-0.15105714306025445,-0.03132305855419824,-0.12019221592007305,-0.003540182208305646,0.1014558267182244,0.01752022318787544,-0.04547757715071674,-0.019185738650287904,-0.04795973898999231,0
-0.46629785833344306,-0.02767525077276692,-0.4631109839328088,0.3259469438386749,0.0227564282982337,0.04084100034451774,-0.13275154180214827,-0.18613111597958845,-0.019681290199973202,0.010036344974568817,-0.06574436912414496,-0.0002165679422397036,-0.03701280627397213,-0.04480030848034901,0.017093337223936012,-0.0011750297730802027,0
-0.39297766690270597,-0.08653504866161961,-0.3937905685745096,0.2455392843543599,0.03565712216783891,0.00458520511108477,-0.1574113478971758,-0.14902500141668226,-0.028963099499250855,0.04000203905490201,-0.03972253356912502,0.0006402512636745213,-0.03310839739096825,-0.015001689334712279,0.002245309149133121,0.013029389564040747,0
-0.4269300994405497,-0.13559417156939002,-0.3941457176150267,0.23130616885941305,-0.11403870427740292,-0.026070345512842468,-0.17107327717237697,-0.14821633584136204,-0.03982416813500698,0.0233265743600096,-0.049485740613028024,-0.004646132164660607,-0.028246420371995654,-0.0182678023640382,-0.010059040258275188,0.031395278189482394,0
-0.4630000918115582,-0.06130477541985603,-0.3261978043079097,0.2659813733024683,-0.0629927134626991,-0.040765709015698134,-0.14829868630327428,-0.12848455308396856,-0.05310639229739556,0.027876927275628353,-0.06227642157678219,-0.031829397440189935,-0.03007894410319519,-0.0430734792114112,0.034876916631504766,0.024954070494610375,0
-0.46288087569932285,-0.06445757464877308,-0.2780683636440268,0.21802914947244675,-0.08496741657824874,-0.06445502453111589,-0.12982199962513874,-0.10072196062897637,-0.06628928263522327,0.038937681852099656,-0.06072042867138535,-0.033902317728514604,-0.019602598648783637,-0.04344193204540456,0.037424952785873954,0.02865756734170251,0
-0.46898348119966377,-0.018302647855766133,-0.20730376926465846,0.23943968633839702,-0.06761035470352211,-0.08767646134096425,-0.09657617801603105,-0.06413415886462989,-0.06973931587767208,0.03802069328698918,-0.046687630387722424,-0.033755324563935034,-0.016486689814781647,-0.0458636672350832,0.055336564901290804,0.02372843385944272,0
-0.4924268450879941,-0.040436334185647335,-0.2762492385602476,0.1648746221384556,-0.025501270749945657,-0.06445933019156999,-0.1002413420770379,-0.08716905224378828,-0.06349450416976966,0.029154870942375975,-0.0734603013393163,-0.040031257831642936,-0.014272502308656057,-0.052779632912380574,0.03783849763686207,0.031721388084033686,0
-0.47511219905244395,-0.013706598627651062,-0.3938609788268076,0.28192250697471694,-0.05294222705397982,-0.020338410818636313,-0.12928491957088725,-0.16519810194620296,-0.04667544495172562,0.012078514099982483,-0.07578577206967538,-0.02601772118405132,-0.04262199944845502,-0.04904526546331507,0.04124676252310248,0.022854295974827545,0
-0.41808573422103584,-0.08779446232894508,-0.11844220204141578,0.23149195002146059,-0.1715630279196358,-0.0696547842490904,-0.11108975760862791,-0.03362399743870695,-0.09716561235319089,0.09435731014027325,-0.01718251847376277,-0.027349926644075772,0.007159330694646395,-0.02760828143462162,0.037483529979367505,0.04223905791114053,1
-0.3873720485978329,-0.02249301099692914,0.06108479026178205,0.24395297075682484,-0.08527955414966998,-0.04536082707719241,-0.007272938535967825,0.039694894694751244,-0.048726614103141025,0.05671703349675371,0.018963890862447954,-0.01881659197868944,0.010388177007668463,-0.023052166050157228,0.008218336936668333,0.04855683570971854,1
-0.38807901865906336,-0.029322207683741337,0.033410205033916854,0.1589504850914864,-0.09312748758641375,-0.05182690868803826,-0.014191080489042905,0.01343627285639211,-0.056531214751673255,0.09510954057519667,0.00029574299155717804,0.004943795618727043,0.022201431140971655,-0.02145349455968921,0.02166103048322539,0.03618392649222517,1
-0.42705941926088675,0.02732352127801757,0.0912253533296191,0.15758501912192818,-0.02972087577978725,-0.05617884231414083,0.03383834842139225,0.024817653960302454,-0.015101132333497885,0.0010943313148122533,0.03525917315958519,-0.014571181664428485,0.0068884891958777665,-0.019180748715978517,-0.004710378011760777,0.0423608317305895,1
-0.4608956688392841,0.05058562650193084,0.050106456761490815,0.14428830031660794,-0.013182340321816874,-0.08497431525469631,0.03286953969150221,0.019530131232919804,-0.020155186927557737,-0.01201591976802638,0.03706509618076282,-0.015219042218643964,0.002965500248835825,-0.020079137288679622,0.004612192468595626,0.05403692112851117,1
-0.447650369315925,0.06866175562861888,0.06039312415976254,0.17762838781036489,0.029449569597386597,-0.07117947114226114,0.040231433220553184,0.02885550389376882,-0.012935660118266345,-0.009321249316254903,0.03510711167608587,-0.01005378917676734,0.004989837432751466,-0.017167590140069203,0.0028730921709070843,0.05426802591444221,1
-0.47180779558494573,0.07340920846644909,0.050079319248513644,0.13347445100898073,0.03311162757347713,-0.08081527049828527,0.03964348922550874,0.017927752131045572,-0.015427701615460506,-0.002759504785874593,0.03253079770716267,-0.003996999610550193,0.009946555312243989,-0.014366715407982759,0.007965076416743497,0.055364463093168906,1
-0.5004872495232289,0.0783974085537627,0.01588834399380722,0.22117547143956348,-0.030328690663138154,-0.10788880607186656,0.022299018306214825,0.02041403372121864,-0.039841431115922366,0.01982419449242134,0.020179451202855865,-0.008689548225204393,0.006522478321553059,-0.021367839064414675,0.017330005345932882,0.05294347265788025,1
-0.4997455154264209,0.08425868912232075,0.04109515549856841,0.17794266368520395,-0.009776498212539076,-0.10004121953637096,0.03626352861311616,0.019906175945732133,-0.02724221474701299,0.002084891243635977,0.03141846415611316,-0.0062453505062589525,0.007571892548713527,-0.015841530699888556,0.01083390643684796,0.06434586228569085,1
-0.4618926266090864,0.012798040204919484,-0.006603369849717771,0.21206248695433638,-0.023305268711787463,-0.09553057027912913,-0.0034599981259094484,0.03437949195478425,-0.03957909490235336,-0.027756055248055696,0.03594129346985018,-0.04333163267748584,-0.011893087785502843,-0.0346850999530017,0.009852175056326622,0.05561668045918244,1
-0.512538831426215,0.05401203256374181,-0.0809420350507405,0.22332503229675965,-0.03058145287738285,-0.12212334160199359,-0.019781349013191084,0.002915507998305343,-0.05282229836949226,0.004410035758502588,-0.00472134660874406,-0.03354515665505343,-0.009140195847390255,-0.03460166489358758,0.038841499103147915,0.04901362865955312,1
-0.5222198584805321,0.03552821181556698,-0.0709515895789204,0.19732457628528435,-0.023089560826118224,-0.11769939597618544,-0.020890844776470626,0.006799234668649396,-0.05329217636515923,0.01067544879808291,-0.0036125194604849364,-0.03528912938049608,-0.0027433507624499117,-0.03580457098640236,0.03338299290342015,0.04023527552923021,1
0.327229924526814,-0.2848555679033617,-0.29982969077974986,0.39014389537247085,0.012280447614007652,0.09836406320092439,0.09506541229349473,-0.19010154041792482,-0.058201168162729106,-0.19555301983441356,0.09400049258724646,-0.05272229037685121,-0.107595029810448,0.008548088288434494,-0.054640395182210574,0.0035906400830355025,0
0.4419298534191177,0.16219936312512287,0.06831578380699177,0.10670014311859236,0.043031965469476754,-0.09457588912129505,-0.05572217397399263,-0.006241771903229,-0.04609588615115827,0.02363333417122515,-0.006073121166823746,0.03165839552854853,0.01101788191479339,-0.025327023458964253,-0.025938708787254194,0.0003299640045911826,0
0.42103928786855516,0.14804918952850704,0.08156690616047114,0.10246778910763177,0.007126424138275874,-0.100545518122388,-0.06199499513626447,-0.01994296337776745,-0.046013643386234364,0.03706180444409556,-0.006147572618164352,0.034644128509992475,0.012952221571396314,-0.029846365436957893,-0.016502393949431055,0.011358706561618135,0
0.41716574322677463,0.14786365841500504,0.07003864555055031,0.08835752303661557,0.014839967705541445,-0.088279175390416,-0.0574652604246299,-0.010429655932740638,-0.04179124747011209,0.050207794157992085,-0.0004633856635912601,0.01819055631506454,0.02119304990893872,-0.037480489853924506,0.0010431623146825936,0.02893637162633406,0
0.3724692730464285,0.13552297492720639,0.028890525265867294,0.09820691933254343,0.008008656364010725,-0.06342350023734443,-0.022026593888174247,0.007244903055976102,-0.03163282930266194,0.03871485389994567,0.004296987772523864,0.024272738568090604,0.01317117962288222,-0.014978214184901592,0.007913695690413856,0.030312032454870894,0
0.31492937461888415,0.09494745129299571,-0.019536631165552033,0.09993769878878841,0.04196411361739283,-0.01794798507475827,0.018517353591173267,0.021226892641754255,0.0037365140685059416,0.03515858649298136,0.0040764891906307065,0.015773062477387065,0.008182350675433813,-0.002212733765537814,0.02326650428902745,0.03680493261862635,0
0.30069234018108976,0.08178487254206135,-0.04501825337159496,0.05135242752456315,0.04678294778777872,-0.0030219557189101864,0.0279351448121441,0.01915675146148786,0.003233456752153621,0.02483561997958967,0.004466248349128905,0.010506930277024953,0.002108352933155352,0.0016735325622144125,0.02397098753793445,0.047235573180029355,0
0.31299543343907055,0.10725709559262576,-0.017863805143093256,0.052384696101998,0.06899616278896491,-0.011690979632524082,0.01074728099206962,0.03397407325460345,-0.006894279821857518,0.018934763708864613,0.0016684931582033433,0.012842837322212296,0.004621568599645652,-0.010408000844525643,0.02117862812506488,0.05584310197505193,0
0.2714068211847109,0.07016595352212114,-0.07353741872990126,0.03885854222882098,0.061804802130042656,0.01878623103512953,0.034939380020294904,0.020976111823313753,0.017303064695721255,0.012785165352483018,0.0016442508942730734,0.006180438727920441,-0.006411360435252984,0.010490575612867925,0.02314151854820085,0.04951208672716953,0
0.2822760432072331,0.08069587635688637,-0.050769756618337124,0.03438590308564537,0.08256929353153086,0.007986637587009862,0.029189799016207572,0.03242047647676072,0.006863005056596653,0.0026385515556162998,0.00012928324407231854,0.013596899421255231,-0.0076737892971981535,0.0015534118791352268,0.018874631841463756,0.05432758777670934,0
0.26487340389910946,0.08489617729778821,-0.07227188656163895,0.11896401928040154,0.04216277948878113,0.01005278436393635,0.02757001944285555,0.026202829818270035,0.022878390056454707,0.008199600071095815,0.005230999132077791,0.01338693968161238,-0.011579601149819974,0.009194374125970975,0.028070828380715295,0.060956491720598374,0
0.29016605323022243,0.06901415910839,-0.03224697658144758,0.11757392756595114,0.03257718461813439,-0.01581399433894764,0.02356993615601865,0.01742946346501363,0.009783066572775792,0.02019650070397013,0.00557027850524264,0.020059278362279567,-0.004745983994894444,-0.0019916855631942195,0.02836891728975135,0.06007057694374529,0
0.2895672416021738,0.08685500471661728,-0.02508906305253633,0.015407794915723175,0.13533227667113115,0.014832380104602748,0.02610166582727484,0.037719324049919505,0.011032885900604115,0.008715141634911008,-0.0014715840470282996,0.005319800971684234,0.006461760087808568,-0.0039901713599091344,0.0015935616650108418,0.043009949061887806,1
0.30834245391759924,0.08475887751065478,0.011139339360730636,0.0887555763693113,0.0936716798771725,-0.013294727779473705,0.011378560248925248,0.02646773666039282,0.016057870786972257,0.03583256461366183,-0.001232419460578676,0.005093700795382348,0.017372867146663317,-0.013980631406560357,0.009790191242390977,0.042379595283521844,1
0.27115266484046285,0.13021464189529097,0.0541859883036302,0.046037750651338624,0.044423999361980895,-0.00857182416134583,-0.03066641102083039,0.025069664501117837,-0.008143055860488113,0.05685351720443666,-0.006796171364416847,0.012471579766833519,0.023107287647064614,-0.01974396085911756,0.0160023599336113,0.05824033251255686,1
0.29260283780840274,0.16974468277120552,0.0391638766333767,0.04185511356896699,0.058321515127040154,0.0035235579586632305,-0.03592174689410679,0.03960836489571177,-0.012281417648398109,0.06258527055804332,0.002224237436180762,-0.0074445597906139934,0.03505870129367861,-0.022454437104912094,0.020829901799673634,0.05664464305448209,1
0.2933255069918356,0.1594037213638728,0.040318892927336765,0.03094490809726586,0.07368234573725442,0.0018899061502168743,-0.03094962136996684,0.03649839552714482,-0.013009004280745176,0.04795473562801487,-0.0004643583121658933,-0.0013625305205336754,0.02919165345127216,-0.01917118499150639,0.010678200211816551,0.04847027034177159,1
0.28590226940575886,0.23775346976967174,0.050660372453107824,0.043590886004767015,0.020898507061251795,-0.0024067135135606983,-0.061725007009428894,0.03202650690360382,-0.04780193961636867,0.03158262524492848,0.012529162561756612,0.0038102098715299413,0.02205860084414195,-0.010739976528095956,-0.003088903469926279,0.044853494738552976,1
0.28082095712784894,0.22393334905377354,0.05954702398546367,-0.005426114804547203,0.06765065665272771,0.009719257746780485,-0.06192740755703034,0.03040551292218646,-0.04699156061703664,0.02010487753775623,0.007504482746260329,0.0036159058530242875,0.020580348698142622,-0.01595867543828711,-0.008366173660813308,0.04996467293455584,1
0.2660357198500892,0.1774303631105581,0.06795775830876441,0.041138270847904966,0.04091005791376519,-0.011009830657780767,-0.05159821296079415,0.02189779284200283,-0.03136403921836677,0.02735758054919345,-0.0031983545963346,0.022087994008371865,0.013085901563875317,-0.014227222100459552,-0.0036071080408237024,0.06092589169829633,1
0.2569290939231813,0.23388277345209255,0.05498591358050763,0.023985238257605235,0.07611201026077653,0.018865311924460084,-0.05341926121025064,0.04272155341980714,-0.034987177968917156,0.01775664301965401,0.004389968174367459,0.005188136053208813,0.020404446559248855,-0.014158621554806338,-0.0049710253510553476,0.05016803797122705,1
0.24417130307214155,0.2243167957432827,0.0538063208854734,0.0015559407887906392,0.045109037372044164,0.010892598324076234,-0.051936280832724016,0.02788051463315512,-0.04825533884097238,0.008308667964009754,0.0047805904858878555,0.016990627590584607,0.011157384912840327,-0.00823919309304889,-0.010703524264080853,0.05112178476328858,1
0.2304405583716021,0.2105760373913022,0.030811590545695086,0.03382324493737403,0.004332209622350736,0.0017202269056617815,-0.034145301042890215,0.03131576728440156,-0.04181156476506991,0.007653916637149814,0.0029722155288790797,0.025884768293456914,0.004424153777375999,0.0005854672794952667,-0.006102529718394156,0.04774087470115063,1
0.2911381469127857,0.264598445739436,0.10925847453751558,0.019928320838199103,0.04710864524043966,-0.006068269125886217,-0.10549107949239393,0.00322326857584884,-0.0602480171607503,0.02589160138594529,0.00953454720341234,0.011061862972669253,0.0149211147545378,-0.0152557429383222,-0.024266522691637385,0.04598583033109294,1
0.2696257922729436,-0.6626772136296468,0.2478023789855325,0.5114645073521018,0.021531318603361743,-0.15262943506594262,-0.10559341515451934,-0.14135989361392262,-0.06632899102715677,-0.08107041400727874,-0.13127220915229593,-0.04553039334046461,0.12503185201281364,0.024212571025412258,-0.040913937812102674,-0.07252358918330391,0
-0.20945078306063838,0.6816349457328824,1.0937341006244774,-0.05969736619832379,-0.013973857675952,-0.406353905662685,-0.3078120082260922,0.2974584166716958,-0.1768242548783259,-0.1331599588730873,-0.2783616477417474,-0.21905309813739213,0.008159081183554467,-0.24048739484943302,0.26340410253341456,0.03447988127163163,0
-0.318493521336799,0.6983807581572088,0.9787977260927206,0.03350963703930824,-0.1763350828850017,-0.2857155567055566,-0.4268810841058939,0.14965146248287275,-0.23275233404601908,-0.07282854963949165,-0.32811897522113914,-0.11437213920407101,-0.13270008214289059,-0.3068702732061359,0.2607102511885081,-0.014669504832872118,0
-0.3677120406597336,-0.09688746184983794,-0.6017619187090703,0.46725907142747525,-0.151386065180868,-0.05884691736272617,-0.15312307447836823,-0.15672856242362632,0.04433617438980349,-0.19777968725471914,0.07441514426376819,0.02470039222599389,-0.020240505054054916,0.05560560483502852,-0.014043579487491058,-0.052081403574416846,0
-0.22201119862232915,-0.3300630071772286,-0.48524378667870605,0.5379131876286061,-0.2013168120523045,-0.15684394174916416,-0.20301448305040704,-0.056628540842284705,0.06055270956499253,-0.08504919416905904,0.09098370026345112,0.04681075632047928,-0.12453986002215238,0.19111441648773525,-0.12828763847456182,0.0033980814347037416,0
-0.2667374473019678,0.5954729595689728,0.98472423063972,0.057074553658670105,-0.11849316806154193,-0.30577802395310727,-0.41325537845214166,0.04980929108970794,-0.15752444116165645,-0.22874633715500362,-0.26023703252540964,-0.20973610790503708,-0.03091377963487776,-0.22391250909074734,0.27469987899912296,0.02967410570076559,0
-0.525732876160022,-0.021353010885435595,-0.47885735367092286,0.35542183596602583,-0.030942388232397918,0.0570223025257204,-0.11467425273980447,-0.18639354955458462,-0.01615552116704519,-0.03052271500453935,-0.09013353828823135,-0.008866900503260172,-0.04215525356121621,-0.06468493235003739,0.03727059441866715,0.012487040990920156,0
-0.5347267660836417,-0.10775877758560824,-0.5328589241352257,0.3365544731404559,-0.02798132124481826,0.0847718049998889,-0.07686540827798959,-0.12774606159869786,0.04215108230090453,-0.14208541552310128,-0.06830575739462881,0.025145324237386954,-0.02796628086117957,-0.06932776428634964,-0.019210057659670873,-0.002919099614049797,0
-0.5239063894883781,-0.1013418648862512,-0.5478381379422114,0.3582336049313457,-0.051279259764559715,0.07890083669763467,-0.07507638152550172,-0.13267634447134863,0.04337300675405677,-0.15588000466613827,-0.05410360442655716,0.03604419456644888,-0.027784101070579267,-0.05275678911560635,-0.021087207702505394,-0.028310533111806556,0
-0.476796966923217,-0.2183959839790503,-0.5350777199734371,0.36763440027164485,0.01545543147470886,0.03187911811275843,-0.12698573288703677,-0.07249429599925296,0.11293208387496667,-0.14100485533637544,-0.02423468144067415,0.06127605234589319,-0.018223788181302034,0.002304210088192224,-0.09439150156045273,-0.02254222270259293,0
-0.44233852336766766,-0.23939383258029212,-0.5631944721456513,0.36656045928410097,-0.04759419818380502,-0.012128731039120414,-0.13006584375140362,-0.058452845563450276,0.10938429099254363,-0.17010994454738007,0.005439153812826648,0.0806138373448961,-0.014067478832529333,0.039404824042567045,-0.11012633716197565,-0.02299914317611469,0
-0.5376016199469842,-0.00964177523749856,-0.4421616941750414,0.28997769124271494,0.03433166824545484,0.05649201358040575,-0.09935126432257166,-0.1650864690780128,-0.026094735645536177,-0.026621342818922446,-0.10219116377712695,-0.03186413622207492,-0.044262602388527514,-0.07373871773209086,0.040418243984783185,0.023490354452783437,0
-0.5147542391616569,-0.028778006737524082,-0.13987930509051227,0.26225835820984,-0.044190737556323155,-0.07832730865112708,-0.10156961908998172,-0.03242317373874138,-0.09025267157690388,0.08155746166708758,-0.03712493565200876,-0.03763817684902555,0.019687770178684463,-0.05228410452064973,0.05212707208074467,0.04398662895789391,1
-0.49979848569372226,-0.0241053187566834,0.0038367162816563922,0.2687130103859997,-0.08640037764564898,-0.08016177674330162,-0.04491042791887204,0.02138340204072459,-0.09293019123011688,0.10221357494329014,0.0023063133983820838,-0.024522124560996127,0.037721380351199,-0.039003543699071996,0.01967947934312475,0.05862174563118054,1
-0.46010628988440794,0.05391647599623463,0.11306996309224772,0.2685727216273282,0.026884718060256448,-0.04675026682995804,0.04042719268581136,0.049740271446815074,-0.02338757487789634,0.031556180002220185,0.028416785002308605,-0.011399766328002542,0.022154251500884223,-0.015618044101881712,-0.020637198924297613,0.06379554324283158,1
-0.4832740011982799,0.08188662458149067,0.09576949413369788,0.28712438449048183,0.10009338031804065,-0.051751524544394835,0.046863710063745706,0.06128220035374904,-0.016062467172587323,0.019474816224384555,0.03161518982606358,-0.011106976371091192,0.020400955629193283,-0.011829422943450846,-0.020218332834022627,0.06329643069789934,1
-0.5080759353662269,0.13046736578836884,0.12255715962289805,0.28448942161546314,0.08906715354310427,-0.05671820368043609,0.06756549300130214,0.05258904221154946,-0.006594331171503976,0.015556702870739065,0.036119419819081955,0.008968565735375607,0.023071737489663437,0.0017023699068196522,-0.024618280355433324,0.08075188516334307,1
-0.48286607661289427,0.1043448453218857,0.13737675265143723,0.2645843656635676,-0.0009901079625259004,-0.058439093266181866,0.06307370585088222,0.03487670240151324,-0.011035205137303427,0.00687599680616607,0.03856987071433302,0.0011960258083702521,0.017120935485928735,-0.005673940186797621,-0.024371874818269915,0.07758612768517963,1
-0.49521138887666194,0.09350467786802177,0.14219343296248874,0.2464526955534863,0.05362211372901104,-0.04802636661158723,0.06323890212911124,0.04342680385607717,-0.004274734848075744,0.006251790542676543,0.03991657556095252,-0.0033768741455168652,0.021082259787794776,-0.003657105951446228,-0.030908342489497285,0.0695935685293768,1
-0.5127528626279904,0.1272846614847397,0.11497736173666642,0.25680907500243433,0.09116385703296427,-0.060083856810786956,0.06503787056276672,0.04738932277084613,-0.006854194549061868,0.013915345080210998,0.036867753113997564,0.00954652638509825,0.022971273860627417,0.0010193834032207604,-0.0188270436120039,0.0795428995365498,1
-0.5219521958475125,0.12363056435684533,0.07304352085557407,0.2690114723366715,0.11552602044613322,-0.07283641965003458,0.05267613296026489,0.0553021880677237,-0.01315996807462796,0.015510500366752436,0.03192269211629042,0.003818311080480844,0.018536549630212933,-0.0033346525958790237,-0.005212507188178275,0.06291376281404393,1
-0.5201677894042088,0.10071762480136635,0.03445483417640885,0.3044647646612947,0.15446863269074498,-0.06903659529906792,0.02945630204862332,0.06309222518587083,-0.02332590525248096,0.027650670888426786,0.02133127229426655,-0.010383045723867786,0.018744665707697616,-0.015053702739188688,0.0058426984343902645,0.04939107654707823,1
-0.5212002215459827,0.1313305247988203,0.0036283061063993316,0.2928048250190725,0.10437331012195945,-0.09382171183578063,0.031102246248394354,0.04776382271516985,-0.025871710700895015,0.016238094467440067,0.018050307962750596,-0.0021028026009546658,0.00776289157548466,-0.013032635217173271,0.02534377393397045,0.05787960624298349,1
-0.5947958338978634,0.1194012338462981,-0.08023799055110253,0.31272093446859317,0.09190393738684313,-0.10217039037239711,-0.02005427507371826,0.019747522447379692,-0.05131800959608072,0.04486304657648241,-0.02834413347346335,-0.012012771484807755,0.01181334263411222,-0.020717395709812028,0.06858373739514048,0.031046306153454738,1
0.4210392878685552,0.148049189528507,0.08156690616047117,0.10246778910763168,0.007126424138275866,-0.10054551812238795,-0.06199499513626434,-0.019942963377767478,-0.04601364338623426,0.03706180444409559,-0.006147572618164274,0.03464412850999245,0.012952221571396352,-0.02984636543695781,-0.016502393949431187,0.011358706561617748,0
0.4171657432267746,0.147863658415005,0.07003864555055035,0.0883575230366155,0.014839967705541437,-0.08827917539041592,-0.0574652604246297,-0.010429655932740634,-0.041791247470112,0.05020779415799215,-0.00046338566359124605,0.0181905563150645,0.021193049908938753,-0.03748048985392442,0.0010431623146824425,0.028936371626333692,0
0.37246927304642835,0.1355229749272064,0.028890525265867356,0.09820691933254364,0.00800865636401082,-0.06342350023734458,-0.022026593888174545,0.007244903055976174,-0.03163282930266211,0.0387148538999456,0.004296987772523648,0.02427273856809049,0.01317117962288225,-0.014978214184902083,0.007913695690414163,0.030312032454871626,0
0.31492937461888415,0.09494745129299571,-0.019536631165552005,0.09993769878878841,0.041964113617392815,-0.01794798507475826,0.01851735359117328,0.021226892641754275,0.0037365140685059746,0.03515858649298137,0.004076489190630654,0.015773062477387034,0.00818235067543379,-0.002212733765537903,0.02326650428902749,0.03680493261862637,0
0.30069234018108976,0.08178487254206136,-0.04501825337159496,0.051352427524563184,0.04678294778777875,-0.00302195571891026,0.027935144812144003,0.019156751461487872,0.0032334567521535686,0.024835619979589614,0.004466248349128791,0.010506930277024894,0.00210835293315538,0.0016735325622141833,0.023970987537934578,0.04723557318002953,0
0.31299543343907055,0.10725709559262574,-0.017863805143093235,0.052384696101997974,0.0689961627889649,-0.01169097963252404,0.010747280992069657,0.03397407325460344,-0.0068942798218574524,0.018934763708864644,0.001668493158203361,0.012842837322212294,0.00462156859964567,-0.010408000844525681,0.02117862812506488,0.05584310197505181,0
0.27140682118471093,0.07016595352212113,-0.07353741872990131,0.038858542228820875,0.06180480213004266,0.01878623103512961,0.03493938002029501,0.020976111823313794,0.017303064695721283,0.012785165352483037,0.0016442508942730969,0.006180438727920397,-0.006411360435253067,0.010490575612867986,0.023141518548200794,0.049512086727169335,0
0.2822760432072331,0.08069587635688637,-0.05076975661833713,0.03438590308564541,0.08256929353153088,0.007986637587009814,0.029189799016207503,0.03242047647676075,0.0068630050565965835,0.0026385515556162434,0.00012928324407223394,0.01359689942125517,-0.0076737892971981215,0.0015534118791350326,0.01887463184146381,0.0543275877767096,0
0.26487340389910946,0.08489617729778823,-0.07227188656163895,0.1189640192804016,0.042162779488781145,0.010052784363936291,0.027570019442855455,0.026202829818270053,0.022878390056454645,0.008199600071095773,0.005230999132077694,0.013386939681612331,-0.011579601149819952,0.009194374125970784,0.028070828380715365,0.06095649172059867,0
0.29016605323022243,0.06901415910839002,-0.03224697658144755,0.1175739275659512,0.032577184618134414,-0.01581399433894766,0.023569936156018583,0.01742946346501366,0.00978306657277572,0.02019650070397011,0.005570278505242537,0.020059278362279522,-0.004745983994894387,-0.0019916855631943813,0.028368917289751355,0.06007057694374544,0
0.3097467574947318,0.07830585615980205,-0.035123363348872595,0.09583499900439063,0.08221525798953457,-0.003474257066217565,0.028645226253240376,0.026960823316669234,0.015526344617990908,0.0230498707238667,0.005151619172500047,0.008122954095259897,0.0036088865831556956,-0.005320641052148278,0.025541659250649655,0.04726042506735327,0
0.2803096091789819,0.09150450454953912,-0.05782981120722322,0.11320551075810303,0.07633633749407416,0.008024849527048043,0.02918214367161061,0.03424239946226744,0.01937814595679303,0.009298065519418837,0.0041173129409636956,0.01456742611177859,-0.006066979397817472,0.0033661804738807045,0.023810819164078192,0.05349244810095365,0
0.3047180785256007,0.09512854825465553,0.0037648270736640216,0.052223335605503074,0.09105347691569128,-0.006273740825820837,0.008916198209857108,0.02927660664735261,0.006818418658937647,0.03429563433693534,0.00013163647003264364,0.0031026153479395057,0.017491920357305544,-0.013862102253562549,0.011417092203686266,0.04909740895358413,1
0.2894232866759138,0.13719164992076507,0.07399150754232477,0.03137878186702117,0.08538232451247742,-0.0027005414528348637,-0.044737974695577734,0.028697410076419953,-0.0025170017178094525,0.06915497176170361,-0.010108819218333986,-0.0027799842999720347,0.03444908976581406,-0.036692782238530515,0.020076950537428234,0.06611437399576862,1
0.3067229881155924,0.16725510942767657,0.04472562736341141,0.02951630559604283,0.07515415098256646,0.000958631868634859,-0.03894273836627895,0.036742397100565385,-0.01482657317856426,0.06039512548271541,0.001077434630800348,-0.009146325304881442,0.03636939457274612,-0.02652349705564288,0.016324845141824095,0.0544875596377312,1
0.2688787123339115,0.1891638716942387,0.036434706886878034,-0.017969484618878984,0.07744261215168106,0.02026585155758926,-0.0383215987529604,0.04046904153528926,-0.028413135053914917,0.03445529186185645,0.002938608196902606,-0.003742263618521336,0.027234550298563753,-0.017562536021868313,0.007296484230662551,0.053083869887679026,1
0.28772474964295025,0.2066158028428022,0.0583893119402321,0.0044908053033572695,0.06096439849680478,0.0025745371277882657,-0.05682652391556888,0.027683128576950593,-0.042060145540326395,0.026646526581137416,0.0046471333627077505,0.006617104279851207,0.0211664728870619,-0.014684580543525397,-0.007434594973890809,0.04518720879552661,1
0.2696267367183608,0.24750012786217243,0.06692476074059152,-0.03222962805889195,0.06804742769946306,0.0179633952977074,-0.07141405986738568,0.02361329203378594,-0.05916189152008067,0.011231185105584726,0.012329154736537517,0.0022149685228529457,0.018921114258021076,-0.014607713556462596,-0.014604982213494525,0.04649282084050622,1
0.28510413619538544,0.18375750330687501,0.06652273946132847,0.03788270733460487,0.05602035456880929,-0.009785162643649642,-0.053592797279232544,0.025014947137576838,-0.031203641444283985,0.029778600883111093,-0.001674194011235065,0.015258452045703159,0.01769247461138673,-0.016542991717304514,-0.005242509244930375,0.054083396415470913,1
0.2505503006919096,0.2622448268445812,0.05495220370336677,-0.01350205665705447,0.09109302988974255,0.034618952747887545,-0.05847793544187285,0.04247908754847355,-0.044987326505387816,0.009902576294856804,0.010279081774269318,-0.0033370455562083292,0.023743373658332147,-0.01524571001765484,-0.00917624432073135,0.04093109624180112,1
0.23268067114228502,0.2384506145720801,0.05252921854804063,-0.026237392932717648,0.06871212229573784,0.02416525357544406,-0.050938310233067635,0.03010987567475199,-0.05112858395363765,-0.00573777290697759,0.005974985863233281,0.014172014599883346,0.010253151153804761,-0.008348063185133849,-0.01578068001241481,0.047024995399872274,1
0.22545143428733963,0.21811715842557558,0.03141103695427711,0.04013327578811594,-0.002287790609197607,-0.00024498929503423156,-0.03664656785790318,0.03141984620706694,-0.04445770387946493,0.0034944595825603993,0.004524328084134831,0.025674532943992377,0.0028710781126446944,-0.0016196801425858087,-0.005160931139929021,0.05616133649372566,1
0.260675776193121,0.2613348592968777,0.10846375158466096,0.011188131241657203,0.03564721195092958,0.00179681466105182,-0.09678753469432225,0.0007025778396219025,-0.059980882275436034,0.02250643818805593,0.00828269959232507,0.015803606382975892,0.011655983750067095,-0.011410531941417633,-0.02217758745623729,0.046406372819950616,1
0.24152355208457318,0.29604934982867687,0.05243399910316328,-0.03091908584643863,0.007536120612618932,0.020824988731699,-0.0713028667287606,0.020257355236818046,-0.07963674197614533,0.0025106518267572256,0.025956760693518342,-0.0036711196811708455,0.013339473789423796,-0.012998709155210888,-0.01050447008560016,0.04833868034465424,1
0.9213015780445369,-0.09876894058216068,1.126449691849155,0.364672985639544,-0.11381737569509001,0.3966179732716061,0.2416013295022224,0.19100271918202003,-0.11831735108242022,-0.03417676003890236,0.06955047116938486,0.010179159931837722,0.10484985861283513,-0.05391740161697132,-0.14629714335662747,0.21676488680543055,0
-0.562284405309655,0.04814078860682027,-0.4887950666336116,0.3655137141356696,0.11348629647209094,0.1420483148487515,-0.06688212362392904,-0.17975934823999443,-0.012218385473933899,-0.011391680678883041,-0.12220571335739183,-0.019272861396462438,-0.05094562382217894,-0.08025385540921756,0.07793893271488073,0.00983236138740864,0
-0.521131822672351,0.07254918002426017,-0.07602841914983441,0.3035208339340515,0.1297116203337861,-0.07883485214676263,-0.0237517012987861,0.026644230325270402,-0.04816341326272116,0.03301393085073342,-0.010400280905798632,-0.020999769581932334,0.0067804670793214575,-0.04345048843213695,0.06605519248518629,0.033130537945847874,0
-0.4168581760539061,-0.051000453530750854,-0.0027155478993666064,0.3322279221918978,0.03676962061701422,-0.02898356973070719,-0.05231118244353389,0.06074826965276638,-0.06794085493976797,0.032395402517150285,0.025692216035079166,-0.046315689925565715,0.0026361746364997273,-0.03609289994553819,0.0227627298418775,0.050736302855017484,0
-0.3359216212008182,-0.09086393076497952,0.15102925549952256,0.2996353811754894,-0.015552776754684607,0.017635484835800366,-0.005901686818340291,0.10520210035108868,-0.012926413723183258,0.003272168532721681,0.02719460222162931,-0.047665229235529384,-0.0017308830422809063,-0.005763914074698007,-0.014829746350625266,0.045864381310921756,0
-0.34584918901509637,-0.07132875743587672,0.13993940493598003,0.34278814049996403,-0.043244998485547706,0.0026192241683115156,-0.005923145233564134,0.09916981541423261,-0.024319883461327855,0.012278210827268808,0.028791222805640712,-0.046100626219567266,-0.001271052424987891,-0.007035478648814793,-0.01205858240746866,0.051801920506204684,0
-0.3824189330203402,-0.028447446279362774,0.08906501145627532,0.34955665818989,-0.00412549166092392,-0.025001044615566525,0.00015699840170945074,0.08592461825521042,-0.03494917913519422,0.004362346045546216,0.036892922862276065,-0.047753135246761384,-0.003427631052919301,-0.021709434754181082,-0.005804808598146406,0.05773938337553813,0
-0.34153047141112836,-0.06388920866407606,0.10205055385736438,0.3178439443295571,-0.03227090465049828,-0.0059974328973001825,-0.010747972171664646,0.08820690224334059,-0.03166802689045712,0.009168704803328957,0.031004403331867648,-0.04260972459663481,-0.005668229414667645,-0.012907159667163198,-0.0005449277774349543,0.05380301879871371,0
-0.3459048152208644,-0.06974362738609259,0.07108733356646532,0.31031328737340147,-0.048533306869145705,-0.015296050759233506,-0.02277705180277656,0.07938006081106924,-0.04303771270014475,0.00773927015448862,0.03402560914701402,-0.044471536839050786,-0.01017220629128358,-0.016617846202386818,0.007614460492366737,0.05111281065677256,0
-0.40663268280055426,-0.019545306873558422,6.429489052514775e-07,0.3013259252653742,-0.030757290691328668,-0.0619440459890125,-0.024465243168929923,0.048943308228022966,-0.0517882631694439,0.001908493810436605,0.031929661101829716,-0.043285832302440055,-0.011747080339026843,-0.03665798998268468,0.023890756789060167,0.04865568131770696,0
-0.38709143048000155,0.0071415745784969885,-0.028535445737767187,0.3224717684154639,-0.002632588712422649,-0.057982544019520375,-0.02750149618287159,0.03756680096238136,-0.049877249570078525,0.014879480866315893,0.021829850623449488,-0.030645753842108433,-0.012350607901907883,-0.03756086781565044,0.03823389779616563,0.05184804659763525,0
-0.39333726700247984,0.011862368775371213,-0.04032998078600176,0.28985319346991356,0.08299248123764952,-0.05012682089536658,-0.022891551378906798,0.045250187230226516,-0.03449096160557165,-0.006016155219548055,0.02558899888519174,-0.03551431911102742,-0.016028789202030026,-0.03744587581970808,0.0360140705866175,0.03792105423222102,0
-0.3733643385275107,0.053960046915583586,0.1690265232765365,0.2560821666372353,0.022802973972280503,-0.004734797513712814,0.052415297646295725,0.043483978537917495,0.012895383838377348,0.021351175146501658,0.01586158206854684,-0.007069827319801137,0.018614841892554298,-0.008169817087660333,-0.018940699937764045,0.06553159084763484,1
-0.41664492178437096,0.06564191166321759,0.12020596052616092,0.29925607967903994,0.049288497062968464,-0.033286629304438646,0.04876778491975107,0.059344996277417746,-0.007446321180925888,0.014891233790494429,0.028292786590584353,-0.015145459409072467,0.014160812459753981,-0.014568967148228891,-0.020550367692476427,0.07259759111977235,1
-0.40395277431048254,0.042083023466939005,0.12074209028248545,0.2818203409455486,0.05249707244356562,-0.027930412806469813,0.04303562756977631,0.06532107094941521,-0.002518197377796257,-0.009197151694948322,0.03621909689894337,-0.027456323662886226,0.0065278460203645325,-0.014684440978181522,-0.024839127594613312,0.06828357900405074,1
-0.48398069911196256,0.14643159192482572,0.0974825953422738,0.20504324061742135,0.1751202016648233,-0.047503386028344016,0.0720047488322632,0.04633465778919175,0.012032994368163909,-0.01203706451760295,0.037480241393272974,0.011491320804258725,0.019019360351902912,0.005805689275732196,-0.008819587497806902,0.07874028009207072,1
-0.5073895867073873,0.1360069683838087,0.05703543405909904,0.23526732002525477,0.12483448623504095,-0.07850012511954292,0.0557708830661707,0.04902239737583263,-0.006679441748570856,-0.01293381480108947,0.0383923315850454,0.002395942372066956,0.010571152392072692,-0.000911489888899203,0.0027426090456242,0.07921536166137967,1
-0.48873965119484686,0.1271463519212184,0.07584186948182789,0.2311537529131301,0.16949358701586342,-0.05438178560913058,0.059844938475416144,0.05234517844016337,-0.00042301205255138334,0.00885746239237035,0.029836711564700268,0.0072662849569875235,0.020852091532558237,-0.0014886678523583707,-0.004420573522967033,0.0659776583676471,1
-0.5120372794323258,0.14101954555608312,0.025024680160162446,0.2757162836379656,0.0930103809743261,-0.09314797927154086,0.04407364416330559,0.046614755347575476,-0.01998767014485027,0.004221096284732985,0.027153414970838185,0.002758841207591729,0.007517327536043286,-0.00660200956392789,0.016885042342406464,0.07103014379963898,1
-0.5094601785535401,0.11652928207841852,0.03481883185757211,0.24808441286187194,0.14156227232970972,-0.07887315671376195,0.043331774270225484,0.05516863443820656,-0.01001917417561179,-0.012386605410442817,0.0348554672552849,-0.009935659003584913,0.006827885787833339,-0.008018708121057974,0.00658540938913593,0.06135434393402538,1
-0.4740585094505807,0.046147024863872295,0.007171011479327372,0.29317678099561106,0.0491473256654999,-0.07802873401911418,0.003085502869087542,0.049878028657114,-0.036387056683981456,-0.007383293092003567,0.03156052730174933,-0.036347144766734174,-0.0035287985683639025,-0.030024778617546762,0.00821843211037119,0.04700679563091516,1
-0.510199960336926,0.10302253429365832,-0.0010392005085564642,0.2491365969207161,0.09546167709638881,-0.09565883570973414,0.025335911838397174,0.04376966682096444,-0.026062143656555417,-0.006492589000665357,0.026481810942907993,-0.0163379872812445,0.0030147704459045173,-0.020173395914384454,0.023150309764498417,0.07489133853951065,1
-0.5267960373832891,0.06708789692352139,-0.03583193946534916,0.3280504853039293,0.03382126063244447,-0.099588072886132,-0.016459235585653365,0.03551015545044616,-0.053119983442962544,0.00515008068582704,0.013180460001090352,-0.033756522570293955,-0.0012878017826642486,-0.03577021628737714,0.03262354561984963,0.0571010800596677,1
-0.5158376960507604,0.04745098590405501,-0.05454961650803015,0.3128881755454257,-0.015928360462275762,-0.10379141762253696,-0.030990718223615626,0.019419943978513186,-0.06256914879945864,0.0175627064241821,0.004842605176258995,-0.035906403973242206,-0.0018240000472477785,-0.04093464353645362,0.037549558116906995,0.051986230811586896,1
0.37362650761123456,0.03992806403836732,0.005479414901833353,0.17495221031841446,0.04340556131164551,-0.09636186736964994,0.038741444747277545,-0.012522527555090528,-0.0127070243949918,-0.026384444841812644,-0.0003172543172156148,0.05949707238618146,-0.023495438896437744,-0.002450356777639179,-0.017355797612998825,0.015617040785968305,0
0.38448550939687887,0.11898813652808518,0.0539005588130167,0.16734419180224813,0.07270255910872292,-0.08856916170990838,-0.01779023618772068,0.009713299735299387,-0.019994533042234544,-0.0023606746525097924,-0.01624285066505291,0.05170483628570636,-0.0037126087740696648,-0.016489981293984095,-0.02718187109604017,0.023531197995120247,0
0.3641192315324771,0.15002120414307651,0.025057344832235363,0.1392097937063609,0.12157593156574069,-0.04867920840482854,-0.008875368129673801,0.040422725928619896,-0.020188110072042107,-0.017616671306136956,-0.01252095586698866,0.044784384107202556,-0.006074234179183171,-0.006784794866678408,-0.027793656153084184,0.022998661805974464,0
0.3727770995082812,0.1332393888312471,0.027472635774234918,0.07031635352919191,0.18106430282978644,-0.03477927358776547,-0.004626728725100678,0.041050119611684456,-0.019783297483477905,-0.02413938373463512,-0.016583455570729568,0.0325156620787004,-0.0012406093582208852,-0.018815632219439677,-0.03000767249160477,0.024321996035699466,0
0.34399491160460627,0.116458821793724,0.03200924655316119,0.0068893824858465725,0.19419238988613552,-0.020508199292269592,-0.003499371246267109,0.03756016484954662,-0.025685638856929333,-0.02970765352311579,-0.021159788858366724,0.03944824244786179,-0.0052759101416377935,-0.020586192239108826,-0.027081485577286412,0.03749652046406824,0
0.33720771794732946,0.10180056249943478,0.02047284275298205,0.020094323716385785,0.2019366099657226,-0.017149162237477367,0.009888724820617579,0.04098334004340879,-0.015045271095431568,-0.028447430118678892,-0.019648700334283314,0.0352113427112314,-0.005252731128462824,-0.019933681330302974,-0.022095731509860782,0.03747271249696483,0
0.3576652265816843,0.08269951701174696,0.019269083963505785,0.012954142810508168,0.22245162425935025,-0.020041426787717767,0.01904614890487741,0.037083758024855036,-0.006732177518214545,-0.023482630809728736,-0.018262485117046742,0.02168180993094108,0.0002470249360179875,-0.028048607582857488,-0.01986188872746581,0.03116622323166744,0
0.3404807142944982,0.0866687701579016,0.015932717498466416,0.016712547896022025,0.17323525785666918,-0.02567483148283527,0.012295230354505067,0.03322796946380897,-0.01681120748041923,-0.020952934865425935,-0.014116743501703706,0.030755557769772356,-0.005218779999368018,-0.025000102362814233,-0.011351087282442444,0.049818221522106736,0
0.3380789964518259,0.11238019924280032,0.020498302736975234,0.014399640468153747,0.18597451506608248,-0.01633222254150816,0.0037088088762565414,0.041100391042258086,-0.01975659504790308,-0.02288192254632914,-0.01679436475023688,0.032864734003203014,-0.003104342084215683,-0.020103645149580664,-0.01824974677580641,0.04010281730842978,0
0.3388295193386619,0.11296345637141357,-0.0023382867319866963,-0.02388712764216459,0.2078409790486752,-0.0072080708032530635,0.014756706639885412,0.04536777460087927,-0.027676378274931877,-0.04242847368426381,-0.012830596729795021,0.03262021002305683,-0.009015168710907325,-0.015194761191158453,-0.023849953448224,0.040034809755450915,0
0.3190667986357771,0.13225259749070034,0.008831850947303462,0.00662038876279658,0.18835762526186672,-0.007361676414714433,0.0035965326335261096,0.0495758545348482,-0.028525886143131122,-0.04157915565016203,-0.01636355776708228,0.04438653055569886,-0.01202232393309999,-0.010325522990313455,-0.024709181197836064,0.04361329753934704,0
0.31713166064627996,0.16849061108235508,0.0012684950638385407,0.026236122607121066,0.16092431918383565,-0.006223955662571345,-0.0047718468632663835,0.05549618259945209,-0.03703120785703349,-0.04276107021612884,-0.010621814044680879,0.0442454438078797,-0.011593999566219888,-0.004645519633924248,-0.02598706677008921,0.03917396037677415,0
0.36015114191467074,0.09681151873360064,0.053353305866426746,0.05853933733992727,0.16724515243762011,-0.038017678866290636,-0.009964393626476225,0.023016551191724126,0.001292987975874716,0.020869305450825153,-0.016089864468787962,0.004638999059168474,0.02219666806716552,-0.04239875363757679,-0.013961027641151048,0.050493824721320885,1
0.36551671581541056,0.12748974660043905,0.0766874456382684,0.014850248019680325,0.19555486289712756,-0.019165000853175084,-0.03637462338598629,0.027374561170739633,-0.0019211365213818374,0.04233023658870578,-0.020971512924526182,-0.010947607484195801,0.038075467394465476,-0.05507443095192228,-0.010102358089617845,0.05126609208298878,1
0.2895214874060486,0.21429724670620326,0.06616915324842743,-0.025006642305030514,0.15435686310481236,0.022222540219988027,-0.059335677757466954,0.041505211161064766,-0.03700885174021823,0.016872845333016168,-0.004728586145029629,0.004697373628881368,0.025512779129060942,-0.027173636435377572,-0.013693787205764708,0.06349894772507905,1
0.33625796017439263,0.22132382428418476,0.05536225720690772,-0.04141927300641163,0.19047465611341685,0.026398506458961534,-0.06109320904972232,0.05361828996595959,-0.03602387980531662,0.028143584058946895,0.0005775453304163839,-0.018859617931894397,0.03935272435283105,-0.03844533749634602,-0.00789796684407932,0.05875603120414589,1
0.27261227245660946,0.23173153576280103,0.02616030453100827,-0.04629013981728626,0.20136231941337415,0.04806375701520937,-0.0324674070901544,0.06672971619395067,-0.0315682524986947,-0.01714080712752312,-0.0013300488847091871,0.00166390764959454,0.022172950102299013,-0.016210280209499685,-0.02111963846695811,0.04222834320334636,1
0.2248685261940342,0.2558475559603285,-0.04987742010444393,-0.04570856895762625,0.16670231423628815,0.046191272443846715,0.00037843073759624734,0.07637277774684258,-0.02868468312600062,-0.07363897248028768,0.00022385052780530474,0.01182251561545915,0.0021780531049756134,-0.0045828643631278905,-0.03156312130944636,0.026621641316968,1
0.28260566066990345,0.22900625412220502,0.04503820437258434,-0.0140929384084517,0.1614182485789544,0.027912489064531996,-0.04578368905647898,0.05319018340792012,-0.03745595509009457,-0.005816063369179379,-0.0005512297234461178,0.006693418438363875,0.02008049159786775,-0.01758447808317384,-0.020586987510212255,0.051018884168176966,1
0.25433324598599616,0.2081975357343968,-0.004008411818676659,-0.009095201653439257,0.1349677936892629,0.027502733275369926,-0.013753736752674177,0.0625105076918549,-0.029540406002024407,-0.023465640696270766,-0.0002762017825712562,0.01475476456480627,0.008274428839472539,-0.008355496383709434,-0.014628985222669413,0.05373207178687896,1
0.3200905084131415,0.17968525748222025,0.05433459334366698,-0.012046592830535552,0.1569712552266657,-0.000719546708518489,-0.04319132898311206,0.035434734809204685,-0.03658951856720445,0.001716903403939922,-0.00761281205988306,0.013388309963491312,0.017606905240527836,-0.024255436961326305,-0.024405736421313537,0.05452018290180151,1
0.2604123114421714,0.22478056372957664,0.012418295973149055,0.028543663235761057,0.10839443920523904,0.013530855827539344,-0.02503817269011839,0.05590542080815661,-0.038979682248694844,-0.02219220785930011,0.0008413386650529066,0.02391546738877486,0.005634981545264016,-0.006790222353300066,-0.020126308909805032,0.0536434320428218,1
0.24880187692414485,0.2924329271818893,0.008069243847479712,0.003926469033017423,0.14356873198356168,0.03444523358384554,-0.030555813409967002,0.06487714072815289,-0.05352709067374733,-0.05521208192798613,0.008691532549074493,0.01727052219131147,0.006769544724791308,-0.008948755650334804,-0.03469448437292063,0.035687947458129886,1
0.2880629642299174,0.26301076717963856,0.05162174014792586,-0.03723178201269233,0.15766171779309085,0.03175354587386702,-0.06011547211635375,0.046821713458860915,-0.05631140618338241,-0.011110154723757369,0.006460772360305331,0.005921878980504732,0.01950659655924775,-0.01676815030071667,-0.02778141665321798,0.04620564240829689,1
-0.005092240982364543,-0.7899187877728572,0.4560424240018783,0.2996063160563213,-0.028799211449116225,-0.21473613056502658,-0.15095470621840304,0.026183075232592657,-0.002588604688311377,-0.14294729736525097,-0.22173892431220185,0.11220291598766374,-0.025203820715242846,-0.041812996112683035,0.05701430145231185,0.07777516657224569,0
0.0484639113012277,-0.7483753098759205,0.4013782026206439,0.34414418247733725,-0.03345525331493947,-0.2035655523411081,-0.14380626606378455,0.021650718934105945,-0.01588101928471004,-0.17556199145524531,-0.196348031415408,0.08314132013189876,-0.006622023583428251,-0.03177948957748062,0.05191872741902384,0.053267617959601735,0
0.04055871199864176,-0.7433067174485953,0.30890030126803125,0.3516008883814586,0.008186245362179819,-0.11023356812785494,-0.1041135911325427,0.0013752555677353504,-0.040664347426961005,-0.23485740563789712,-0.17700474136095162,0.07248995568154183,0.008970746749341308,-0.03970789882117047,0.09108019269163156,0.03734034910753217,0
0.09089225042036916,-0.6542203576160797,0.17881189882604365,0.5298907826816266,-0.04370656269199776,-0.003263759658003365,-0.09213227173097255,-0.05613757619277673,-0.04953613712608592,-0.2320697375793481,-0.09338138555668073,0.04784308882699771,0.004319088213113937,-0.030496896680062183,0.11469730289070476,-0.024698538157069592,0
0.9958609576641505,-0.031581324496132684,0.9658251975289479,0.3114369973395587,-0.27307665978807183,0.31574457239673087,0.21323111924865124,0.10197180307455592,-0.04686455439929095,-0.002715763768357988,-0.12491736771261458,-0.09230786130218745,0.04178742431659755,-0.08441641661867365,-0.0759489879426851,0.16456407598588785,0
1.0096319885084188,-0.04286690229288218,0.9789916249562785,0.31851780462383633,-0.2675044221505187,0.3305969086211333,0.2323654912426717,0.10496294211939086,-0.06368757592373894,-0.00038031004188355226,-0.12452100322040194,-0.10272463564200546,0.038867885502838324,-0.07383918817199628,-0.09232681023563186,0.16312576183022,0
0.9925592049740374,-0.06079842602217386,0.9716661118044618,0.2843808598440408,-0.24443814105655592,0.3215213589066478,0.22063376525539927,0.09520141593020093,-0.06846002585539576,0.005363510966365669,-0.11866364508371309,-0.12240063487439082,0.007272738833193528,-0.060298180548669596,-0.06859159528194977,0.11272364791226297,0
-0.3548045791858211,-0.18171726137712324,-0.5617308555138264,0.37309807668873607,-0.048163275473911873,-0.05245148865196957,-0.17560493619382211,-0.0920366475681559,0.07722540627095376,-0.20836598492403674,0.057010768419195355,0.002526498634569618,-0.05878937241828539,0.04911167824655748,-0.058977424298686396,0.007209670339567353,0
1.0072325634382227,-0.0825420295531407,1.0020613313891582,0.3336696373581645,-0.2583441318970169,0.3328426450666277,0.2536696523407691,0.10673874138600982,-0.1083198800626335,0.02579106571699581,-0.1039767212327294,-0.13764553597280443,0.00012111260020686114,-0.0533039949245545,-0.0974986042682597,0.1352157248394683,0
1.0008675086557983,-0.08802594283059526,0.9951623766388198,0.2926003287756727,-0.1297302268746965,0.3554836486448134,0.2537035339774326,0.13614147198832058,-0.08080584606144126,-0.013121224291718758,-0.10314800364290698,-0.14438874238650737,-0.005246094022082004,-0.04671792721156527,-0.08251062938813618,0.10943309265803426,0
-0.32184309234084063,-0.2021762595639478,-0.548709970312758,0.34504910618709617,0.08696456500098237,-0.024892115372375945,-0.16777584750245836,-0.1090795218444841,0.05835838360080498,-0.079834333396936,0.038737445799112105,0.046676341717153305,-0.03598930870999981,0.07826225345682654,-0.09858619705779997,0.005675220309577651,0
-0.41554947103845064,-0.15651999867755023,-0.5518822210867285,0.311755094830933,0.03468766792076688,0.03250470834081897,-0.12774809045840563,-0.1282460690479806,0.03518569776014629,-0.06606325323773382,-0.008469859069315086,0.05978570377604417,-0.0022526983434970186,-0.002873056609856869,-0.07599874779041187,0.01300896834944127,0
-0.44791829347254264,-0.11380419431788205,-0.4440542341621654,0.2627686755327148,0.06127156520810267,0.029513834026274516,-0.15941207310225547,-0.1376293783893283,0.0032945050038725456,-0.04222247655077773,-0.038046602992590474,-0.027033871797244913,-0.0414639884312641,-0.04365741428082192,-0.032117360956544494,0.04556239999210498,1
-0.4659338780865832,-0.1819290391527905,-0.524391888158145,0.28882914612418376,-0.017624823007408964,0.030144757662440628,-0.13369902802669043,-0.10570708494514235,0.05289773588059572,-0.1305452715674149,-0.02222487108234495,0.021551843114719395,-0.02731927411065287,-0.027385933602098338,-0.08412366306564523,0.02400012775286347,1
-0.3752576561469263,-0.3148365085879687,-0.4940488270917246,0.2843678809906859,0.08417828604020142,-0.017529790691378503,-0.17486617045749522,-0.0381237862443567,0.09561848740583467,-0.09043913804285257,0.03660531399448288,0.029467690677779754,-0.06612480266899354,0.08209398067217574,-0.14213521121667244,0.024835628148257433,1
-0.4423213309665207,-0.2628177333514905,-0.5226232238236943,0.2727706411950349,0.03912702462410698,0.01957634797451897,-0.14146817716949167,-0.05870420026267824,0.0947494461293789,-0.11839661414642756,-0.0062771004289064285,0.04390299604353848,-0.02470040820500534,0.020442871530894878,-0.13369738785955218,0.011037805558769273,1
-0.5200814536128496,0.024419192158324842,-0.33646702075178914,0.2731041335779641,0.016404845064441228,-0.01540479344139951,-0.11668358530204409,-0.14068042266282407,-0.06111700094805008,0.061254481581403536,-0.09971834882488004,-0.037516231778367506,-0.018188839235601825,-0.05595094365526694,0.06163574558798102,0.03966454757369364,1
-0.5443133644748368,-0.03431652142852379,-0.3254414976299214,0.32032193575902346,-0.0227022124224695,-0.005607004284028384,-0.15653055858952522,-0.138569237762682,-0.053767904982312126,0.05622878943223453,-0.09795289442044033,-0.042971030962331465,-0.010772797155266044,-0.06437624095095532,0.05727705799261636,0.03393025940498511,1
-0.47051642661904053,0.05124634970958127,-0.0189504669516227,0.24703212242002123,-0.013097385751922326,-0.09218573588966512,-0.005544176354785791,0.017352843803614543,-0.05580240729830152,0.05196984768813754,0.004546042723440876,-0.00998340212073821,0.01266992468041467,-0.03374295066218667,0.029921282099700845,0.05698545088452463,1
-0.46881927486890307,0.05050801221537782,0.04486552787458909,0.22562715214270548,0.06661329941490737,-0.07104458850000059,0.026763996626037383,0.05001719391078698,-0.01994965872929249,-0.012767383147109457,0.03969510181224334,-0.02927690033283651,0.002693070640376893,-0.024189313346879397,-0.001214878625619752,0.057071026956627045,1
-0.49094766850178795,0.07235478695696057,0.019194303229744213,0.26007454855789053,0.09725974671064706,-0.07861536024328755,0.02159547349507799,0.05165710725110602,-0.024075301003401314,-0.0052135737964972935,0.031230469941283534,-0.025056059448540533,0.003111621333507099,-0.022902962989614813,0.007843331413844365,0.04992345266221257,1
-0.5072719564586992,0.040443716512435404,0.013635229521390556,0.22798942340779246,0.05628590889498486,-0.08708320774452365,0.008999659018962,0.04505583891896744,-0.03340828982964737,-0.009406709671695705,0.032543735125541436,-0.033774916088763506,0.0022987357077275832,-0.02635846096351096,0.005251400662492285,0.04022539825845199,1
-0.5799415847014499,0.08975611598457829,-0.058173201020455055,0.17761652364943428,0.1300569135240079,-0.106448995438496,0.005153767947192737,0.029210897630124886,-0.028907848367442004,0.0018082662285780775,-0.002721581233007416,-0.025773854746980285,0.0073865722717374,-0.015481269603619756,0.039008240567345136,0.039978585406130016,1
-0.5556979307295105,0.08758702559761428,-0.056871712790868556,0.24151286089952592,0.15924304568971956,-0.09275816500199624,-0.003697873454082968,0.0377331674448217,-0.030974089099482478,-0.005844529002899248,0.004728160200752639,-0.02931522454409947,0.0038407518755494917,-0.023598224254911884,0.04013548959173287,0.04736880421465151,1
0.6079305313196799,-0.3963706903791827,1.1174392377257063,0.13920033355480943,0.15771169941938362,0.09948668923107103,0.11342532536998197,-0.06799619482739322,-0.2819106200038662,0.20561430712667342,0.24017985407140255,-0.0924218656938273,-0.2615034371636099,-0.007030468313290125,0.02260357113415771,-0.19046476747660393,0
0.6191031168081936,-0.39694113024279054,1.1077947049843324,0.1251886220972999,0.19657529804379373,0.10893018467823307,0.12470177773675478,-0.06431079209278166,-0.27123817552183027,0.1960586120519348,0.2242282367487597,-0.10628492936268813,-0.2620720521492447,0.004158041814801577,0.01744076432635389,-0.21465311489824332,0
0.34751440139960527,-0.17899152892014875,-0.20077303365174004,0.3431995637169055,-0.00020801449647530194,0.04971180243440424,0.07885858510187631,-0.19938539055040924,-0.03406533604430504,-0.13907423461020796,0.07855130114841373,-0.0118661777367469,-0.07908437655333402,0.02825677589149723,-0.017696207356883906,-0.014763548252835802,0
0.34829339150945515,0.03741289213747578,0.03639244381448921,0.16379630546524712,-0.07111418181013028,-0.11553690877228788,0.014706302568854461,-0.037476696525369446,-0.026587341715458984,0.014851346812309029,-0.0018307723361031755,0.07570163091170826,-0.014601395857514807,0.003873941832769107,-0.004773739707793217,0.009838211083288686,0
0.40111090330297766,0.08745084294529372,0.08802285775399755,0.03511836338569689,0.15851233790720817,-0.06777043087384596,-0.023523262534913658,-0.0066740703161219965,-0.015288770633998193,0.00544304049141777,-0.03503521127912001,0.03334949454409575,0.011167378492848127,-0.039278828557480265,-0.03740902759250931,-0.009619606764418857,0
0.4136958795051541,0.11393353485062886,0.08121353833386886,0.01100733571488406,0.09023174608728032,-0.07507751289966628,-0.04743316914974337,-0.014708994482890293,-0.04021523469059777,0.024615281410352716,-0.015776765430385108,0.022443039210487785,0.015110195510661825,-0.04713784111347113,-0.015095929923172113,0.019130802880986873,0
0.3740246807983617,0.14960999985013448,0.04872399221390346,-0.01739669229174251,0.139159568840821,-0.026495055233318895,-0.03439173794610366,0.022152966646932677,-0.04384781741844576,0.0019878636702407274,-0.011912372250768433,0.024047724499586816,0.009491604622321341,-0.02491275225862551,-0.020848847955003393,0.019696421145000614,0
0.3744468469063157,0.1350714744586485,0.018503858042666806,-0.0045070402017596935,0.22107797130586027,-0.002145888385702399,-0.00022222577030796202,0.04987662810926795,-0.014491084096310622,-0.007762406714451477,-0.01341323732241132,0.007488304056597851,0.014028650733735623,-0.02324770401481186,-0.019154637788292857,0.010487918028279622,0
0.34777017679846756,0.15193756611208065,0.03782919378620776,-0.01738961727160587,0.14273012898626294,-0.014958840730854914,-0.027553669522058108,0.032369260239746296,-0.04103379338634536,-0.007293501754974977,-0.010621506333050137,0.026070698505281622,0.005217721804184094,-0.020176631966313672,-0.01725305743114075,0.03199261713870191,0
0.3334845349558876,0.12604028119936445,0.007203325466989045,-0.009677551239289912,0.17006548919807404,-0.0001572404534379542,0.00475244745797866,0.044832259222213136,-0.019370931728440094,-0.010582890345358238,-0.010734801977632168,0.02158690961394304,0.0037320892429223568,-0.01247884796126096,-0.011654189026933024,0.023222418766281103,0
0.3278824788416533,0.12772976879199147,0.015373670777677616,-0.026267042125659744,0.16153261081767795,-0.00021565068327552444,-0.0010507421845800083,0.04057683027614144,-0.02545950608947806,-0.010486454592069535,-0.012173338154312667,0.025847104830055364,0.0027070402660308796,-0.0118638778872372,-0.013419049237710621,0.022867845565900075,0
0.35467512732947104,0.14986007188047795,0.001091917845746488,-0.0009833387996536235,0.19185476595196063,0.00903277981904849,0.0012402803935620283,0.05798189974207386,-0.015139998935399576,-0.002005307387616977,-0.007131204743547939,0.005949190006606315,0.013849874044812508,-0.01562628954745565,-0.008546785971460429,0.016847702275285387,0
0.32600887626559133,0.1021026366725631,-0.028779928155114032,-0.008196153045368087,0.16857914959468354,0.022615967462428128,0.029525052851965602,0.041154141433130426,0.011858700371188708,0.020226679672839424,0.001623119515344642,-0.012245165473876747,0.02113216022226079,-0.00643429058587088,-0.001115666336564219,0.02201661115325186,1
0.3089417422081766,0.09950504217672597,-0.034777985886766144,-0.0026841244745726338,0.15174384242771807,0.020455933279402667,0.030803972536326524,0.03962647193535238,0.010029513460340932,0.006899950451214275,0.0013919800233252492,-0.003128549084481737,0.011525116274140589,0.0005873724315571798,-0.004865954448267473,0.023964362242743478,1
0.31594452521990524,0.14810188543479672,0.038083852663577486,-0.050276430237114055,0.14018296015220888,0.014221919939583879,-0.02448475960436903,0.035206732620665204,-0.02196732936545444,0.02940470335726986,-0.00473381493273642,-0.0035172304352580302,0.02765510650962773,-0.021857178572357715,-0.005021202820594455,0.03354240305958958,1
0.336484310097134,0.1563145736673342,0.012516438624555027,-0.0465952594864621,0.15009711678085613,0.019300731303212443,-0.012652165803663048,0.044504694274382646,-0.018919328137561014,0.029242848784725967,0.0005057690515592522,-0.014225930961275146,0.03208397148763051,-0.017108565509520886,-0.004322056585850086,0.022292161813751987,1
0.3249602050592589,0.15679731187493576,0.03251508349784738,-0.015417270160070643,0.13180236621844005,0.007144880438430063,-0.021090099688868727,0.037117999301416404,-0.02034574879577772,0.020062286221712553,-0.003461847026127659,0.0016712498787144908,0.023819704223990126,-0.012388366166509865,-0.01412746179001779,0.016316279182189843,1
0.2772752281464055,0.2022846379888673,0.02386297426858397,-0.028084164564768747,0.09151823630286524,0.019915444361098354,-0.030699662080142968,0.04185880126341104,-0.038988786987749595,0.0009564479119290713,0.002995174266292788,0.009249945459937584,0.014428143853439556,-0.002610756615319486,-0.01584293731305338,0.02691692709602467,1
0.2588748538639846,0.2370556942756151,0.04244556259741572,-0.020229267038189298,0.10786448120537218,0.033465985315312224,-0.04416628695082562,0.0458893084047597,-0.03856094011072724,0.0027990689584445508,0.0046275741283651846,0.003482637690205792,0.020448484909029927,-0.007855079432684643,-0.015317440877549018,0.02745310719929551,1
0.2581409012816157,0.24837256363433566,0.03507527418898797,0.015691502225688044,0.06406397777912383,0.027450197376044712,-0.04390321384962684,0.04734020102730661,-0.03777311508534352,0.02159073252333005,0.008056325381789773,0.00038705584692970754,0.025156870442728827,-0.00603822721156455,-0.006147734599606329,0.022986896407023096,1
0.2987223800111916,0.21701046958074827,0.04243062490562674,-0.03666989271515574,0.10201406425169815,0.018064763995664666,-0.04676116669046519,0.034894837792150656,-0.04844700714332839,0.011337601165359368,0.004783997431660439,0.00551377148596825,0.021342746622082187,-0.007293609476963402,-0.02069819135386686,0.02018364752790061,1
0.27664813521825926,0.2320381004953407,0.04666905556135052,-0.011862002993452546,0.06506551474596024,0.01499364499873139,-0.05181907514357517,0.032294319593708626,-0.05140573410969433,0.013549917797242631,0.007053346977431812,0.010064685151319133,0.01762337265895,-0.005061199374033013,-0.016593226205007073,0.0269791974978177,1
0.28878927229302226,0.23610999143782602,0.0579944791151889,-0.041707790498549065,0.10684069950939167,0.022167846907020297,-0.060447778806533306,0.031295613648753835,-0.05448647596532586,0.007798028614336892,0.0059936828584866465,0.006453702341253769,0.020023909866018468,-0.010296282267980688,-0.023093974893849158,0.02823376273137181,1
0.3143687209373636,0.1775502104870849,0.06533873004467032,-0.014270396296241876,0.1302855547629338,0.0032208930515667867,-0.04696554879470617,0.027602614263224398,-0.0315920238107166,0.02220636112383701,-0.007695153718903061,0.010117562468817306,0.0234235708406315,-0.01908965792683827,-0.020257476775304744,0.030267201857311878,1
-0.24940521177717467,-0.2226305484089813,0.06416104838328414,0.046097527234414876,0.10111749232931892,0.05937574452396985,-0.03537574261929815,0.1108856683149802,-0.009496962763754937,-0.04497946450699744,0.028722726976807313,-0.04136784283151908,-0.02925513686081038,0.0006360790244282396,0.001768798712479602,-0.007803122782040394,0
-0.22793296646360262,-0.23461183617440248,0.12286278520234029,0.03804911432718113,0.08947095062503815,0.07119972265997924,-0.02254705492671427,0.1240837714289526,0.01588553012976584,-0.06075761071305675,0.021630782051063502,-0.04215175229800371,-0.028532453954959416,-0.004359741924303135,-0.007279902637180088,-0.0015070710254336621,0
-0.2943821364683909,-0.18390755562742997,0.05344295743719045,-0.012630004246430165,0.10029295740580309,0.02271672092748538,-0.020911340876370425,0.08742556799622282,-0.006985594275340609,-0.03536074834955164,0.0352527725055562,-0.030149506988953717,-0.01895432690862715,-0.0032774166485370375,-0.001842356222587206,-0.014598251418905191,0
-0.2641573176018367,-0.18693470554480177,0.08637174832254599,0.00806883455514455,0.0831542655320149,0.0386234134269948,-0.015889631519775994,0.0945851494124653,0.0030264457995856755,-0.03658032753308853,0.028483890403459337,-0.028176089590233166,-0.0197327285902282,-0.002336567876593326,-0.0013414701639739084,-0.00357360205638202,0
-0.25241763687067725,-0.19585246969045744,0.08851813877119384,-0.01550609575467948,0.0834171256169698,0.043910433774827576,-0.01566935951275992,0.09150666003809654,0.004748721168512161,-0.03191268346035546,0.024373090991898372,-0.024314522254761682,-0.018304755211646862,-0.0005926186536638319,-0.0004824594334698812,-0.008045542808655584,0
-0.24495392788475995,-0.19525849804492987,0.05432509902748663,0.019623337536136484,0.08161396380318019,0.0396500196465658,-0.026473311278830024,0.09062722399635494,-0.007757875767466133,-0.03228538110580424,0.025428630252695917,-0.02495943532814665,-0.025382863769767693,0.0025060046656192963,0.006543652369559169,-0.0049067252448646995,0
-0.20641842087057674,-0.24346418714683285,0.13516205485770896,-0.030522112601810116,0.04014134151480177,0.06575335040627449,-0.019865679682169343,0.09935231962556702,0.017494427961070338,-0.03507586185925843,0.011406710070903074,-0.026183137705949124,-0.019070316292441804,-0.009928300191830932,-0.0006158435215410263,0.0029375642462610755,0
-0.19620505310106415,-0.2254766149658989,0.1349090426320454,0.015667306944505483,0.03999944066427227,0.06489964126171612,-0.020194286205609542,0.10415651064928666,0.021992826166605278,-0.04051360554348388,0.010920762777902208,-0.02652451597429773,-0.023295986729180224,-0.009030356476810901,0.005001948749963994,0.010087675654994575,0
-0.19655555739761074,-0.22503069968320677,0.14344614561882846,-0.012691015494607773,0.06085915381494317,0.0693942566283608,-0.015041710094280987,0.1042009330791576,0.03219912804301232,-0.048812104570657475,0.012153565867024905,-0.028242031650694152,-0.023180585659860746,-0.009183296318603531,3.7697701293112125e-05,0.003962749229588119,0
-0.2009586898256883,-0.2374049929193725,0.1394845117651529,0.013170803572165598,0.039951863633176446,0.06809955534544161,-0.02124868350493963,0.10877389032040642,0.022881204891473803,-0.04584335253826944,0.012006278542728852,-0.03028887348696761,-0.0246112188727998,-0.008779259905300055,0.00044128706137674446,0.0019958261256999205,0
-0.2390586539408708,-0.17847892086741826,0.10965852799173921,-0.006863642958917914,0.08679464978738925,0.0482396820829583,-0.00645885027254128,0.09448445440476218,0.022238339245950627,-0.04939860216069254,0.025727951240558693,-0.026571441942971057,-0.021939810826573054,-0.0030871748603178645,-0.00023056757638245721,0.000563022392139503,0
-0.1868420295876927,-0.24870986647927318,0.14158085218536365,0.0052975601090092285,0.06680983012049624,0.07759136813033635,-0.021428535853804456,0.11428761340433168,0.02815332989878494,-0.054348063729223864,0.00816598390450299,-0.032747843380850766,-0.026240443816765848,-0.010292301198076633,-0.0010987687772464347,0.0006855669837367741,0
-0.19412504448286763,-0.2824651419418069,0.1301861336598533,0.03834247910484223,0.10141256105903625,0.0982699673815433,-0.041025393579201735,0.11415114770352414,0.0034607453025767166,-0.02513724921809295,-0.0018590965606235653,-0.0466648617599633,-0.012747983841515842,-0.0026811938948673513,-0.017238462675617454,-0.002208969975357688,1
-0.1898048035775528,-0.3291472118327688,0.0864030344917213,0.0073438053907781495,0.06794868837224986,0.10109337607682015,-0.05222596856967351,0.09660265762512259,-0.02774392377664609,-0.033632158898140384,0.006799479054437409,-0.04953551627978554,-0.01838049838348401,0.001267360521637912,-0.012916101277607152,-0.012727338023906586,1
-0.19748554526537543,-0.2946025998013868,0.13837808108049368,0.015117455580083265,0.05118425210329221,0.09033870884455146,-0.04187666354102368,0.10533880864922826,-1.6400727380926326e-05,-0.016373637403002687,-0.003162334023836295,-0.04065007355992286,-0.01008948226862259,-0.00540252278975366,-0.016797928370538066,-0.009373477975592365,1
-0.19679435577841028,-0.30443247674627333,0.13055469307544207,-0.004228239150985911,0.011277123754464607,0.0829623228604975,-0.04520819456158715,0.09516578115445198,-0.010578913214964304,-0.006078261045609746,-0.0024241077587106885,-0.03617358736509785,-0.007867425218038435,-0.00869090043042901,-0.01096440704330661,-0.0037990477630082202,1
-0.21405033161958778,-0.29166627387133653,0.11592189135898956,-0.007917008483488914,0.03295643147945238,0.07898251638645781,-0.04320524934765206,0.09762575779992433,-0.014129746538108624,-0.008175783007266683,0.005616905493743977,-0.03736321634397855,-0.009703990283467375,-0.0028251807457822667,-0.014352727980013212,-0.0048936420847575345,1
-0.2193420585624625,-0.30256842633641023,0.1074969132553751,0.0003831749542110235,0.06906501511186318,0.08702549379186722,-0.04617165152911064,0.10544760161823934,-0.018673584343496197,-0.018566148243468843,0.009006729380033463,-0.04562599279087286,-0.012075995595065465,0.0004196653482550039,-0.01937315365837114,-0.007679959721954203,1
-0.2109385402149081,-0.2955193595759886,0.11878816332264054,0.009055624133403174,0.046006268975862984,0.08469244976125344,-0.045322473435597914,0.10196234814578012,-0.013956258541416133,-0.010572920562833169,0.0036534024952050007,-0.04087640903406814,-0.009659139485089533,-0.0026007164994368225,-0.01510545619112725,-0.004294217099825682,1
-0.1980097024923334,-0.30409715457727277,0.11073567856426772,-0.006896062000313363,0.07747753433190702,0.0947689867061485,-0.044867570715677374,0.09985977444769871,-0.013679669495084677,-0.013227051619605884,-0.0003000571912556654,-0.04274814332526974,-0.008970712070757024,-0.002531023132758336,-0.015327099504370733,-0.007093674397067122,1
-0.18628958267540408,-0.31377655539379135,0.12972388245033498,-0.00854486225358249,0.02604051081691464,0.08643968935473771,-0.04228893194714466,0.10040388447995122,-0.005915587802522029,-0.02831446756507241,-0.0006417918713152173,-0.03896005770382057,-0.015057486461059016,-0.009853838451191184,-0.013817240524389691,-0.004770117639548995,1
-0.19303569104605736,-0.30991617130338267,0.1400304063602293,0.0025624152584427097,0.016607980281942696,0.08402972457587683,-0.043514724641377,0.10236872768181692,-0.0041702268088214655,-0.02324797898809554,-0.0013852487176927398,-0.03892817801203788,-0.01279865217279528,-0.011022957977563896,-0.014504924613888925,-0.0014098401790713976,1
-0.18667041204972798,-0.31181126869099235,0.12930761914007935,0.04440985830474225,0.03518015912142331,0.09230899447632193,-0.04966711188809595,0.10612953371544527,-0.010459639825476772,-0.028940140564396477,-0.002049894480569509,-0.04464375277923512,-0.014979073600982738,-0.007207537937765049,-0.01096094740031566,-0.000828405957782786,1
-0.19597486667860006,-0.31806047582805524,0.13031449440778847,-0.003647795906464771,0.018546260189599727,0.0858659601141185,-0.04476088577135187,0.10155449787766863,-0.010593651291023732,-0.025463989626417015,0.0007270294380739361,-0.04057081114164767,-0.013805967075578898,-0.008598389409014405,-0.015429518286202709,-0.00743528225535558,1
0.4025352429140976,-0.010632193770256622,-0.009420507056304171,-0.03749754231665302,0.01733052080745101,-0.06543702831719514,0.050148586674174274,-0.041315948089850695,-0.011369023650731573,0.02646761291827408,0.016095709318041464,0.012511325082873889,0.0013563761047608548,-0.010021487155913944,0.010286050775612843,-0.008346083561501754,0
0.4341641334179329,-0.004005875646240931,0.009868263369518791,-0.059149974536939126,0.059502650432555634,-0.07359217433963054,0.0424894053332614,-0.04116962393295865,-0.00975576978285518,0.03690794478726748,0.013196045747085206,-0.00375838766844577,0.014833888507134234,-0.02990235384908,0.01246392021984576,-0.0162616639384137,0
0.4334182326987988,-0.005075898100700509,0.003419339779992636,-0.05724428349131004,0.06186078763350835,-0.06981557389237954,0.04593895844905228,-0.04059416706944307,-0.007837344598187228,0.03502266857229526,0.014451393855946485,-0.004574849448387015,0.013797636861632424,-0.02709262702537865,0.011966381766639722,-0.016275594803030674,0
0.44403992268612635,-0.03318479819021375,0.007332030508834376,-0.08528186139291305,0.08267009944790252,-0.07523450665351233,0.054615759562693995,-0.04926674374797986,-0.004012359304897044,0.034639999241437604,0.01622410072412886,-0.0137849874081698,0.017124706458315646,-0.037556550842406534,0.011150315589198554,-0.020290265020993334,0
0.4252876034898951,-0.031723543246845745,-0.018544739713250148,-0.10349363668886628,0.06016676347155944,-0.057196728299175825,0.06230876641237111,-0.04846730518384924,-0.010319666300875718,0.03251679072157173,0.019960810081318097,-0.007653984607417505,0.01056606295799581,-0.021953428182496428,0.010691727598715568,-0.00906994098366831,0
0.43828667250741055,-0.041221722150945085,-0.018970381221276672,-0.06779156843638116,0.07123821515012037,-0.06084296512782331,0.06870620296560181,-0.05538441488861799,0.00329862956723941,0.033129690197686745,0.0238953124859445,-0.013511636350718325,0.013606595022618347,-0.02138288211007657,0.009482284646047405,-0.02466664009563563,0
0.4329319699681746,-0.04820978654066441,-0.02700256086205692,-0.0740593843834404,0.07606974826451932,-0.05441068608895866,0.0733247981663678,-0.05559457273770962,0.0037729464425767367,0.02800056277696967,0.025326225975809715,-0.013888781353634359,0.010950427862829109,-0.019544047646762038,0.00816219480616958,-0.020120504364648895,0
0.44708297150333776,-0.037564843569119426,-0.004688622459487468,0.0023515306004403356,0.05759495854605767,-0.07637509315766768,0.05976786767269813,-0.05698051900443246,0.01729481430189135,0.04015399463774327,0.025513166321915574,-0.018171062751975345,0.01726860110117486,-0.025823323016111698,0.016837604905045107,-0.02734419587634826,0
0.409728166761814,-0.03218513925228009,-0.016449617130370322,-0.051732159368139574,0.06940974664615288,-0.051792205745394726,0.06432983287124759,-0.043195810679534534,0.003269596465424384,0.02370730902497543,0.018184766017776494,-0.0036811959304241834,0.007414159149664921,-0.015688985119081563,0.0073728233993208825,-0.018887111871012056,0
0.40980849231808986,-0.023779718564897082,0.007880984896144253,-0.009297350118168865,0.03786660899354709,-0.07420106127228314,0.04806013942416608,-0.04397220987045396,0.002936250466640641,0.031148466118164676,0.015549937256431511,0.00161059013405397,0.009181676280118165,-0.022937712055336672,0.013781967636906726,-0.014194784114819328,0
0.4229178965002001,-0.031435671767911136,0.013333295099590149,-0.05732858379651298,0.06029726567473859,-0.07926814543024985,0.04967332593337035,-0.04601136403962015,-0.00575115337936939,0.023928235335386933,0.013326444814814604,8.512623173280102e-05,0.008833333930139717,-0.031031199729069293,0.007300741924300928,-0.01790361368358701,0
0.41233806497437586,0.00389047759354834,0.032226673913073836,0.004614449948686389,0.01618902881723575,-0.08969281212659182,0.026293012057753702,-0.038874449862627815,-0.007624598172535551,0.03138803037459025,0.008233985251797015,0.014562721619372386,0.006849624650090615,-0.02451389468772128,0.01120216481533853,-0.01519491889342144,0
0.2799038209338993,0.16613891824468638,-0.09588100078243568,-0.11011060184878925,-0.01099561423327145,0.022734256689640138,0.015642958098039346,0.029544933204268806,-0.023442993459583877,-0.0003109231456978634,-0.006015392172979764,-0.018868397798401586,0.0017599584421805403,0.03396497978958742,-0.015532495200548556,0.029084007316885832,1
0.27733603967108794,0.14752062378411065,-0.09437459077703786,-0.1606053895799298,0.01490759848713691,0.024796397596277733,0.0197891255659377,0.025947582523302315,-0.030216715348081687,-0.013192904733880823,-0.007747219387975337,-0.017212189960284875,-0.0038902432928580085,0.033692528519165744,-0.022296342820731258,0.031674659686166645,1
0.31956483038553074,0.09466602132945448,-0.033762835677167966,-0.10589991790370867,0.017046762086452758,-0.010501845654285967,0.017378698492582202,0.005100572032528045,-0.039491601621894565,0.0023725597550461543,0.005108331151981018,0.007454515240462381,-0.003648836337813772,0.014842586107269108,-0.012726910602282647,0.03147974597897408,1
0.30639501362415045,0.15817623870926073,-0.05519014003566548,-0.12915567596934402,0.03100422144152427,0.017124676749463982,0.008680391372248233,0.0263870059422275,-0.0447770578621674,-0.0036524306191122904,0.0019724612034487977,-0.005829630053030322,0.0031895842382341903,0.025198577126395408,-0.02224022344325826,0.013794825301848345,1
0.3067786400846538,0.16174563246333917,-0.04641212111621057,-0.10830436703052254,0.01963545459905315,0.013034287539747967,0.0036859357272003594,0.026517351670539854,-0.044936521705184536,0.0028256700026148824,0.004016869658034801,-0.003969416219394821,0.004890032142829714,0.022248866914223137,-0.017332190139188245,0.016654193114650516,1
0.3089822794175791,0.13770615550646184,-0.037372589125802325,-0.11810021333473543,0.0279753356131288,0.009281509429471153,0.008106401898048891,0.019213446193570443,-0.04281485514087388,0.0054877393534449904,0.0033313252562938186,0.0004420472312065393,0.0038078658251773905,0.020518177816446343,-0.016889200498061613,0.014637852728036695,1
0.30632333795086736,0.15695996217685426,-0.03616559427516609,-0.1012313726814999,0.009428392641460809,0.006779801228317092,-0.00018998684519036475,0.022558147979219994,-0.048093148502452575,0.004889938520023654,0.0052634055802197564,0.00033228437026936646,0.0034755587511869908,0.019816632607001252,-0.015329468329970298,0.02064433694200165,1
0.3188842062821894,0.1374574376174718,-0.02234061432716142,-0.08988271747158053,0.009316760778854257,-0.003437107636294404,-0.0002791432998913283,0.01490175162353665,-0.046226487856817426,0.013654378304979726,0.006794297484774009,0.004431819360200066,0.005114789458988927,0.014390121907422584,-0.010745936398536526,0.02162831316616576,1
0.32931962672269904,0.12795407329598973,-0.0153851740510175,-0.07716787476467055,0.009947262731311279,-0.011291729274201105,-0.0005576864076153034,0.009965077763736715,-0.04438135193008564,0.02001610946243853,0.008296916917738626,0.004723063241514305,0.008117890946294271,0.009154035200706505,-0.007360064906234984,0.023575809298153807,1
0.3057126781206025,0.16301164872140372,-0.04418362072227139,-0.049556011307866396,-0.013291467039739746,0.001342220448100367,0.0024486112488095145,0.024665295918597317,-0.03805921460042905,0.012459168353881627,0.00657608781859383,0.0014182250875977305,0.005372345138863369,0.022835947705543543,-0.00960137156189293,0.021370240975627397,1
0.30111505762092566,0.15553113404899552,-0.040786926316506183,-0.07977658587850672,-0.00579052272113153,0.00443432215363786,0.002796180482708222,0.022145149567039706,-0.042075177231495654,0.009352371198812213,0.004819448998055021,0.00189637296069682,0.0034703791069873096,0.022524107390549917,-0.01225005761905736,0.02075740288606591,1
0.305887283379734,0.1507710521880616,-0.04673637981009192,-0.10373140092688905,0.003258810608188452,0.007555335425138397,0.006202040216336967,0.021026827449242096,-0.04383463316820165,0.006327688989595399,0.0036303272291337853,-0.0013107555462143082,0.002611498534863427,0.024154979038847117,-0.015637590996143407,0.01959303923142276,1
-0.08024550396874898,-0.2644199394523946,0.02517173717047022,-0.06669844147884364,0.05425833414886692,0.07315384977183145,-0.015534782668476813,0.044263052007147884,-0.012769449896255378,-0.02212449513884028,-0.005065008757240026,0.0031605952183260274,-0.02903251094687785,0.007796874287927548,0.023388951432226444,-0.005730109907760446,0
-0.0783099484611738,-0.25557287590124755,0.012991831959079993,-0.08350027563617989,0.06563832362782619,0.06885476579133369,-0.011386747686298805,0.038849470431565204,-0.013347722493317813,-0.018967648523594456,-0.004916376154377638,0.009050270331142604,-0.029788200051615737,0.012832018270435362,0.02245924792254038,-0.006535096037972999,0
-0.062446777374923726,-0.2583272760781551,0.02518695796721613,-0.06996571979769468,0.04477415991821185,0.06932977958447782,-0.010426314806484439,0.037641873345625826,-0.011467675321528807,-0.01920495987867957,-0.006623506178006813,0.007209238851250967,-0.02850714562095255,0.006473931415384554,0.02710337419004081,-0.0015041093707833747,0
-0.07415549733613114,-0.2656234400115904,0.01390640760460968,-0.1094636637483661,0.03137756826999049,0.06188281334598432,-0.009082283887218608,0.031490499794325486,-0.01855233993578777,-0.014555051411464731,-0.006211515942704567,0.012966157851110232,-0.028268461722476813,0.010412638927865963,0.022522303097655672,-0.00379394632466227,0
-0.05848438884084843,-0.2656746396994926,0.021993920583032244,-0.054885700971809746,0.03604944145236983,0.07182347306775823,-0.013507589958816901,0.0369226617057846,-0.013419504145990012,-0.02729876263295017,-0.004289122549106644,0.0035167377638117233,-0.0313575959611822,0.005639152846703819,0.02745757863529123,-5.845735567409881e-05,0
-0.051377742020227046,-0.2534718340861496,0.03976703787081787,-0.049783831967646366,0.04724369126208295,0.07107915633341502,-0.010153356469334199,0.04420459753612911,-0.003401283457307096,-0.0252903736203793,-0.007118102566083943,0.002240413558129762,-0.02898603463722966,0.00033998956884520213,0.030441743108150888,0.004006316904175374,0
-0.049926486410183074,-0.28028615008127666,0.06522738437176374,-0.06159761567834818,0.04169454466312125,0.07706914599616864,-0.013594313118001225,0.05134451347307168,0.0012418428722137354,-0.030347778951685327,-0.011369821845260622,-0.00763275209024708,-0.024724972298661614,-0.011950715422662638,0.0269199363430832,0.0030368088056672146,0
-0.04892540296453326,-0.28008179080287576,0.06697529478135127,-0.03653816027669935,0.03391149527967746,0.07746527678117314,-0.017351292423054342,0.05436469799299149,0.002395025792588331,-0.03646151528299161,-0.009856805742630457,-0.010269731226526907,-0.027261396291196564,-0.012667951520927697,0.029458153310815964,0.005188220255698839,0
-0.04150695887371919,-0.28091554796802304,0.07501963384798077,-0.031510598320926765,0.05928162892110221,0.08446695685377388,-0.016060474962234478,0.05746127800514411,0.009868433905841233,-0.038067391542765276,-0.013549684905533346,-0.014958810320621881,-0.025136064566577847,-0.014387648473879537,0.027672765190146054,-0.0015277989196876662,0
-0.05058216857497468,-0.2707496865209104,0.059732918194758296,-0.061414392612182046,0.03689643374839736,0.07502557583016438,-0.011309903079442752,0.047509359161711125,0.0012782809543741501,-0.02493602289310648,-0.010752785188611448,-0.002966024127256308,-0.025093953364337482,-0.005957614728606517,0.027600718980048396,-0.005661173266203239,0
-0.05184195173297563,-0.279800147409527,0.05608392664856393,-0.04494858227960074,0.030609386263346083,0.07689475148118304,-0.016598463969527667,0.04801227252772607,-0.00396298824126043,-0.03028157773078167,-0.009331153488133525,-0.0065992776376346644,-0.02629395948647007,-0.008542825675947847,0.02901548301082513,0.0032735540423117567,0
-0.0433161346142846,-0.28994872423345314,0.07561347153638291,-0.05246393673160501,0.016236506464177954,0.07364366947311816,-0.017894962068713525,0.052503363977029135,0.002655663062136479,-0.034734126041595544,-0.0112600659510019,-0.011452974704522164,-0.025008969929992613,-0.020356394118890397,0.03136506383350023,0.011306779555611332,0
-0.11745153563349908,-0.2736073361491481,0.029522612930982392,-0.007282576305845905,0.14419288455592644,0.0983509057241335,-0.032924900081112575,0.06262784518443944,-0.011827817352221758,-0.03290388254320013,0.002308986510474853,-0.023369438984252602,-0.027300867788028243,0.018073413775725827,-0.005628455007076705,-0.01117855308195513,1
-0.11640622717297164,-0.27956345232699525,0.0325419903899602,-0.0316961401267434,0.10673879945202,0.09073802207458616,-0.031087979963603737,0.05586301288605112,-0.015147070103101038,-0.026467330607966712,-0.0003861206265980579,-0.01667340489326517,-0.024859858960067437,0.015833312188715094,-0.004023060884244373,-0.012690504682177872,1
-0.12272819265114646,-0.2679214480803526,0.03609258935313869,-0.036401520509344254,0.1330377479815777,0.08982012478973232,-0.028322291323595147,0.06257267856770822,-0.009273856337729688,-0.024668731975220792,-0.00034236111683823186,-0.016500295541305905,-0.023952290077072974,0.016644911700175524,-0.005785114209635103,-0.011313081935496535,1
-0.13546599787823277,-0.2510073502738665,0.02683811575689685,-0.025660013172600114,0.15453762017183625,0.0864193636973915,-0.029651755141175865,0.06559017759050426,-0.007783757198166734,-0.023827268587932483,0.003330728746212916,-0.01511787664806299,-0.025736927444069864,0.021951743512702026,-0.006585048425239913,-0.013037503419556588,1
-0.13241254085329632,-0.2360289079284536,0.05024945800224487,-0.03420505459012225,0.14482363640330043,0.08188257081260933,-0.0224022884358152,0.06934284238305263,0.0019749237920776482,-0.013991356595363819,-0.003515534914083527,-0.009122918027189333,-0.02016082400811584,0.016727644648811067,-0.003955719020940822,-0.008979141659305596,1
-0.13750573579407083,-0.25435541491151914,0.05322371850582002,-0.09051727887099992,0.09045535572984915,0.0692682332822039,-0.021052847628242412,0.06029216694435947,-0.005391020507168188,-0.008508943736973877,-0.002808190359514902,-0.0037897978401753574,-0.01804881259268658,0.010959372133069698,-0.002923798493603514,-0.0031526889520081206,1
-0.12955612324908478,-0.2803905178304473,0.03162271104805973,-0.024821326485909782,0.1055408654063868,0.08942079315192741,-0.03580901883807227,0.05850775211564577,-0.019194188475832045,-0.021162351013069083,0.0015119191146473624,-0.018917535865020707,-0.023258351688890993,0.016021685443873408,-0.003924218411894338,-0.009189520717800154,1
-0.13452603934987856,-0.2716121751121839,0.03242981719952106,-0.013706525495518004,0.11381353608991236,0.08794874915659825,-0.03635881888409731,0.06311373215762747,-0.01704174679268102,-0.021812430850368724,0.0030385293812867087,-0.01970548512786481,-0.02429387413977057,0.016394771729064415,-0.00339858466442151,-0.005923870905308711,1
-0.13273654301577148,-0.26415655206382693,0.04645522303019014,-0.039067697120813524,0.10163584198316132,0.08196918096402941,-0.02878516564495626,0.06404849557989527,-0.009313872082075045,-0.017744774949206753,-0.000989254622101257,-0.013496975709576661,-0.02182413880460587,0.014017600214205748,-0.0035803043112717773,-0.010294282650490821,1
-0.13237610617955042,-0.27035829227057584,0.027184103180879427,-0.024222361119220687,0.133233115896256,0.09082505036703042,-0.03385193667011297,0.06277645711646435,-0.014171800108958537,-0.02530374843640442,0.0035496780369342067,-0.019528757330940116,-0.025656048217362015,0.01918447405117594,-0.005569218041657884,-0.012633104391463847,1
-0.12885675309703604,-0.2685622703014136,0.02874853434366513,-0.01583239967264582,0.12063326828317783,0.0893008580481852,-0.034296258402297795,0.06159244171355644,-0.014677038900742775,-0.0251418026395592,0.0030467752940495146,-0.018606854510837715,-0.026044859258914983,0.017883733788633425,-0.0032225516125452486,-0.00926536710126938,1
-0.13039197275312858,-0.2684412609333576,0.03634585619198148,-0.04040095481063605,0.09808638190642975,0.08216701957804103,-0.03062958775792511,0.059552402664234984,-0.013655458342288342,-0.018757514281382563,0.0004854063806516965,-0.013406950525924444,-0.02322663104313085,0.015385311143618708,-0.0026196238048427885,-0.009536708863427211,1
0.4193862614728223,-0.004874903539827121,0.019136155495445735,-0.005146611114882263,0.0376624633007496,-0.08736324899166976,0.03815412755508825,-0.0361689093920791,-0.009242689753440331,0.0195489469934099,0.010116755067215983,0.015704284948178264,0.00179486054531899,-0.024481283376055648,0.008036542875230741,-0.009536377486079136,0
0.4010423890507803,-0.025705067801439628,0.021329638731681016,-0.00802018980227976,0.028436993956470875,-0.08669587956154862,0.04143083759199464,-0.03951901934219213,-0.006597843451055741,0.01822953218709584,0.010350087119205521,0.0171608889373006,-5.788581731590703e-05,-0.025944876998236714,0.009883910865394667,-0.0031551987289108185,0
0.38023465293626835,-0.014088503991468649,-0.017163627145868224,0.07683061117259353,-0.0020007513210132917,-0.06058671731848445,0.05138453600522294,-0.040028816397430875,0.011991773696850831,0.023757607632538192,0.020796892075767622,0.014553136748681715,-0.0035715046703605653,-0.0012247327000787557,0.01900956276750759,-0.001129838316385896,0
0.36277001586915625,0.0045950256344337095,-0.02526122347071465,0.033817445684781115,-0.022561200015633005,-0.05553593944481653,0.044929256997066354,-0.029897674394952885,-0.004998227648979742,0.015211119002664992,0.01595358426910979,0.025801048586974178,-0.012901558681116271,0.00520140869650804,0.01638827994454506,0.016182827509067972,0
0.3630761513531367,-0.023022583240939067,-0.037061326970737225,-0.04735976340219375,-0.009416939948162244,-0.04865205113497533,0.05611482114699664,-0.03636505199661155,-0.014868149745737452,0.008003628897991562,0.01627877689962105,0.021017612066056086,-0.015751553899460195,0.0018333377455417054,0.011046584260771616,0.024551311246147813,0
0.3639151303530327,-0.0021104803148434357,-0.034846227754911134,0.06294234543236388,-0.013732111740568669,-0.04688307395422736,0.048294468259858135,-0.031807426966064034,0.008072042869575323,0.01732287935338782,0.02030552969272146,0.016074380414744634,-0.01145430419236348,0.004809996166357104,0.02235627131232696,0.02027103796973233,0
0.3552018471455002,-0.0003670850250765291,-0.03335367325195782,0.06506385142257891,-0.01005761836605276,-0.042762471121253046,0.046725470474042206,-0.028407301633385826,0.009605911626337053,0.017661119500094902,0.018618508617293316,0.016309102603022513,-0.010833908803350903,0.004880271713280938,0.022974633586067477,0.021033488704498803,0
0.354425799293776,-0.0036854496180814575,-0.024761017007625626,0.03776165968543202,-0.006159671654253951,-0.04520647851126871,0.0457897001941453,-0.028200759595464725,0.004771939886309989,0.02002254101909995,0.01606875552673437,0.017179715821186298,-0.008115003995292752,0.0015129384270743014,0.020931320801291453,0.01721315098655341,0
0.35014485732590506,0.00571096049399472,-0.029031552170061068,0.0537095050490644,0.0037259675573308873,-0.036036822027448866,0.04491847432094597,-0.021502782732619654,0.011589880284527676,0.021004437802811048,0.015277656696436707,0.014759626541919094,-0.007573098651765205,0.004746232694775782,0.022440061637582782,0.0158350422253608,0
0.3454423275687774,-0.001663022847097626,-0.027699737752299815,0.01276231284797465,0.0265100984493479,-0.031166239543882222,0.048525822178161954,-0.01813290124171267,0.006700125912631811,0.013641428354316351,0.011997970125738718,0.015315132342299833,-0.008685850814953726,0.0017470891304390667,0.017004062717621532,0.015348627415655283,0
0.35369948288831815,-0.030256061722880093,-0.01706532596096128,0.020606377243993987,0.03309711015481598,-0.03769891362429556,0.05341650222686062,-0.031110291322241825,0.01367537490478734,0.02178129891600901,0.01562967486002667,0.007060536242398045,-0.0009298575488794451,-0.007738979858862316,0.01999012834517987,0.00815507855996811,0
0.3541413313027648,-0.01900897007829431,-0.03500395125281072,0.04173450765338758,0.010953794378257478,-0.03568762768796858,0.052589510259560907,-0.03250269609790907,0.012335668533216462,0.0169288523861394,0.01950096314177099,0.009144483983021232,-0.007862757706224882,-8.990419555844972e-05,0.022543270128071172,0.020302586112280602,0
0.21266947106849765,0.16326872605290432,-0.14569752228930707,-0.029220859382509345,-0.0630537950593548,0.018710325254455235,0.01842812856223385,0.02392568407890991,0.02583208090747595,-0.01367313432341234,-0.019019586337489937,-0.017703963239798566,-0.011875473602731662,0.03819139222395646,-0.006966712095155817,0.041917692596738686,1
0.22445079305146023,0.17366381357770533,-0.13569440480937242,-0.004272261222849638,-0.07335199418027935,0.01578504104963066,0.0169624706021044,0.026251732809687546,0.02045149761502864,-0.00692139025344437,-0.015012578962689758,-0.01531038086600662,-0.008103074596816076,0.03767894378789569,-0.005705633330959189,0.039982479939516834,1
0.24313903952562727,0.16981435163842265,-0.12017857331624142,-0.03113654276621956,-0.0510293925397807,0.02084115403119608,0.018865150654697363,0.028835392990704457,0.010192134345317244,0.0001748709486254619,-0.011845373452591781,-0.01523382524031224,-0.0031555540892801675,0.03969740251890171,-0.0077970039582733654,0.028014460059602588,1
0.2305505233743133,0.1821916479811284,-0.12599142092103308,-0.005147376517580393,-0.07817492485939552,0.018220882334981026,0.015490175761660447,0.02769911385579907,0.015720592026687068,0.0053612602556528995,-0.013389736348247003,-0.016413930836297535,-0.0005999867890005368,0.038539712270735396,-0.004525719309784715,0.02975636920245461,1
0.24148721094755188,0.1955275831872352,-0.1100191974637192,0.011402725617850447,-0.028103730977339317,0.02416490932685497,0.015366337397135358,0.04381395331759557,0.012817125356693874,-0.0028985346748924444,-0.006708150773695174,-0.01153077810254471,0.0026677502488018302,0.030936176157730772,-0.00558182879522753,0.017281268197973806,1
0.25773585754083195,0.11382010748617775,-0.0661239669365017,0.005206337127259745,-0.036170435181851236,0.0007662698497676156,0.021583793703175976,0.01798902124900245,-0.0012890482753436963,0.002845888786251938,0.00032557956240970024,0.011430670881312822,-0.010905852419784324,0.03268434129727501,-0.0006467011085365358,0.033343142271191825,1
0.2675544716053302,0.15714786396308725,-0.05579181056211671,-0.002398928665163167,-0.012150629871834595,0.009442714228897874,0.010619859103252178,0.034650058998575366,-0.010581194093860716,0.0059983106803360026,0.0023588183646230526,0.004382634319428005,0.0008128571965773953,0.02540335636101938,-0.0018802837560426262,0.023808185385231596,1
0.28520707588511557,0.08185631783637794,-0.00558712571776941,0.04497478106801785,-0.051847576148387316,-0.03249433025512164,0.01084779144225644,0.0011855858706803612,-0.012083114182452104,0.021914392175263777,0.007065367282287027,0.029320365840764872,-0.005869008353943124,0.01833821057561732,0.006103652404659031,0.028379974008995387,1
0.2784679109721797,0.14371789858633668,-0.0159535472449859,0.006043119921342352,-0.010778775585896842,-0.00500680821152907,0.0006949762180056068,0.02628971019210616,-0.02184320191535794,0.011223825217722201,0.0046046642995305415,0.017894777564719275,0.00016001874365548376,0.019436451494748232,-0.002948112185744645,0.019396367731007447,1
0.28476709693257785,0.11890567501929636,-0.005044614476855346,0.011411050440840826,-0.04994593013368358,-0.023367863841800916,-0.0019863281212405062,0.010289057649880263,-0.026947180802094354,0.021595104793278194,0.006809687740403281,0.023171737921802868,-0.0023542306489203637,0.016863929393934787,0.003509828770450655,0.03222977837276536,1
0.29186461099925926,0.12112284405837288,-0.005391261203010879,0.014280074996299475,-0.016651002639185723,-0.01673496098760573,0.0014250445819864762,0.016326580640248892,-0.02063337659063713,0.019569503884439034,0.005809724500561006,0.02037459355161874,0.0012717687725340857,0.015363237244304325,0.0006413505254802766,0.022666223502180564,1
0.283087927511807,0.13920366506681608,-0.014200936286375714,0.013378706117984144,-0.03031791147438843,-0.01334871582811584,-0.0010497666356387783,0.020306966830582345,-0.025333212491831892,0.015475452055980844,0.006168066171206965,0.01978946155359241,-0.00035377469948718536,0.018941948858086248,-0.0007079212799450636,0.025285166226164814,1
-0.11993989362714724,-0.2971903409815806,0.10527122598844356,-0.07288724374404258,0.12290721157314032,0.09341865494875609,-0.016614545941482584,0.09749858310339937,0.0169741531485601,-0.050295750030582106,-0.008926493547162856,-0.024254568039309636,-0.025595005576214528,-0.012359477065818874,0.0029864697969959066,-0.008795733467028487,0
-0.10639077333150164,-0.2943119811073159,0.07673835840437909,-0.08272552597272206,0.11428308924319626,0.09031173866452229,-0.016146164402674072,0.08276164239962906,0.005305118472021303,-0.04403668839605953,-0.007067844694956763,-0.018228918163925033,-0.026319497824796336,-0.007652739118545967,0.009303666426120532,-0.0061242589919970674,0
-0.0838018557021347,-0.2879926717649181,0.10544419404578204,-0.06977800312760446,0.1059617118259279,0.08956371273753705,-0.013934591049751045,0.08558287963133937,0.022172698899775377,-0.044179354063647765,-0.01501462357918929,-0.01958149034191603,-0.024461206469489603,-0.01833342615223662,0.013025516299145674,-0.0010052825403573556,0
-0.07749079927741369,-0.29678267360711164,0.07971562441670246,-0.06887502418275573,0.11144110826559564,0.09333008766349167,-0.014002559547780994,0.07987975618220346,0.011545255355967655,-0.05245020496406172,-0.010491148706571148,-0.020104958413818003,-0.028823156413267378,-0.012591652200791446,0.013370191376065202,-0.003827155338750466,0
-0.09351177723550907,-0.263161128042337,0.07526880890940194,-0.09496959482443028,0.10209891544559316,0.0787857786006372,-0.00851966745105809,0.07372656655490128,0.012422457243331065,-0.03355505826997753,-0.00801146648629289,-0.006167093361302136,-0.026039797891841375,-0.004562700658314956,0.015359967235704512,-0.004193626536603406,0
-0.07320518373700004,-0.29622457346986786,0.12084964089269526,-0.11327303350374487,0.07867565087218459,0.08113314852728008,-0.010445475107697869,0.08166703858337768,0.030068343915569076,-0.04984720466542451,-0.01403456353133679,-0.01819100194795558,-0.026075044623067062,-0.0273217838559267,0.011460036735248693,0.0009712611557593527,0
-0.04708867197809969,-0.2958513935391601,0.1273913180281596,-0.09803865854055627,0.08333266327154809,0.08205103451267201,-0.012561407650991447,0.07730217831677402,0.03654447681854108,-0.044221847409947355,-0.020584129789630336,-0.02256916417539406,-0.022609490655446613,-0.035999342390639566,0.018570457442168956,0.00602353528391214,0
-0.05244483823317319,-0.29967902000136987,0.14775166473412357,-0.13269088942364987,0.07509410180416812,0.07821180874054617,-0.013366631026030059,0.07625001227421269,0.044685168759787154,-0.040722421844036565,-0.02088463920182927,-0.02336132034934701,-0.02090174669697298,-0.04316697166722654,0.014468473107480218,0.008115797176486193,0
-0.059187563512453134,-0.2937635032128197,0.1517056576562692,-0.12543679986625333,0.06864268582610758,0.07670374985951295,-0.014438008079040636,0.0779553448839444,0.04630927196079878,-0.04088127756709145,-0.0194407734984499,-0.021741648277569796,-0.021826919133205957,-0.04148671236961357,0.014411351771639056,0.008476974635937128,0
-0.05733870262246755,-0.29383421249880065,0.15844075751071868,-0.12360790581331393,0.05936218675339085,0.07413412239709516,-0.01690259423358607,0.07685172106366692,0.0490443263476058,-0.0390933316656519,-0.019755040558783004,-0.02244154336733552,-0.02149322129525635,-0.04482068967789179,0.015689264594369732,0.011321656649667337,0
-0.046890471260734326,-0.2870513340891295,0.15844265366776458,-0.11102846945290608,0.08659437962084102,0.07803411413151456,-0.01543456644933615,0.0832585170821686,0.05755343357212891,-0.05007161798267315,-0.020101971382885088,-0.026595860146149754,-0.024375488284385443,-0.04568177564008972,0.016230544385394167,0.012091573278824553,0
-0.055240107953660994,-0.3052252571478499,0.14902639202243606,-0.13485262837781767,0.07317611413890653,0.0782485758780663,-0.013964659533154114,0.07773007781262653,0.04397261852462153,-0.04276693627080632,-0.020719181698755775,-0.02397285211452498,-0.021390824697925737,-0.04428450146520605,0.01316562702663553,0.00910588614520206,0
-0.10949205475577536,-0.3106026010948027,0.09820765979645,-0.07585198250304068,0.10545945103360078,0.09373121136019161,-0.021555155864593622,0.0781491601113116,0.006566492777643262,-0.03416897692540864,-0.012874401715513859,-0.025756472521464194,-0.017803217871934923,-0.008380948689351988,-0.01003035484082388,-0.005697049176644613,1
-0.11074399661420446,-0.3216320065272331,0.08787415677398992,-0.09540833846340781,0.08991065987193675,0.09154098015688932,-0.022139453483501298,0.0709405961883851,-0.002266360577791601,-0.03131038212938448,-0.010991767615470311,-0.02396591756484101,-0.01703227008187549,-0.0075366710957028744,-0.010257370360332385,-0.006399715076042867,1
-0.10265047304631844,-0.30515738611571674,0.10571135724023963,-0.09300955653884913,0.11212757901876184,0.09274027509663922,-0.01813769997978735,0.0756801845300764,0.012488898790477208,-0.028377036873505665,-0.016786345619079962,-0.02361561948132757,-0.014748841780184454,-0.011444634827941929,-0.010418145639385581,-0.0037536299368153524,1
-0.1092255049459759,-0.31427147364214736,0.09531806667418166,-0.1189871794892178,0.04485833062358588,0.07838823321329623,-0.01953093540737236,0.06444345152881822,-0.000165092817523079,-0.02182905172044649,-0.010792504485493548,-0.014736979589881898,-0.016634335604278672,-0.010544486698643439,-0.00633261470166556,-0.00467275660234412,1
-0.0811088607770033,-0.29175612399039563,0.11642949423438746,-0.08861724944635699,0.10263668186281542,0.08774784998519007,-0.01459533097730858,0.0755617231005767,0.025608468808919344,-0.0363028105221301,-0.01811257776967955,-0.021560549684792985,-0.018705995183140638,-0.01711531970526901,-0.005778971479750234,0.00034755867209739167,1
-0.0829535276659985,-0.3103205874113986,0.12367847122757081,-0.0989553250632704,0.06876032981026592,0.08394503397591264,-0.018484803674750545,0.0703112220370999,0.02030699209023593,-0.029222366660794623,-0.020150533521690904,-0.021827461329062915,-0.015513164549653357,-0.022563374076165734,-0.005193914628851855,0.0001552166451501577,1
-0.07718853671864483,-0.2988155341096926,0.1309417143174902,-0.07925245128951834,0.08529736185231365,0.08601230445864451,-0.01861838682952109,0.07408585141801804,0.028763047401414943,-0.03141660779393578,-0.022652442454931983,-0.02391007554448123,-0.015565162336237337,-0.02335525120858338,-0.004565227040606795,0.001074639268226269,1
-0.08078216439881103,-0.3164860765632276,0.12499038737841184,-0.0833278826172853,0.06299868190825465,0.08562053085070728,-0.02157620782081878,0.06941330651373587,0.018432410797277813,-0.028679538967886515,-0.02234156057268526,-0.02404597128950438,-0.014210863105815633,-0.02346487980285314,-0.004129250080236666,-0.0017783815299698396,1
-0.08300774306505629,-0.30170011728938095,0.13799262565035042,-0.07979960735964292,0.09051670491069924,0.08814703950087183,-0.01942884069774986,0.07662009426380101,0.03087027675568185,-0.028708049015504968,-0.024769720773248384,-0.025130744916000494,-0.013776114630868374,-0.02397251475107043,-0.006962912503285273,-0.0015934550623677047,1
-0.08293719461914245,-0.32144385862255026,0.12606323159453636,-0.10162810861787439,0.08672228738622431,0.08958289000811082,-0.018547032677632903,0.07363262351231072,0.020971782113591485,-0.034495627442449696,-0.02233686786332659,-0.026692129578142328,-0.014828771034346527,-0.02476222424425338,-0.008646085951971963,-0.0009613862571852037,1
-0.08280198799563485,-0.30223966594011736,0.13649408483387526,-0.10728919282422411,0.07401790276375356,0.08240663953409255,-0.017543225768743502,0.07254570681058382,0.029189660376224145,-0.028043763749955937,-0.021350431487556054,-0.02160963855002699,-0.015005633812545464,-0.026174596662318885,-0.005609419329061603,0.00341882412175365,1
-0.0761969564021315,-0.2961724265138534,0.14186907708297122,-0.08933260857227668,0.11479320907458583,0.0901799892993654,-0.01622174465638815,0.0804224281817617,0.03906548684219126,-0.03547390969511873,-0.025174256684862676,-0.02715087623472129,-0.015343439421909778,-0.026821067327907434,-0.00808313174992345,0.0031051186876307176,1
0.38378451084844073,-0.104207054964104,0.04478590257146111,-0.015114130631255877,0.10367714522497251,-0.0730165763143896,0.057723470429183694,-0.04754169135597425,0.03242806211367224,0.021800354165841897,0.005089374672932094,-0.021444975769101995,0.019005970998497573,-0.04681433315563549,0.00810861452812026,-0.027435499943361395,0
0.3789687765412742,-0.11621374784798363,0.024530548647857687,-0.03445973426864013,0.12701998722023347,-0.0535497745938714,0.06963822309557871,-0.04758530698346308,0.03236448723785511,0.011507966717763548,0.010576436388426192,-0.025022709986034637,0.016932685217393793,-0.041927008381163304,0.0046761235391871315,-0.02711999395072156,0
0.372721726251086,-0.1193113757759424,0.022733493417398245,-0.04460195773628739,0.10278764534652521,-0.05617284860712677,0.06881530404540709,-0.051191345193056875,0.026014929403006915,0.012341531374173133,0.01248380192313344,-0.01877326546264948,0.014530941440183772,-0.03867159330076843,0.005092141302766538,-0.025576172195251157,0
0.3820835312202193,-0.11546166085980382,0.023384674089486492,-0.04488559391947812,0.1304455444472797,-0.05189643105298706,0.07072765826983153,-0.04762378392565302,0.03251595472784715,0.012380826908387278,0.01094501477313074,-0.02608762812486059,0.017408436543956237,-0.04141353922573142,0.003937585042082752,-0.030472896835216153,0
0.3825789323988988,-0.11873067274226463,0.02386132611714819,-0.021212347514043235,0.1240098132010843,-0.05566780245839426,0.06929530153722215,-0.050041678807080964,0.03496580716993673,0.01246314829494091,0.01295919735910231,-0.029203702291627123,0.018552326419506833,-0.043022092933531875,0.0063285529539139134,-0.026480928457373598,0
0.38320474074239386,-0.11871537523245633,0.03451940982536731,-0.04441210019984977,0.11638549509926345,-0.06653568836571723,0.06612522300051196,-0.049410985813716994,0.028585350601614396,0.012838293684426563,0.00887843219893737,-0.02342182238677736,0.016815802390994693,-0.04705659321570867,0.004122580939803575,-0.02559406827829578,0
0.38627396656411833,-0.12123584930326456,0.047132993803347234,-0.05922020774403551,0.13903934463325754,-0.06999989379254443,0.06550559708970409,-0.047603467020110216,0.03044415217830869,0.014247475325980337,0.001897972635383569,-0.026979231871719345,0.019998199964426474,-0.05429074481223904,0.0005808126653544788,-0.029626873256667158,0
0.3861669767226524,-0.11648437315856129,0.05404026725168248,-0.034272236887450944,0.12709293925566642,-0.07576254614330474,0.060468508054362075,-0.048014373954071966,0.03407667294815379,0.019865080412013025,0.0003856841089719052,-0.02690171052863602,0.02175028030378381,-0.05418361436972683,0.0032287234082215848,-0.031042045647696474,0
0.36753430762372336,-0.13703734891566288,0.0360649637187443,-0.08363011959346543,0.11437323656512152,-0.06400817778294396,0.07151814008925025,-0.053452794791492605,0.018887934852221924,0.009121737797901711,0.006093588768485952,-0.01584447225496521,0.015217741128575728,-0.0460896766982892,-0.0031460595965338775,-0.027822094723470026,0
0.3853507089859534,-0.11648187696209769,0.0482550094670917,-0.010967082819523107,0.1460819024667848,-0.06812135530757382,0.06645391015044394,-0.046602040884731584,0.0406441193912537,0.014171823574117505,0.0006345605656767374,-0.030169522994197357,0.02271450835524767,-0.04950522085563114,-0.0008871679154469746,-0.03949068563247314,0
0.38410683803281037,-0.11665253791310752,0.054922994537972336,-0.05938851516921891,0.12528569598654152,-0.07588154008100621,0.060053646559507644,-0.04878344283896095,0.027928174645364817,0.019165657639338404,-0.000832402368501931,-0.02299002764908194,0.020090306384592138,-0.05512026507263792,0.0017344073430501789,-0.029650833015546146,0
0.36877580167334517,-0.10104743001798575,0.05344969822660209,-0.02282665774758146,0.12308637500391886,-0.0654284696341562,0.05457407976265585,-0.03850241412960076,0.033380216588605384,0.020227195921899404,-0.0029418533671354977,-0.018579648458830447,0.018238755133973984,-0.05036104079007576,0.007238411628891069,-0.021080597655468197,0
0.2763944480694701,-0.0070986095324875615,0.028390484816887503,-0.11960156368433603,0.050244521392779025,-0.009349440623474418,0.01866392230739421,-0.003486607200961835,-0.0013806392633469577,0.016349755315900386,0.0002495116365110278,0.004262267232058072,0.0007088289819254754,-0.014613862178609965,0.009361147592571247,0.031014505414435622,1
0.2837529139484032,-0.01444005073541212,0.035551616666822286,-0.11394389139265555,0.05432536828465479,-0.016197188817042442,0.018316418795836578,-0.006761650302049184,-0.0006854744587577388,0.01640030601674369,1.202824137381688e-05,0.0045781045871081,0.001459170194481987,-0.0201583147542152,0.009148272131693806,0.0316021572166314,1
0.2808327846413723,-0.02444584718342166,0.014457032646680653,-0.10019829811259938,0.04785747182604016,-0.013075342727836753,0.031867806978957754,-0.007528232573919212,0.0038626844608648635,0.009107991650717738,0.0032028832648695413,0.006464025704704225,-0.0034394774955800135,-0.009095557876532908,0.005701359592349888,0.02518923403234471,1
0.2890201003401205,-0.017015861748883514,0.022372787836760926,-0.08138556129583376,0.08270593331894736,-0.011823887365168161,0.030467290581165946,0.00010763645940217823,0.010760838060769998,0.005351895230149678,0.0009461524008968678,0.003169987835401801,-0.0006158358929087253,-0.015819565994075194,0.005153730697124437,0.025442887040762155,1
0.28009552578030306,-0.02995459860669297,0.01585143521462397,-0.11815577124246215,0.03531047886392024,-0.01674120854804269,0.030552820062351476,-0.011920885786518657,-0.0022099826161643115,0.010740110139101354,0.0037835524531925112,0.007395095325770019,-0.0041963131969176785,-0.01080286519177991,0.006042770967200319,0.03004589109148461,1
0.28486691216279625,-0.026185874238811538,0.02350341010104262,-0.1317841192161643,0.028077650334484956,-0.020479010473871448,0.0252801843020269,-0.01606498641432558,-0.007663906622687437,0.01724921611406979,0.0034550998048705635,0.006627364453179026,-0.0011620039816021765,-0.014206071379169767,0.006734421594057874,0.02935819295684649,1
0.2873680649696318,-0.021232147717784033,0.030188064214603356,-0.11287585088145267,0.032263890709801006,-0.02281999837031584,0.021171256189847457,-0.013684304313815447,-0.004178369743274395,0.019518498104006424,0.00281182533589936,0.005904720758746331,0.0007172827706749138,-0.018209599408136892,0.00974803182389412,0.03195883055650156,1
0.277258350044406,-0.016560399024492963,0.014397711585440625,-0.10963884225673758,0.04940216213622787,-0.010586295100135817,0.028617779345370447,-0.004401555692553509,0.0005008799460998858,0.00816858131369654,0.002272916627573898,0.006813964741170152,-0.003953483417460213,-0.009416232242236531,0.00625414762481167,0.030911183054157732,1
0.2759897739500315,-0.0177227192911686,0.017464334766600295,-0.12266602684618541,0.04317869999230653,-0.013070801733239185,0.026266360282220944,-0.006917509585489478,-0.0046294196970832376,0.008119162714505463,0.001974402341069427,0.008239571422127282,-0.004614045108383751,-0.010841702606428387,0.005574475749681267,0.03401638169630779,1
0.27443730358179264,-0.022730697311947053,0.012444145901573516,-0.10960227246477393,0.02402452339228138,-0.016423012218581844,0.028686697429754607,-0.010521234960782578,-0.0036784306171308576,0.010374952286645926,0.0038050599386778394,0.00982959226173287,-0.005859526662387653,-0.0074011593027680294,0.006924223451909696,0.033369779957349605,1
0.2740869532941642,-0.0052510121215695715,0.010379131505261315,-0.05687964359442673,0.037528577113556554,-0.010456726572241476,0.02845893677447539,-0.001433984427415765,0.00951195073128325,0.011708922510171922,0.003141033345216231,0.009006191420523531,-0.0033503927767250152,-0.002526794926585327,0.008710081377435036,0.023533344768573466,1
0.27355493485752813,-0.008858908580929616,0.01011989616792811,-0.09642192265984605,0.035640685247541395,-0.010266861387066992,0.02787505132658336,-0.004305582265029374,0.000612155196638586,0.009880625329740508,0.002682286586543956,0.00881487869279468,-0.004580670937887672,-0.0040603392789098644,0.006519863566533311,0.02810696803101443,1
-0.12056037394041409,-0.3056050419128765,0.10297663322573772,-0.08598279645975006,0.11752754538563355,0.09284729387388915,-0.01534272905467923,0.10058594104306404,0.017384635616636883,-0.06357913982297485,-0.004788131466050097,-0.025846961979836634,-0.03051105249434628,-0.013595036738091175,0.0013925515738985258,-0.009901671035024345,0
-0.1211279932252254,-0.27493113061973945,0.1143897242027512,-0.06551854876354621,0.1296755138764663,0.09119967728535561,-0.014060524764966761,0.09808404019646723,0.026015603525814175,-0.041987233667447485,-0.010533905380203951,-0.021032328053222516,-0.023147915061985467,-0.011200204433587142,0.00487751485756146,-0.007832428644617985,0
-0.1076171032798374,-0.3155927952834931,0.053158204367924414,-0.07997328280587224,0.10438920321852727,0.09477401022671109,-0.0218003364964404,0.07496044447660855,-0.009643533559249549,-0.04965593455858897,-0.002588566564627051,-0.02098202355078417,-0.029435194176030598,-0.002934151999185499,0.008375292435792207,-0.011058759007036375,0
-0.08809157237703068,-0.30122763430367294,0.10035298479933402,-0.08191891091567254,0.09627136722488308,0.08942453343286935,-0.014695521890778732,0.0838547071006455,0.016038359196389455,-0.04687897697489447,-0.013150366672423702,-0.020122010744189164,-0.02520300574382421,-0.017985923907567803,0.010761528418926665,-0.003517145021199103,0
-0.0726435076961634,-0.2962473453299905,0.09140194688204357,-0.08849108834542858,0.11224671502467322,0.09176651455287578,-0.010567664306067008,0.08055183296476699,0.018547481962981723,-0.05094947508578058,-0.013049291277351303,-0.0197117879690643,-0.027001202766095335,-0.016799522638079253,0.012177158176995346,-0.004745222677448891,0
-0.08319483810632172,-0.27538225703670355,0.07949529916722542,-0.08100042705832965,0.10720009614324458,0.085607853412905,-0.010416444817478668,0.0762214819410035,0.013788236579137962,-0.03936174270783225,-0.010314177212192322,-0.012007670113944796,-0.026475589964279095,-0.008451442283037701,0.015095780236016413,-0.004468357180324508,0
-0.07348017366820642,-0.29400242269993804,0.12032162830976222,-0.09788122207670709,0.09698994459526401,0.08568807430439142,-0.010971062792315248,0.08457903385242012,0.031110180796788522,-0.049562648113086166,-0.016299168455106504,-0.020191233447720603,-0.02505023913153719,-0.02572275175365891,0.010619777641188401,-0.000328763816510364,0
-0.04632738646132467,-0.30797291504321384,0.12585370668414314,-0.11774008116487053,0.08090007722065817,0.08257701820966716,-0.01117302585779828,0.07567081762548071,0.03431981298160613,-0.04783782045751967,-0.019939647804367352,-0.0237196167203712,-0.022980653525681627,-0.03748934400933878,0.015488250595305505,0.002945233165633209,0
-0.05704787008037482,-0.28792037367620404,0.14266300219648886,-0.1316284172532751,0.07108289338546253,0.07696006797350022,-0.011770747363012373,0.07460620163175057,0.04258405820978907,-0.03656877787589687,-0.018567597299492304,-0.01944243188603064,-0.02100977416512648,-0.03808294510331863,0.016302390377505124,0.007333995581071927,0
-0.05810437164542234,-0.304841181582071,0.14699017659992478,-0.13532376303265856,0.06587000698211598,0.07671555817905987,-0.014070147438271712,0.0771461557232754,0.04173133712774739,-0.04325845663507269,-0.019135177367843478,-0.022812337989350895,-0.022045260193902592,-0.043226726225573595,0.013364953875056922,0.010007503430501921,0
-0.0589004448895019,-0.29550553610755026,0.15010904224125096,-0.1310266940215587,0.06868357715351071,0.07606927089450607,-0.014339456102177395,0.07795598683169709,0.045045053921571536,-0.04138725661800425,-0.01864998724747794,-0.022094977208483104,-0.022017922817703886,-0.04296476453813318,0.014914878879974221,0.013267063265636939,0
-0.052268114349738465,-0.2946748533355096,0.15251277498874122,-0.11481314348209802,0.0889330017769238,0.08046352946702394,-0.014187642384182098,0.08280966707784877,0.05124206689185284,-0.04820881343659056,-0.02122046501891158,-0.0257652775441825,-0.0230403903900533,-0.043189327182062996,0.013666856015032381,0.008766333276719619,0
-0.10621462025753353,-0.3008485244543457,0.10201823116868089,-0.07561032574359025,0.11315192164302423,0.09365776239709088,-0.01982177384285937,0.07692941903280429,0.01085072525333098,-0.029080578423382512,-0.01563507828530254,-0.02374144267798371,-0.015715944567284826,-0.007975433133303428,-0.009995801741664312,-0.006573942464303565,1
-0.11077836695909786,-0.3072778718298139,0.09290453325512858,-0.10966509468781577,0.07256093614846858,0.08295125090480915,-0.018808244428194596,0.0685269284331326,0.0026052939361158817,-0.025028713344986016,-0.01081741493277531,-0.016671886542859775,-0.01710712441262593,-0.00774910807519336,-0.008048459760843365,-0.0055453039831372284,1
-0.08450004433528673,-0.3003995468774191,0.11785761631793032,-0.0942862002926975,0.08377351753926601,0.08526105720535544,-0.016620874367653415,0.07298720405167762,0.02142691124262274,-0.03255677646158038,-0.01812422019951264,-0.020895553658811725,-0.017505724224583564,-0.018916615012101044,-0.005282812179430736,0.0009586867604098987,1
-0.08061760556809787,-0.29880462762331295,0.12607061201555977,-0.07706377187200307,0.10696215975987526,0.09081306521147194,-0.017339334207609275,0.07744206219315829,0.027720731538278625,-0.03430226966885039,-0.02265851811534672,-0.025455458083461086,-0.01575931845780683,-0.020598357161086198,-0.006997782513530783,9.431294594319574e-05,1
-0.07596017183260706,-0.3036595078312863,0.13008427921563923,-0.08155359642856999,0.07791101198589741,0.08548168726125713,-0.01896878359579858,0.07254867267573445,0.026980166153386484,-0.03153120485645787,-0.022824333888806992,-0.02340651048975858,-0.01567647729102531,-0.02372211380243155,-0.004155167378544866,-0.0009853315946335968,1
-0.07821043660736979,-0.3134658736407111,0.12762459181597405,-0.08683338239221525,0.08667021122224952,0.0892300865519606,-0.019402512143967283,0.0726136899599743,0.023386797438167083,-0.03131892260967971,-0.024093963941128376,-0.02603800037061711,-0.013998391624571569,-0.02429891354750862,-0.006238777005821999,-0.0010734686068684007,1
-0.08231119221383261,-0.30940711487977635,0.1317806178274596,-0.10043139726504785,0.11238019762085101,0.09280576858700061,-0.01612005695215276,0.07720502286241027,0.02924460385031777,-0.034839188843397546,-0.024172796169327243,-0.027758770085518452,-0.014224110301271353,-0.02357801042009207,-0.01131240170628322,-0.0028820524794828076,1
-0.07895871660902358,-0.31822362592233144,0.1288928120780599,-0.11322066395526595,0.10274161931641963,0.09102612875564804,-0.015835509908805633,0.07482156290002903,0.02608869048214337,-0.036950917569907114,-0.023077232822133073,-0.027827225369072693,-0.014961785031740046,-0.026203632444349857,-0.010614397420096991,-0.00022480862759157407,1
-0.07631503128254434,-0.30631219389162473,0.13505498639514882,-0.11625764858184316,0.10257007511097255,0.0882586885477789,-0.014774763172470598,0.07465249142921268,0.03233388885124468,-0.0342328103865157,-0.023173908041714143,-0.02575700141733339,-0.01499590843550492,-0.02727499264363539,-0.009043210863023827,0.0021126733542557374,1
-0.07989716999446528,-0.30478341744094417,0.13913061139310234,-0.11512890896425959,0.09940419077878432,0.0871787181454848,-0.01542651350338406,0.07605731495798551,0.0339191055797041,-0.03353453435567249,-0.022777864641670562,-0.025476020981570962,-0.01506247654872614,-0.02771697840911509,-0.009175193855380024,0.0032329399178165712,1
-0.08025087180082992,-0.30910838261569046,0.13970058624119425,-0.10316124896061045,0.07647658430578574,0.08376938665184107,-0.01885945490977923,0.07383848671302183,0.03010524957755056,-0.03032702380813022,-0.022897299888639634,-0.024791522785973446,-0.014638632016333107,-0.02895905439910339,-0.00634291886341167,0.004526471654759877,1
-0.07914097400888329,-0.302587465011823,0.142245434395998,-0.08857966421331571,0.10081949305752666,0.08866961915943217,-0.018185026037249957,0.07835776917267173,0.03519976026336245,-0.03327515683134997,-0.025312947612687327,-0.02701791486448418,-0.014424547904722944,-0.027336780609536503,-0.008127822232135129,0.002163940752393935,1
0.43164083105669493,-0.06391380834716763,0.0748737662813161,-0.07002545145066774,0.05403528994700877,-0.11864996365080982,0.02823124808308462,-0.06158471987746563,-0.0019029432767456488,0.03822187080780712,-0.001442200972018687,-0.004297042803463149,0.016054336818575845,-0.061534926990694315,0.011395249683629767,-0.021629839188713095,0
0.42486393481151913,-0.07305792533119408,0.06162194181759511,-0.08453305432079772,0.040786587509474906,-0.11389545990186888,0.03369452590234246,-0.06243782003526826,-0.005016950882979632,0.035571730751264415,0.00572295199651667,-0.004430212946746216,0.013630654000331288,-0.058031043883003085,0.014164928780779738,-0.014617157793567552,0
0.4026650471629832,-0.09116964228988605,0.06179808225114787,-0.056154510686205764,0.04922071500004095,-0.1035519857769737,0.043640710003687126,-0.061150983860888214,0.009852311252959847,0.037788087696696365,0.0037901169947254813,-0.007683605846796555,0.018136053521124722,-0.05194543114607565,0.011059265940814121,-0.02624960851823962,0
0.4079346931053016,-0.09888816854188989,0.06209004382262288,-0.027757307734249576,0.10825319994851153,-0.0929107296725209,0.053622430626468785,-0.05297338285992473,0.03061092384906906,0.03100097632949795,-0.0004233150894483823,-0.024569643938271296,0.0241137391136755,-0.05549272705996876,0.005491074287484318,-0.03811300607934123,0
0.3866653105465808,-0.10750091875364241,0.0415806552901363,-0.05022604607583946,0.09485699616776672,-0.0760322403422159,0.06099684007678261,-0.05295989707062982,0.021836544198964743,0.022560340379548405,0.006358677297005365,-0.01607640093707294,0.01782860909736746,-0.046059085887400035,0.005200202967021972,-0.02914968335136218,0
0.3784919020530655,-0.10930455599583656,0.040693019034186984,-0.05093464774256554,0.09625385954211026,-0.07121230571819917,0.060695722612448474,-0.050303257004591824,0.02232366083221605,0.02004872600546251,0.0057104445634181536,-0.01478407829864247,0.016309504283288343,-0.045264047733254854,0.005601999405116043,-0.025726324217738305,0
0.37759198743464795,-0.10580977200717719,0.03641699624850922,-0.026583993638556663,0.11088934461065833,-0.06362922609520802,0.062126012313895876,-0.04541517050409512,0.030428997715246726,0.016544525375613458,0.00632165483290628,-0.019012577274365942,0.016382098448520458,-0.04318003396645283,0.00631662838230109,-0.026376857331275646,0
0.380030136666761,-0.1178703953205547,0.028133326689204957,-0.029387018893842175,0.12340340471312035,-0.05701376598169131,0.06912849193837255,-0.049242619876094934,0.033326777005254445,0.013041784806908749,0.00999738488340899,-0.025134115366785684,0.017967078999022914,-0.04186403751123416,0.003876785757867666,-0.031067523867285524,0
0.3785720586946187,-0.12265607422386215,0.023933468402796563,-0.04923355153349752,0.1268851734900562,-0.054716638626717745,0.07230981635486688,-0.04944819197179515,0.02931041043133065,0.0083333040144803,0.011115772686027073,-0.023724040223213033,0.015874425364591063,-0.04189170912439596,0.0016383608083699519,-0.029044780206343768,0
0.38344910871468985,-0.13027804177891153,0.028636044082390674,-0.053687139541764024,0.11237097848727741,-0.0626312315718959,0.0719058694106481,-0.0577416256826523,0.028185996363042788,0.01576716985883918,0.01235470220134614,-0.026168975565137583,0.020175178983072868,-0.043142463602934035,0.001426495698817145,-0.03617163287003888,0
0.3823418312416602,-0.1151747028204294,0.027127786249667205,-0.013754338045850547,0.11785020592629307,-0.05852132996594424,0.06764774776516333,-0.05028736020195304,0.03554825902117591,0.014179855490623226,0.011806771497425247,-0.027184593210976837,0.01866633141780183,-0.04146928845740435,0.006043550315718467,-0.030298482519837862,0
0.3880225439403765,-0.12175514930270094,0.04248147140530723,-0.04323846243209977,0.12835669395911128,-0.0705610349564791,0.06631033138601251,-0.0503510395744286,0.032166660874544895,0.014863773943679747,0.005618918324259423,-0.027761543268074066,0.02025928305663739,-0.05070446023171572,0.0017726736659040812,-0.03209529714816143,0
0.2692933802556126,-0.0014102647800608035,0.0025427656260675687,-0.1384898556570201,0.05702728003615184,0.004443545374975025,0.026205262082581775,0.004562649124442503,1.5337590030339097e-05,0.008404623574238402,0.0015813740276687264,-0.0010388639468877576,-0.003416335543196412,-0.005306534805898055,0.00890058002296566,0.03728277899740926,1
0.27225771309521846,0.001929381159001164,-0.005142434524240177,-0.0838577499687518,0.060321803742275845,0.004474399352746325,0.03159382495615655,0.0074834416070794245,0.012198738985564535,0.006689119693872712,0.0031412339420120203,0.0005126834510214937,-0.0039314584761112,4.9542787051944343e-05,0.00921817410554862,0.02866159005875218,1
0.270467381304939,-0.002780204263932264,-0.005094741744743617,-0.13562922926676824,0.042507665161611884,0.000890429959940455,0.028910029183180648,0.0012044138167804632,-0.002477686860151703,0.006208563746846802,0.002826777657180104,0.0007608204705027824,-0.006120247165207473,-0.0013303120422196349,0.007166581903390579,0.03846695467288141,1
0.27195026965812713,-0.013425524936989218,0.005058772967090203,-0.15545205923335292,0.055209588886118696,-9.302414799436565e-05,0.028481876560412053,-0.0005377030606466605,-0.004462939504590781,0.005439694562103185,0.001996917573886629,0.0011229082054566013,-0.005463803821808172,-0.0070299503483935,0.005859482102670987,0.037511170983957745,1
0.29025451640126165,-0.007643129054074876,0.038669439322597164,-0.1320053974597637,0.09054407452134236,-0.007217039766277615,0.017933218900095974,-0.0007810675556291327,0.001885037259159366,0.01427355833783197,-0.0025164350374432764,-0.0010399737451016698,0.004869710823770277,-0.023892908777031666,0.006785589816357787,0.02773410692097428,1
0.2844876160856122,-0.015623944217477254,0.035982503323218125,-0.10771337976053404,0.06322275923440901,-0.01592145898244113,0.0220126944361183,-0.006733071115427714,0.0012713129647156148,0.012291981784902564,-0.0016053451473242338,0.008221140332132794,0.00031354682197127994,-0.016683122220967034,0.0038721787435524054,0.021263605579896944,1
0.2852161534472719,-0.013511824233589662,0.038275404706496007,-0.09242584445898606,0.06770367960402975,-0.01713758567507895,0.020583949114928595,-0.003963771933249152,0.00441218574230107,0.01164489583454561,-0.0020308480906063597,0.007857516159250523,0.00046130312795673314,-0.01886708263984586,0.005471159311403203,0.025088280376555267,1
0.29220309303495784,-0.033128650562721754,0.02457546113365665,-0.11401659899760772,0.0949408413126872,-0.011639167516535116,0.0351165988628023,-0.004743045526566396,0.00805542259768628,0.003778755360682982,0.00023966131989081388,0.0016383896085581562,-0.0001917393929494663,-0.019568381905421824,0.001646985637541516,0.022235992341729842,1
0.2800038050778715,-0.027323044433015656,0.018748522443487625,-0.09257306577208771,0.06715798124085018,-0.011979285023932052,0.03293781893300046,-0.0035653369523346704,0.007560492682034978,0.0039718613520560424,0.0014720719400643045,0.007433127034469084,-0.004302404669886356,-0.011945218526553749,0.004273340312533572,0.02563885981521458,1
0.2842847907363877,-0.006405200158462427,0.02330375176347377,-0.08522606163794093,0.08038193089699648,-0.007673844421119393,0.025974098886770408,0.0042122535788782205,0.009434178463516029,0.007553629020181894,-9.369639721305347e-05,0.0037979296278337596,-0.0003400164251408971,-0.014318449453036121,0.006996895205710546,0.027408274334683444,1
0.27480109374408396,-0.01119145911521541,0.017112921745325044,-0.09810943762083214,0.06900300332145282,-0.007927780915786628,0.02862627565087323,0.002222935894704396,0.003690899222488994,0.00025206646428055845,0.00014125123358430859,0.009838621992057994,-0.006199961954269656,-0.009057528581843563,0.0034989200439180267,0.029640154287378984,1
0.2808557426059039,0.00013805969862381846,0.028126918029216345,-0.089044068521034,0.07307537535218005,-0.008545170110996881,0.021588213941782432,0.003553588454335567,0.005496252064093714,0.008780763468942644,-0.001394577768176707,0.007114282382038138,-0.000561667173710799,-0.013117402313756304,0.005859702565857861,0.026089207660186912,1
-0.07231877697976706,-0.3138037433059657,0.07572008716824781,-0.09925762995287846,0.022990451692382244,0.07583450441143037,-0.015842562224048617,0.059824841849502264,-0.003929178616420459,-0.037152966669241325,-0.010278257916481811,-0.00948790611593827,-0.025464977102610847,-0.017041776738286964,0.019004299466013497,0.001086804257013107,0
-0.07172897265662594,-0.32461451521326523,0.06810962616578208,-0.12142968155417008,0.06236841550790493,0.08478669151595304,-0.01262985810983111,0.05959886581055547,-0.006066765817944746,-0.04003029371377782,-0.01169221940841954,-0.012820672497289584,-0.023618084100278672,-0.015538942681712721,0.012379774613558162,-0.0022857223165454977,0
-0.08799309882723781,-0.2905648952113454,0.03572968391635254,-0.12519058690727522,0.07142870771280528,0.0730267656054484,-0.010791890142880747,0.053272431709911,-0.01171107119135549,-0.030977478538788464,-0.004663732573658754,5.079978066002199e-05,-0.028268128029463616,0.0017928686435409638,0.014047726642793712,-0.003058711336527733,0
-0.06892299451300161,-0.3024374540370937,0.06362283434472306,-0.12355442737959693,0.03957623075918195,0.07397800206960371,-0.010487064835811796,0.050896802299089425,-0.006861897304612837,-0.022894242802983075,-0.012070472132298404,-0.002748852760306087,-0.02176075690057608,-0.011615772375474193,0.018410920688724863,0.0005541868769312222,0
-0.07183358522240756,-0.3155590492091543,0.05969031211375185,-0.15997057508287418,0.047243925278274645,0.07440843536382814,-0.006589715241653684,0.052813677391289233,-0.007924369467853434,-0.03427471213683358,-0.009178082282328887,-0.004040979463406123,-0.024628968886349384,-0.012155942430495134,0.012081568965219848,-0.001820821191589589,0
-0.04735219006093999,-0.2970430963795418,0.09493553165432304,-0.09345486215650722,0.07327783438216959,0.08154663415535046,-0.010260586671968433,0.0651761427209187,0.016490752241098874,-0.039211276408984086,-0.017405393932510362,-0.01502808531529231,-0.02286980563014607,-0.024011671271550385,0.019026347726722917,0.002887125692734694,0
-0.04634041187095929,-0.3208465134369281,0.09768195681104919,-0.14920107827203088,0.03792707111256616,0.07401019064266254,-0.007847501692850012,0.0580504538655331,0.010610480293599211,-0.0383905779845668,-0.015523674899029933,-0.013191102769704907,-0.022106283426410325,-0.030986828035996204,0.016268170654059607,0.003832572520271789,0
-0.044950697599189356,-0.32742958071902584,0.0908421608879837,-0.12675233445739476,0.04259056001267627,0.07929683131550735,-0.010414407798901515,0.05622349044342755,0.005831356836467948,-0.04120281848847676,-0.01691537197293745,-0.015537398070863979,-0.02134999581777621,-0.028506742525556655,0.016014581286143567,0.00013560875095379845,0
-0.04836342947113502,-0.3306036291046405,0.08471673153376594,-0.13820856121545427,0.02907541033110803,0.07630632453429145,-0.00979524279290577,0.05358969575412449,0.0006553360294190359,-0.04006321805208051,-0.014645012857406882,-0.012718030792075103,-0.022176366652601184,-0.027135678466737537,0.01603818598349224,0.0016214508039146354,0
-0.042970992825601004,-0.31884151530642907,0.10039734072287647,-0.13166001352955062,0.03659383013544831,0.07478173092617434,-0.01056012851358908,0.055078813751471556,0.010081317759819068,-0.030735316888323542,-0.019104682049249075,-0.013716561795385855,-0.018553642806044175,-0.031824615874641464,0.018784677303180963,0.004384254513997851,0
-0.04443786018053595,-0.3085153459198507,0.10366646584937059,-0.14235589610136848,0.05184154880188921,0.07510671671594464,-0.007875033197249427,0.05637739967379409,0.014277342340846245,-0.025611373161302277,-0.02008851415261215,-0.012074215125437547,-0.017397838250465827,-0.03097523383398741,0.018107045804465545,0.004799870720802878,0
-0.03515727314656898,-0.3073487551049579,0.11750889361163355,-0.11452653345304298,0.05897674528603956,0.07600697943553256,-0.012192562372832729,0.060923754500336436,0.02346478647052565,-0.030147548977743622,-0.02355358817219349,-0.018568656425568486,-0.01695031258780952,-0.03795021857597417,0.020593005964115833,0.009167893155574534,0
-0.09004577243203571,-0.30028836867333525,0.1254170111937988,-0.1121516284679791,0.06827202246607121,0.08028763382699186,-0.01700564958987501,0.0674390086089482,0.02007421833723476,-0.01888926495401496,-0.020311056023103107,-0.017154264736487332,-0.012705920031020041,-0.020577626020514026,-0.006140678930291605,0.002916975856494709,1
-0.0818191053182126,-0.30700710478786997,0.12100188666458063,-0.10442104582482574,0.05597760078246475,0.07915154065083997,-0.017739598851494256,0.06578494854559967,0.0177051934954112,-0.02548051755856599,-0.01934480968408841,-0.017958776352052966,-0.015294569720276279,-0.02146213518336514,-0.00461631212409881,0.0017620495256905331,1
-0.08568506469609287,-0.31804209518789067,0.11515264179337674,-0.11941502609810527,0.04994370970402624,0.07819703998505309,-0.017974849576884236,0.06487329071277055,0.011443479855697138,-0.026653246047521065,-0.017143490526559113,-0.018553038535510862,-0.015564442824223642,-0.022863239379730872,-0.005333300406963909,0.006924759305061353,1
-0.08368936293768352,-0.31546948926467344,0.1142630235727008,-0.11771507652822934,0.04073057492903794,0.07635750894101756,-0.018105366365194112,0.06258214626564348,0.010963004074691262,-0.02453589528593642,-0.01705304327429858,-0.01671437937566433,-0.015655968865489395,-0.022192668065725285,-0.0038759974063361856,0.0054867502353580936,1
-0.08398517946602399,-0.29997380319633515,0.12317575456977761,-0.0917500141858456,0.06609126372116383,0.07957564703041503,-0.018426608243164853,0.07070358838361343,0.02082711773888705,-0.02878815941031548,-0.018655826139721086,-0.01921281078884962,-0.016548897355002264,-0.021853788424679506,-0.004136101243279133,0.00810155267665588,1
-0.08446799740709494,-0.3011476002711362,0.12495323070202564,-0.093311950596151,0.05890281225691352,0.07810325951726889,-0.01905437647551826,0.0699751072143471,0.020561822971208354,-0.027513551492020595,-0.0185901422770126,-0.018815342164331565,-0.016313173127341932,-0.02286097091487846,-0.00365840759251757,0.009018050390384998,1
-0.08343823101700729,-0.3104383409285574,0.12356013476665337,-0.10029790253654125,0.06414384104933317,0.08075934392167484,-0.01893137688348554,0.06925982461165325,0.018445067544599295,-0.029089470182865743,-0.019643109153797057,-0.021067047999596383,-0.015388580424366362,-0.023853187367375864,-0.005701775765219248,0.007119722738295615,1
-0.08515857310847043,-0.3100964271978225,0.12204335023448076,-0.09928157315726828,0.06489621097972509,0.08167882036135073,-0.01869510691486754,0.06924112804310818,0.017860294443002415,-0.028156384439271685,-0.019470416632321314,-0.02061392465200742,-0.015342712439963092,-0.02195411553966675,-0.006090172859560041,0.003400105282554167,1
-0.0838991978606979,-0.31527307909300517,0.11691313525002792,-0.09025853625571971,0.06372621585116016,0.08331702137705954,-0.019822215920488332,0.06920575636624167,0.01443970407454216,-0.03287080432516772,-0.01878860204150461,-0.022146004176205412,-0.016523453597828235,-0.020949223320613705,-0.006013399162908924,0.00206265518223613,1
-0.0918174748399166,-0.31832954286749704,0.10718137302767146,-0.09318623262068927,0.04529015143386516,0.08072580657265754,-0.021500667099490778,0.0653274322090341,0.005393227053314613,-0.02772250115913063,-0.015816898268690902,-0.019293117141477932,-0.016239440469535463,-0.01748671031896399,-0.004765620458803882,0.0016202345403180318,1
-0.08614395015414314,-0.32120497392935626,0.1076813660141593,-0.10071279638011145,0.06137705104912443,0.0842709536666354,-0.018924207654807873,0.06670147213109504,0.009012379389472216,-0.032443546854179446,-0.016766524280766765,-0.021217988891655243,-0.016979040696013505,-0.01812680389171098,-0.006675822306363495,-0.0015413561176817678,1
-0.08976865558355113,-0.3303713907516831,0.10754165961865984,-0.11106377027920594,0.028366523873823563,0.07763204183574152,-0.021974727417016938,0.061469946717930976,0.0012771371336038294,-0.026912736975429723,-0.015581921109454487,-0.019680249269256784,-0.015152349919240455,-0.02221456548261173,-0.004224676079632829,0.00708063674441397,1
0.33151177799912,-0.1766553483561519,0.013582779249144366,-0.1678202414079035,0.09095585871101348,-0.044052297439145224,0.07779578591632723,-0.05165374548939832,0.00032724300659155365,-0.008165403040425998,0.01313424194118609,-0.006125917384106344,0.0034812800293961437,-0.04340391628987499,-0.004286185997041691,0.0006249443072916153,0
0.3336076615904104,-0.1726977148078568,0.025748410285702676,-0.16547856474344655,0.08459489537112047,-0.0534356726399275,0.0731362516026489,-0.05259062243401424,-0.00015722884499036078,-0.0025937308930308336,0.009522162587710537,-0.004070813619022896,0.004891141290330376,-0.04657868378849988,-0.003638291001964385,-0.001831444886315638,0
0.32756355814094523,-0.1771087902027834,0.02412744898523349,-0.15379583858194532,0.07642390864904337,-0.05240524058328267,0.07374137499785478,-0.054929658612171924,-0.0003198250109665337,-0.0029237108830690883,0.010134679376201834,-0.0025067619652987894,0.005185287409617459,-0.04393338405439791,-0.004291397185681541,-0.0035450464819602617,0
0.33072348037380395,-0.16327736889246594,0.030821132792240167,-0.13398154426604167,0.06934118095678411,-0.06033543230246734,0.06795544641294307,-0.05151524085703962,0.0006934434740595018,-0.003698384649238455,0.00790499813229053,0.002107910919894161,0.0019351392455417892,-0.04379117051868667,-0.0021444085135315957,-0.0015017299567399787,0
0.33093577149541537,-0.17545664378437908,0.035538205540969175,-0.17061729525332373,0.09545015375912601,-0.05852764893206666,0.07351794504333041,-0.05158104152268508,-0.001916309697435796,-0.0074885518984141785,0.0036281779741890435,0.0018750697120463683,0.0026953685092519623,-0.04738032918760066,-0.010497308282173913,-0.007201632251478325,0
0.3323691976713491,-0.17687620635933057,0.047482538333727765,-0.17087835348333016,0.09821622749782305,-0.06291009971775892,0.06993624918773493,-0.05406086505482396,0.0006531523193457201,0.0015688082623342887,-0.0006895775860093542,-0.0012821053314104622,0.007415066230109145,-0.051999457595849695,-0.009823884156027324,-0.01131493097437948,0
0.3372713291437879,-0.16529101545201713,0.05199098420558995,-0.1736163796965898,0.09904719709596638,-0.06607359066562993,0.06513181499752202,-0.05164518953689663,0.00016368972501880743,0.0018993053371860918,-0.0024985718802927282,0.0003446377012094779,0.005442674612281745,-0.053506958469253046,-0.008294517546400593,-0.009637192622879872,0
0.33348926497905096,-0.16509015468244115,0.04718083845694572,-0.1776531444377151,0.08985070947201056,-0.06512293023737949,0.06428557278451326,-0.05034529954733691,-0.0035228511550155417,7.23806587577561e-05,-0.00024023541639007278,0.0026022970617941735,0.0030798865575661217,-0.05340304498562568,-0.00580889136098005,-0.00026019073028078787,0
0.3291454698262344,-0.1598449435251144,0.04910269468806398,-0.1766072215915795,0.0737790108267786,-0.06634413170265778,0.059523740752621686,-0.0506392212083603,-0.005926601655929612,0.004185971807807406,-0.00045955537263511406,0.006027963800107259,0.0021757970457262164,-0.05228398869953082,-0.0026281813277917163,0.0032191998238882604,0
0.3288682683942932,-0.16021856466084453,0.047892507076518924,-0.1811530583254908,0.08888504302200126,-0.06250064397940917,0.06224387842647222,-0.04802820509915716,-0.0048205843765529634,-0.0004790973933652401,-0.0019037662118377384,0.006138056269262982,0.001156510003335315,-0.051712121777461095,-0.005575701793526577,0.0011991963758969193,0
0.3195936882727218,-0.1489221425134664,0.04482487985954845,-0.15406859810873808,0.07999777825623437,-0.05643592359359668,0.0596574769257097,-0.042805060202258986,-0.0012263556089152602,-0.0007697402875357624,-0.0022516574952211777,0.010972329704216315,-0.0013651202940387272,-0.04441897350559835,-0.0025513482734352993,0.0009270978670109907,0
0.3243737568702006,-0.14450349315674452,0.048243664448506536,-0.1515750662213451,0.08757420870435569,-0.05887660455615479,0.05770643071451489,-0.04120137366957392,-0.00011397738614736582,-0.0016945773536227553,-0.0035537262517467113,0.009685519707798684,-0.001429726052289038,-0.047406336502630764,-0.002061645416986195,0.003100763852092452,0
0.25240532133931465,-0.04584115666963971,-0.026167519705073142,-0.1789368713464178,0.038368032313046814,0.012797894798881507,0.042423041632854736,-0.003894778430883102,0.005930506545526321,0.00044907026872459204,0.003886225280643041,-0.007651310207967268,-0.011931516386329543,0.004700159792607499,0.005955965941669533,0.040980506245615576,1
0.2480238778693896,-0.05266732421879908,-0.01920752680744029,-0.20692223168334806,0.038553792411044965,0.00960772798577272,0.04056346492137845,-0.004449196902965109,-0.0016812182632550627,-0.0036124822360506085,0.0029287688682498093,-0.005176656635120015,-0.014072948743568695,0.0008243868565912675,0.003742979790105448,0.046875281413016605,1
0.24604477422353913,-0.0490432024770339,-0.012085163339397024,-0.1794300112438764,0.04157435336052647,0.007874786281319943,0.03888775859037533,-0.0024822356158551865,0.0020255985987581433,-0.0046425280654579385,0.0027011069100857346,-0.0005274836393168263,-0.014188705350172165,0.0006828133070463431,0.004328151325003284,0.040954306723289015,1
0.25740383954695145,-0.05744115792650508,-0.014397749752719416,-0.19962610172333345,0.05228777889852398,0.007893155260304232,0.04264415438156499,-0.0051757226346300115,0.0006712589242741561,-0.0030419949607642747,0.004391822179875254,-0.006165273741769376,-0.011567874267833532,-0.004101170859222762,0.004427565633343639,0.04434088387543171,1
0.2516063120496486,-0.058022415210956205,-0.002785163760590351,-0.1705552687989387,0.03295335186008217,-0.0015874450139321899,0.038299883879395404,-0.007729367662551257,-0.0010810187235863109,-0.0030484829678118367,0.004048041455149245,0.003508672895841832,-0.01382761015314937,-0.00445892453246854,0.004707754548258054,0.04194945880232384,1
0.25603456059614754,-0.06565851395698004,-0.007671608271756663,-0.19645174357164644,0.04748056006443495,0.0007520890970009572,0.043324771076886655,-0.008882337699587255,-0.003408081466462742,-0.007539253158200206,0.004413613906037158,0.0008460155539308674,-0.014141763131624227,-0.00547248886128114,0.0008299449758323267,0.04228357662734359,1
0.26411696024214354,-0.053595068014777134,0.00035814147360655786,-0.16434356862827643,0.06528608703516733,-0.0001795151041115068,0.040912608904199614,-0.004226382964566666,0.002679506546317369,-0.007286501675869411,0.004015304380902886,0.0010517624828414707,-0.011349968672763623,-0.008542179227211826,0.0026221057910354346,0.03711696277470769,1
0.2589376299566862,-0.056097811051276925,0.0006856175814953007,-0.16539375514863697,0.054200033739207155,0.0011754865037420302,0.040788421040048324,-0.006525636048813507,0.003423820407022379,-0.0023077489666115942,0.003747833102075571,0.001521755892256833,-0.010335357554572322,-0.005756446061813976,0.0029999774082117145,0.03169532792201112,1
0.2618164756710207,-0.06670369368360655,-0.010679507555569612,-0.1863512956665157,0.06067766532520772,0.0029034440979896292,0.04835835552176311,-0.00888080941526685,0.0011006690570945239,-0.009840617390586332,0.004984951650866523,0.0007746905053607942,-0.013637407843301927,-0.00302296948414856,-0.0021182000628460784,0.0324780001729406,1
0.26248905334466216,-0.06251972851752641,-0.009841416506159313,-0.17996517214201954,0.04259091285459492,0.0011952492213898559,0.04546585458727661,-0.011515254152124102,0.0009156094964593548,-0.0012876776756918756,0.005354012787522999,-0.00015476767106136643,-0.011293449877996522,-0.0019335050733536613,0.0012295441523141886,0.03158654332191163,1
0.25348017820162344,-0.06198352111574929,-0.009610763088822027,-0.17849137621103067,0.026561763615369598,2.2596304300275355e-05,0.042000279514521184,-0.010663737465284403,-0.0009945707984003148,-0.0008548877117680158,0.004720658547046108,0.002249638312790184,-0.013728595303239803,-0.0008740868326513163,0.0035346768476137817,0.03835270953216259,1
0.25636009302642326,-0.06048714148060729,-0.0059106390649178555,-0.16996378075185828,0.056405743314467745,0.004062871292665279,0.042799245353814346,-0.005595699279885865,0.0043052511109211095,-0.00473274926151789,0.004205513726710914,-0.00026217874870579507,-0.011783546608518465,-0.0052767817722691335,0.0035273682562142108,0.03694712975099279,1
-0.30068404618278044,-0.2288194729248062,0.1504970694030509,-0.2907743770826535,-0.23988415090158546,-2.419280879402639e-05,-0.011800334173703153,-0.025475423195574828,-0.017634036982792194,0.03017731023479505,0.041397364478256884,-0.018495109703974343,0.006922908936541044,-0.03554289453105201,0.010711182238831541,0.03336546945850528,0
-0.2824247376755986,-0.2595813248341352,0.08749792350643633,-0.3135908407710575,-0.23417800898982818,-0.015979798728665864,-0.017876881203688275,-0.01033077036351068,-0.042576658944753085,0.05917143668285837,0.018740247013830792,-0.0009917136475740497,0.008674003521455979,-0.027739758993506832,0.01389956099531823,0.036520498739454677,0
-0.2215697803195774,-0.29623684476373496,0.1335167762153764,-0.293114773056563,-0.27558907523851645,0.010702402433944101,-0.026330490692307633,-0.00383916327269022,-0.035064372040539124,0.06907184467671064,0.015309857579417302,-0.0009350894568413502,0.00628795610269248,-0.03408612773913075,0.018490726538139657,0.03185953288062663,0
-0.22931488808815273,-0.30217245168005263,0.07939587673440626,-0.3760444567371788,-0.2975591015793796,-0.01613242621995421,-0.017157869291454388,-0.017529967885412348,-0.05275147163597282,0.06339493753779638,0.01199850456363392,0.004043267016172288,0.0009105336319657067,-0.02575832698770206,0.014101744321807068,0.04414498165708587,0
-0.21054342582317045,-0.32511371448263865,0.07080087809030407,-0.4055433742715961,-0.2551884872353144,-0.005640824639058196,-0.0162077905910514,-0.007290084488515215,-0.0525225660764415,0.05701299731080705,0.008458508408964647,0.004846783360857257,0.0007558308360234511,-0.026700582702414922,0.011788793928327823,0.046729627955438155,0
-0.20689897790734202,-0.32965889004085525,0.06305635936890905,-0.36672532726899304,-0.2558768535424097,-0.0022684969118469947,-0.01876378013402509,0.0005766133320264142,-0.0548713386376064,0.053115604377629674,0.0048240498268539815,0.006506270286239419,-0.0021026802553996767,-0.022185383455154417,0.010383879901407676,0.030963623002865683,0
-0.19781238254035163,-0.25355396852033224,0.0974414362954922,-0.15973716041364883,-0.23156679868179242,0.014327836190834825,-0.026988881700455897,0.011096717021859819,-0.03794761511607972,0.0681732272570122,-0.0019416404720420776,0.01381055996468034,-0.00011509206161930324,-0.012118166402260709,0.028272052793000033,0.003322855133636086,0
-0.22642585018562195,-0.2760314450709177,0.047562221869786196,-0.26795184327308397,-0.25879874816134557,-0.013959389377728424,-0.022223867576875472,-0.0021722790261931657,-0.054451750228726094,0.06128156091116767,-7.906954679916275e-05,0.012547099383229133,-0.004220861506363967,-0.011151432953202473,0.018696031447880332,0.018733676870325133,0
-0.24329283805309895,-0.2757195248155223,0.069195939986861,-0.3360376328360815,-0.2699590187761843,-0.01914089647515216,-0.015372816037101146,-0.012854388641235955,-0.04700490505384882,0.049686001410646656,0.012235056709995515,0.00513886925521716,-0.003173171551532246,-0.01912462498129296,0.013551902637567531,0.02840987404318993,0
-0.2499618287912518,-0.2559861847528518,0.0839216365523783,-0.2731657842385423,-0.2659205370288701,-0.015230883057959258,-0.01651858084334221,-0.005275708528292329,-0.04023271730894814,0.044090135545903436,0.016678465544765226,0.0018175775544921466,-0.004980400398464352,-0.0208618604970467,0.016898534108122545,0.02356781215507351,0
-0.2726101492393474,-0.25587185251679834,0.06531698562055338,-0.2895079623212586,-0.2627354598583445,-0.027176243533625424,-0.017350336192720736,-0.008643322294313612,-0.04698964115479043,0.05044085650186692,0.014465654685640239,0.001294752600678558,-0.0012462097297206562,-0.021447313198369473,0.014216487853711816,0.027761813741573764,0
-0.28436151102475427,-0.26374514881228095,0.06539072283879853,-0.3615027373743801,-0.2588228302966489,-0.033045106075515356,-0.011611249868917121,-0.0173899545777723,-0.0412432827572093,0.027971705420368784,0.02466639384444926,-0.0068570724266973585,-0.004094006850938482,-0.024978971849483705,0.006738446141937852,0.0316456377897365,0
0.366464767969088,-0.0029674564558132776,0.04523421176341764,0.1339313099505239,0.17559829384459272,-0.041676571558088765,0.049541236226588216,-0.010798079845868776,0.05242332521970006,0.04206543405291428,-0.01485077900810398,-0.015790188469163514,0.032813422558559215,-0.028790067358587603,-0.006724075554414956,-0.0470479074546871,0
0.3624774026762114,-0.005985583054008724,0.04237360777453135,0.06766047477999944,0.1669303159305482,-0.04140207238218314,0.047195503030041885,-0.013533972763808425,0.035000087768328206,0.03737766949971842,-0.013516220592120218,-0.01031012904049282,0.02872449537932564,-0.034484390982191096,-0.004140058884168247,-0.030221438363214285,0
0.3594892792602917,-0.0007970206692188876,0.04636207198166389,0.0688208773862078,0.12305343686307553,-0.054494333743090574,0.038800899245291794,-0.020549909765840906,0.0239464638022189,0.0403808509018875,-0.011594874688821248,2.2339649962666225e-05,0.02570433318162884,-0.032634214035095956,-0.0014386287253563292,-0.02359413701810957,0
0.3623508179853274,0.0031832588200811445,0.03218477685194135,0.08370879689937928,0.15565240721598192,-0.04186127622205321,0.047584502818991986,-0.011537115110723003,0.031715206763159545,0.0321570132090723,-0.009152523830138398,-0.00605776059083435,0.024548112112578187,-0.029215723940408896,-0.0035575444453602133,-0.024951145241188015,0
0.3761213153143497,0.008052846592281133,0.04618197657645455,0.08542747586414344,0.1833454241580666,-0.047481707363378596,0.044489990354960346,-0.008273111690645,0.03636412222732863,0.032372417337801884,-0.016705772022874637,-0.01036366837072124,0.028877568882833826,-0.0362682377019337,-0.010405485866958107,-0.03298066065455146,0
0.34382378788631884,-0.00533559188974185,0.038539126927442234,0.055461355636359094,0.0608489413151062,-0.06010934053704082,0.04154401767549697,-0.034861949209933886,0.007515824002934027,0.04236852925149417,-0.007322888168499271,0.02092943769736062,0.0186150610735735,-0.015269197073721938,-0.00400429909740952,-0.03476644687039846,0
0.3450022903824828,-0.010875637218506767,0.039675213880787805,0.03881039618012856,0.04232158687134096,-0.07096419096538363,0.036913666678989696,-0.03862284714772113,-0.003348404347166594,0.037367697188923646,-0.005421118149849531,0.025340100303915317,0.013801037709201752,-0.02176244733214456,-0.000566469156574543,-0.014056219216008801,0
0.3607622028591039,0.006578347877380151,0.05554927865921235,0.04951578776425572,0.058561116997051466,-0.07763393404335954,0.026113840950705573,-0.03598718790134239,-0.00043071349794659725,0.04255768822142502,-0.010869470637311623,0.020801815238449574,0.01965799110767935,-0.028842709945378166,-0.003691622204167297,-0.01987152697258609,0
0.3538563563295831,-0.015601792729959943,0.04677159352839653,-0.013624107762502797,-0.0003175752330717497,-0.08777471602993253,0.02623156876832624,-0.05377685765555484,-0.024253413616421266,0.04586193039962389,-0.0014761361569287348,0.02744942775571656,0.01422135559944267,-0.030837314150328605,0.004798843158291494,0.0009167862219039397,0
0.36184476756687334,0.011135993960437343,0.04746782034235875,0.07538735630470116,0.06901208091864873,-0.07623174244155534,0.029592258843372552,-0.030617559552790885,0.003981815862229521,0.03751253273815947,-0.008500904552463101,0.01752580040288759,0.018982943845141504,-0.028885748386447883,-0.002681928396078595,-0.012623116192633732,0
0.35142570393514816,0.004249723720238464,0.046749969808405144,0.06762096821757682,0.017422958141424773,-0.08048759200150639,0.028766879121950757,-0.041097217877370376,-0.003121393932501317,0.0460285194755894,-0.004984796173485094,0.028189316614486603,0.01623881065690409,-0.01832029582548932,0.0006706555488250706,-0.0207783354429735,0
0.3611985757805947,0.0004715956338261494,0.04890593176752972,0.05837286097482983,0.08634868382896593,-0.06717754885295771,0.03750632024536466,-0.032715918573938324,0.010409278540044935,0.04306997565368718,-0.011212396526847707,0.013651730248492193,0.023348470665967944,-0.025955407436999107,-0.00615117716083613,-0.033257980367589084,0
0.24113154255650995,0.26207413000688,0.13189689225276763,-0.07704328162365087,-0.015900852893245245,0.021784032139187497,-0.1197204204285502,-0.02704841846651423,-0.06921129107675128,0.07986799204252493,0.02691242319705499,-0.02126393835105749,0.034751909349719605,-0.026556315783477415,0.005823431961275075,0.04276754458008223,1
0.2604851117078223,0.25802560243732336,0.13668009110805376,-0.13357059620865383,-0.0323118670749842,0.01760385526222579,-0.1364367404303393,-0.04368192156686738,-0.0876948336853349,0.08951162880835459,0.03739442854395239,-0.031146872339203196,0.036572141681327365,-0.0346943656189341,0.010944925849688265,0.0549725987379925,1
0.2782040096982935,0.2826087508640452,0.136466935597056,-0.08652100048206772,0.03613540349088806,0.030425713773642768,-0.12885362988233695,-0.018770556170197916,-0.06551766851179176,0.08681921877358437,0.0266306591578232,-0.029790376056113753,0.044714485182096086,-0.028011463304191648,-0.0009709131074282981,0.019536987565333164,1
0.2528923636664648,0.2621347482726954,0.11799344434137317,-0.12097479542252301,-0.015834526025208545,0.021024704579092515,-0.11488730507914101,-0.03282902239952139,-0.08849745000077759,0.06227426163879881,0.03173450367528522,-0.015951363000962275,0.02781146931654964,-0.01902295456821031,-0.0057424945237706795,0.03424398649595494,1
0.2530839908201579,0.28802263221841584,0.12309520475030089,-0.09916682491152906,-0.0031718542232487055,0.026383826907039224,-0.11776467712809056,-0.028756559387166362,-0.08480987596164972,0.06218564602354196,0.03311611145822562,-0.017540141033413566,0.029575878925638722,-0.015343662054945601,-0.010057427229090634,0.018197104040478983,1
0.23132575515579712,0.31452248070026767,0.10971076114499778,-0.11505095364071372,-0.011877185964972376,0.035151426451413774,-0.10659366170970704,-0.030165322490251938,-0.09778526516496751,0.037296631756024656,0.040902065754517256,-0.017038606260670795,0.02125730558711737,-0.0071474123723272364,-0.018173823519911158,0.007781189014156593,1
0.23484070207447139,0.3321442938066672,0.09789358441545017,-0.08762308307114319,-0.04990340378633549,0.021925523347105097,-0.10386333766008739,-0.030321253200644546,-0.10925650456851811,0.029901223669548456,0.046677605085714606,-0.013260174317811634,0.01412877568989784,-0.002581619716183921,-0.019489874982905706,0.0067026361048453794,1
0.21385475984738597,0.3496523629540003,0.07922853769835003,-0.15887351880199466,-0.06393012499118206,0.030019139968494247,-0.09316274577214749,-0.044725675156396985,-0.1352349321776443,-0.00798137043310883,0.0568675595237829,-0.018334613405766444,0.0012789688129412646,0.0031037830080409947,-0.03218595171546264,0.007572809797996852,1
0.22765944376746494,0.3952525121783361,0.08342667434688686,-0.07350814981156037,0.007786635050529212,0.04065043748973599,-0.08854284725169939,-0.013469448057586653,-0.10940652572448259,-0.014014266601841966,0.054436328704385445,-0.020513322792666374,0.010371710731595152,-0.002209346014089226,-0.0275871759000715,-0.00830258977385828,1
0.20806683018900404,0.377494827882685,0.08546277999654021,-0.1353935073499419,-0.040595875957983904,0.0346852187316929,-0.09045990399748242,-0.04270106646081126,-0.13123300468540908,-0.021331875635867623,0.059004500546697106,-0.016161725661710823,-0.0008015718105896237,0.004169037279351062,-0.03581151635893687,-0.004078122493444512,1
0.20470473571554795,0.3615680754725444,0.08349602811147086,-0.013704506303915346,-0.08504213880701263,0.0075399516519594175,-0.08217997726266463,-0.027597218187072815,-0.11098492557200594,-0.004128586560679094,0.04418041545198555,0.002020717080132384,-0.00210554150527658,0.0054856211158670724,-0.028365590620440483,0.001077070532477935,1
0.21494691178705005,0.3657119686137958,0.08949542894453466,-0.036451719920752884,-0.014963601140302379,0.02662961284178801,-0.08295651191390985,-0.01792318912657736,-0.10082698969645555,-0.009144619891196396,0.04080835972878114,-0.000616280344039361,0.004233606476547992,0.0052514124830214,-0.03448824639206255,-0.011707806390081645,1
-0.4071785104934395,-0.02358422480963575,0.1433488166847632,-0.021448970009052833,0.12093366919920284,0.004718853211808399,0.04562793922900699,0.03243481141183327,0.03652457033090391,-0.08315218454443389,0.057835931195464096,-0.03313047467692137,0.0009799033146948215,-0.018877961484646384,-0.012693309174513697,0.015440115910957172,0
-0.3941859989610109,-0.06749783563622389,0.16022017502414934,-0.001415399941387117,0.030521055627015726,0.005438274198345578,0.031060076435017278,0.03270225462036646,0.019051915344647074,-0.03999270509925084,0.04688044823333414,-0.030454864299167803,0.007579141390087447,-0.0228198065655047,-0.013953563919531165,0.020784207344373407,0
-0.3503237924394258,-0.104376445838691,0.1666323419564438,0.0024486081854289536,-0.020097229319601867,0.018010757290124923,0.01690026160255035,0.04021807482576341,0.01711778714237606,-0.019328631011423323,0.035835903192353885,-0.027487891668051764,0.004308832792402312,-0.019226402175480627,-0.008895392110333218,0.008497531031541551,0
-0.35853114831760907,-0.12703297757882284,0.1611903820215563,-0.10903932421028999,-0.12457304837662721,-0.003716875270187053,0.011630582137176746,-0.0019984966906279288,0.0024963673977665794,-0.013002604969927965,0.04647635402244589,-0.024759059787843277,0.005858228148113365,-0.030387950316049687,0.0018674936593079496,0.027570332823398595,0
-0.33379584292471487,-0.17593640161144286,0.15157297411908938,-0.12983552653064417,-0.11219760864144478,0.008283484879312547,-5.682630877786561e-05,0.0219108583705469,0.000898627238460989,-0.012668966192893497,0.04331240726404659,-0.02631730572654851,0.0014928047734192216,-0.027384087235419585,-0.0026269853774513346,0.015020205083586506,0
-0.36242109164631614,-0.14887577536047306,0.16982231822884444,-0.13330905566050866,-0.13227200127211614,0.0002895638091988239,0.008393841367782222,-0.0017024865561288338,0.0036988388962551325,-0.014987542154288285,0.05058544005201651,-0.030411331706505864,0.006483577372445397,-0.031021183365630485,-0.0038383356562343473,0.02365849510839771,0
-0.368918050655513,-0.1097010703838217,0.11795161647047991,-0.07690042516648253,-0.04768649593743713,-0.015168752649241253,0.014806482275904127,0.02199127018704758,0.0015302158256451342,-0.03251541044233481,0.04786025061595518,-0.02604742249733635,-0.00041986168464034013,-0.028472697458993484,0.0005488134344499865,0.018203156519018496,0
-0.4232154911013668,-0.10162271920216989,0.05877575775045623,-0.18680084294670726,-0.06544885930880878,-0.06463229114814449,0.016489837854008413,-0.008669000336585266,-0.010517369992256933,-0.0383920277296651,0.05055076575907737,-0.026662550362098053,0.0016244489481770335,-0.03598062220345305,0.005499400478898191,0.03053361244719573,0
-0.4676734094165193,0.003899260203061178,0.04776878008832811,-0.03652743017391836,0.03547604181667339,-0.07472454520037415,0.0371979255090409,0.010883374774070429,0.003000612915274932,-0.05780015234744266,0.047454818814363635,-0.02007876050592994,-0.004627470055043888,-0.022684633404983813,0.010921100898743647,0.010602049478213756,0
-0.44930352221108033,-0.06876477903686652,0.04954996980236774,-0.15024173833162272,-0.055146217912675516,-0.07740279934178643,0.024097536867406646,-0.0068653321257159585,-0.00637001900321331,-0.05572885439288028,0.05192801738850348,-0.029606915485735318,-0.0044214964141089256,-0.03349707405711197,0.005775136520420071,0.02137667867258932,0
-0.4833338088824895,0.00827823525843788,0.031673143887806114,-0.024299239596280445,0.05511460739926661,-0.08239443846559083,0.03493109269167663,0.017089830437098347,6.8769510726849235e-06,-0.058034992478775846,0.04557782297946909,-0.023526472357955748,-0.0045434763243037465,-0.023310721001188008,0.011685011189207516,0.016817845504351964,0
-0.47255271501058993,-0.010081580325208306,0.039552847522714006,-0.0850051997267638,0.009367550535375076,-0.08502541210077554,0.036298996664912465,0.004243572179256604,0.004589003254670107,-0.08074239486715533,0.054771124335065195,-0.030249463229642226,-0.010818334251019825,-0.02493779291563414,0.009237496340646426,0.02358518439490345,0
-0.5150018320419604,0.0578579589844344,0.11315507093568153,-0.05757926979113389,0.028976461274918115,-0.05924765648771131,0.05064167208715191,-0.02317134298106046,0.011041470815158784,-0.04777555430631287,0.0568365161039268,-0.0027126926829861195,0.009281871544026514,-0.001364483142578167,-0.006460630666330807,0.03998957676933102,1
-0.5393751584272244,0.0486253508343401,0.09937856492956045,-0.12213980746588145,0.0025159763506764823,-0.07289842669771693,0.0456013675808591,-0.038477960383136084,0.00638183953940769,-0.0442816481417147,0.05743959773520579,-0.0034247484492589864,0.00961423126452306,0.0005596079159563676,-0.0023585994084277854,0.04440985375413219,1
-0.5088378375029237,0.04919736946088821,0.12034061976523147,-0.0970548952364037,-0.016178656374055432,-0.058242235988001004,0.047199633280622086,-0.04236370303232906,0.007730036299644327,-0.04490182763889007,0.05727149319716486,-0.0028537010712455786,0.009651626912029497,-0.004870137820669347,-0.0014660633805269052,0.04701753015047502,1
-0.5200216842030837,0.07923245223250111,0.0577092794478385,-0.046475572169149826,-0.002076146712986065,-0.09256351603525198,0.04772630010514675,-0.01995554992302913,0.001593851318492024,-0.04525278677257052,0.0443725032756931,-0.0004890975184756118,0.0008540360002725071,-4.7696401185131074e-05,0.009604691260750892,0.045076996226325765,1
-0.5438983098090743,0.06550753972597997,0.03217850483776702,0.005261807278337398,-0.04201182758689679,-0.1160869245563822,0.03915902026141986,-0.006924489051568314,-0.013473815590468655,-0.029533311996869937,0.03485273681943899,-0.00871972829846492,-0.001941970343360013,-0.006736813811651332,0.009647484851126348,0.04055749550869722,1
-0.5699062482806265,0.10139960638389656,0.02289768492503347,0.12737461248831586,-0.09018742037518411,-0.13499511037514147,0.03520721976242192,0.006008130069734701,-0.030008220930907555,-0.004251276909050402,0.022995852920702442,-0.00011313902453093719,-0.004334980403810823,-0.00397336477109436,0.017914366821152994,0.037456956512051776,1
-0.5513300726825469,0.0547481022303255,0.033718604992483754,-0.019743055973194368,-0.014565633829392641,-0.11088874257523833,0.03922285275757689,-0.003171490085540367,-0.008169805694443553,-0.041524335054982875,0.039717518452939256,-0.013206851431258645,-0.0027808156410288553,-0.0053852041340891645,0.004351158069068348,0.03244987397798144,1
-0.5579387538653353,0.06360115221132517,0.06234160824075913,-0.02834550728831969,-0.019887855033153226,-0.10225986414264894,0.04409571932577851,-0.010577729103936572,-0.005408470080307659,-0.03924151117304718,0.048189828377955685,-0.006789959498795433,0.0017691290510694646,-0.0015806195546382194,0.0026797614312739104,0.04606405812368104,1
-0.5749220728802107,0.06659764690634752,0.020430948209641697,0.005997401381940308,0.03946935487109082,-0.11126761459616927,0.037516898295740155,0.010292603502336278,-0.009280694332104543,-0.031110097692590516,0.03284356725078599,-0.01123145320134267,0.002557736089120793,-0.001638182960476239,0.006566559681884117,0.03249605223755491,1
-0.5512135527302422,0.06968553674086046,0.02227079368250895,0.09508853722405239,0.031222037851497804,-0.10704327400972753,0.03264491742819105,0.022229177008110453,-0.017115486271638683,-0.022126016956629132,0.030552755388104324,-0.011395620704145109,0.00090591575476968,-0.010401346551349677,0.008712612429580756,0.029328744661653697,1
-0.5197410130678424,0.0343201462951883,0.05300600722640089,0.09799749777616369,0.02058516568705762,-0.08628833626043915,0.03006044808172034,0.025450415974235786,-0.018536799323361622,-0.01664410787810686,0.03808367106587837,-0.016334365736680016,0.005614237294757186,-0.018814791318369255,-0.003208799260732132,0.025590330707871554,1
-0.5220825097198677,0.019763728864832256,0.034542009678039165,-0.01530552706288422,0.07616973489153905,-0.08410300749001459,0.03096098017383545,0.015655367325784608,-0.005460798959792522,-0.03953213289156713,0.0416903250500214,-0.01901389369846084,0.005392302599135425,-0.014255387294151002,-0.004012382111181172,0.022456781630509386,1
0.35919491728390723,0.05648774556056895,0.05423598830427174,0.057469870337972385,-0.055753049505762084,-0.0925732363481984,-0.00403435786387991,-0.04474599503124368,-0.03247242193238264,0.059529132199054265,-0.00015887446756669338,0.04114675731342935,0.014288326288780817,-0.012225977985855454,0.005316923982877272,-0.0077679563513635185,0
0.36350973029470707,0.034520744506500986,0.06417312477483718,0.064193796688865,-0.06708621137858385,-0.10534985413850537,-0.0015122104554668005,-0.05697332882302932,-0.026583263499251043,0.06932564158431825,-0.0002711530819695862,0.03770806527352312,0.018924280771870885,-0.018719847376993597,0.009230829067813633,-0.01166994742537397,0
0.37324091446234,0.044138510111501425,0.06697952671276208,0.1269587967188173,0.013324655443789937,-0.09376395441674447,0.007251269515980214,-0.03426476157845744,0.002739961932232393,0.05971783622666873,-0.00967954081188414,0.026796130128346248,0.0239572501560568,-0.02095084140864487,-0.0005943228374257866,-0.026788127178636826,0
0.32836658263581103,0.07135726498398684,0.03471162167125344,0.13096798035957313,-0.1080799115385469,-0.08720751443046942,0.003177322340746266,-0.035864187826316535,-0.025192783967430108,0.06197955002735544,0.004451080721374657,0.05508703246871988,0.006725624751893249,0.012057869703244807,0.011159359288487299,-0.006584001635564237,0
0.34347896887516705,0.08426625108572725,0.04851275740018096,0.0825828088125085,-0.04339889767771065,-0.07875339896425727,-0.007467129950049694,-0.026719549140085053,-0.0321799128444382,0.05144880422488611,-0.0030279521537901364,0.04881609862551616,0.009525375396658204,-0.0030151962602651965,0.0008461349948104914,-0.003657670704266826,0
0.33029334681533173,0.05682276616524962,0.05058247954724777,0.05048559067463912,-0.10894083695855798,-0.09214441260703973,-0.006319422993907009,-0.04891155913016779,-0.04597087590267958,0.0603148330938453,0.0005643149978805392,0.0595077855952557,0.004598111500134253,0.0012918431672142938,0.006193529930547637,-0.00044853138228547704,0
0.32034840964270683,0.05288247010766048,0.06027758278224202,0.09202944799963297,-0.18488520911954162,-0.11206122782071609,-0.014168335578508528,-0.06398066913481969,-0.04806287997487314,0.07949139402996394,0.005041533019294251,0.06880635673340524,0.005013419253550731,0.008398325550365326,0.015268013907502058,0.0009015941446697107,0
0.3535569229500804,0.0543717287119549,0.06231754538458098,-0.0035137649716616014,-0.06922737152030092,-0.09392551662740652,-0.015260250927717203,-0.05342754800680382,-0.05525643793283571,0.054442258015110774,-0.0018566357410942894,0.05076430354752953,0.007583312004868393,-0.01648012580612551,0.001650201365709719,0.005403505448709134,0
0.3341005381652411,0.04007748293989305,0.04923248112730584,-0.046672980921499775,-0.05187325267317667,-0.0730146802271491,0.0015728912613438186,-0.05010134733799784,-0.05432851814507818,0.05112667526689228,-0.005184742873910871,0.05395141620334097,0.0056074818696974435,-0.004916359249185599,-0.005172171305980188,-0.01307164390505034,0
0.33608918675282906,0.0416813116599078,0.056538022004315604,-0.01109931747295333,-0.06021520634878734,-0.0842929347736058,-0.00548236190527993,-0.049217947562681254,-0.05038098246338267,0.0519945512456971,-0.004631398821473864,0.053755818969730654,0.005524599485600509,-0.012471233983429615,0.001271941100162862,0.0047708123993386985,0
0.3716482281082614,0.051079736921497386,0.06406354624849858,0.0065531290363429005,-0.056963753742598586,-0.09912848139599224,-0.0123712995257347,-0.054951510886340045,-0.04768020677317781,0.057017733070717044,-0.00119537908860628,0.043248809619281715,0.012081699754902442,-0.02040730942692437,0.0020837055260360176,-0.0046271018374147805,0
0.365777194100377,0.030034972126372444,0.06422624479472645,-0.0685102481401711,-0.08852171671608945,-0.10064608743508856,-0.013308056305498018,-0.07268979760320546,-0.06742621389975136,0.06212946971879745,0.0017769021755213476,0.046499628486557795,0.009074626288891307,-0.021005497255919256,0.00268114594840761,-0.0034484695327280605,0
0.14858790048796555,0.34052475015488026,-0.04798984538582397,-0.13647482909273279,-0.12414267885987322,0.027229727947458197,-0.020726642596995862,-0.0017400069779731394,-0.08983006977522412,-0.03460743178613526,0.006491479030859345,-0.03173844994058294,0.008758734146809055,0.005002334778891182,-0.035543232230355264,0.0008034561455414881,1
0.19091033447106998,0.3247108788244432,-0.002262503207595394,-0.22271476782365804,-0.14830622160080392,0.021257808545462782,-0.05724075992674862,-0.03654126088747105,-0.1465441151202794,-0.029161600610284555,0.03498272886851563,-0.03801358998036181,-0.006465728238434107,0.01013516950586909,-0.04223624097083897,0.035950166244173035,1
0.1894201952496003,0.3140469985318704,-0.043141968838587674,-0.2123480665137529,-0.13064436404674482,0.02406052607323595,-0.03799589141960872,-0.011431762184300382,-0.12121481839693697,-0.03207122501416858,0.016483606488912686,-0.04239422218180821,0.0013459122030631402,0.00826524539677775,-0.03928754142738126,0.03923548495586596,1
0.18088835182639945,0.3356472604286082,-0.048692432839160714,-0.1683899642777104,-0.1383173296813744,0.02197063312730794,-0.030894013875230143,-0.007114879735788209,-0.11310846572736574,-0.03389982132357667,0.013314388364562424,-0.03633839229643113,0.003880064835664306,0.009574089610706155,-0.041695981776410276,0.017429679786816917,1
0.20128934831077802,0.3376011892914013,-0.03723365464539618,-0.13326373918215903,-0.205730039793829,0.0029075528573817766,-0.04160410382114751,-0.016884165806746364,-0.13022657122580755,-0.01360362498988676,0.02227786365079511,-0.03564500596649417,-0.0010962426509600084,0.013926804018136075,-0.03811317336952729,0.028216674799868724,1
0.19616298891094305,0.32802733508178983,-0.07113608658034946,-0.13758473867867027,-0.10131737737870998,0.02032833595775599,-0.019132591157190838,0.011922821294199864,-0.09578031065539876,-0.04524687804799886,0.005205648757249159,-0.024270867022009607,0.0033114233033574966,0.01226634990737308,-0.046191006341158754,0.007955207094295967,1
0.13447091924518043,0.40216276962696634,-0.06648492759180892,-0.17929503200493524,-0.1938413721320061,0.015364641416134299,-0.02143429102463985,-0.028158822050614964,-0.12424310620241523,-0.059983495371845656,0.007231523583442733,-0.0533436816061416,0.001464185283546744,0.006127524488980076,-0.04979918336449382,0.01013501714640585,1
0.14844786699904258,0.3995915275230315,-0.12484046993695318,-0.16388301569806574,-0.20305212823899182,0.005760916855864569,-0.012992003544043802,-0.00496355649023023,-0.09692109030509859,-0.05304657098753924,-0.013448807351553503,-0.057518279565445855,0.012887894481880702,-0.0007866950198837934,-0.047606748645515395,0.014779645856112932,1
0.14067573562061647,0.39982811518727,-0.13004717782092542,-0.2306316381879259,-0.21345063208422813,0.0074947512861595934,-0.016191842855037324,-0.018065708532172944,-0.11016973163391262,-0.060793477756547275,-0.01290376371860883,-0.06452856171504477,0.010221209492887719,0.002760339942900938,-0.050227433047689105,0.010711689234354718,1
0.15091302274211796,0.4112547096206539,-0.14260541573017566,-0.19156100853884464,-0.20656477168782406,0.0033381493953874913,-0.013062134452633916,-0.0075143737197641315,-0.10176580628936716,-0.06107757355740661,-0.01675549102972662,-0.05957132397964371,0.014075829246936065,-0.0008702236404893312,-0.0515352895028691,0.011848396662904409,1
0.16282815180564253,0.39021208752836073,-0.1462234977951477,-0.21385696069913507,-0.198088599608351,0.006496139547213322,-0.01562358226281544,-0.003182239371508352,-0.10098811176123644,-0.057125357181677744,-0.0152970660076555,-0.06134869396680793,0.01313113363198163,0.0001330139020520169,-0.049420338812947745,0.01821735401005414,1
0.17929682839597463,0.38206398580123796,-0.10771425038268262,-0.22602933970252934,-0.15119174249232836,0.026206612793574845,-0.01939187280254504,-0.0051431039108928355,-0.11473435739602408,-0.05088281859509076,-0.0027513019460969545,-0.05435744188849378,0.011489987862753463,0.012689355548099482,-0.05636074732012945,-0.007895891079485396,1
-0.3878139092818064,-0.07873413131472834,0.020923166055729383,0.044344093048113674,-0.045397465058199894,-0.05287683539323034,-0.006427956835198591,0.03463101757632359,-0.028564865173894557,-0.004540808176955852,0.02673299352066045,-0.022642614947494352,-0.008516484662308213,-0.033156887167557235,0.018515182086365368,0.007328989728973486,0
-0.3782938717692885,-0.09216753282806878,0.028557023401801083,0.057562376934253486,-0.015876852807816498,-0.03519321622114767,-0.011930571620086905,0.04593460298910818,-0.02826487603173469,-0.002179653435648598,0.027176781197690153,-0.024035891035782013,-0.007231796842724778,-0.028391505529720758,0.014517366716996955,-0.0011707280482501688,0
-0.4080659549533107,-0.052310486644017586,0.023120614423943513,0.16057797795861056,0.006407849105615771,-0.04450129802584772,-0.010493479958867184,0.05313449343518138,-0.031005586445114273,-0.00450711464384521,0.02834030904358581,-0.032307672485056164,-0.009130945369587197,-0.031108038964812155,0.013681520023572584,-0.007145544260465055,0
-0.4163713827590268,-0.10360217159874359,0.03957641256049288,0.003893490294322321,-0.01141769904925027,-0.04601332215803125,-0.004235083441666937,0.04415001110116023,-0.02349462435306922,-0.02267176611157141,0.03931144858822252,-0.03416252635223372,-0.005590155358239202,-0.03263709175400593,0.002309404479050651,-0.00987634593112411,0
-0.4335014041302105,-0.09281849980402179,0.03439699518841986,0.014949377519038088,-0.015968904132296468,-0.05723981046535373,-0.002361403963844689,0.042244513895479084,-0.0257496702855614,-0.02772536643966376,0.04133162926955034,-0.037781733848707914,-0.0056669420142227275,-0.03628505351136383,0.0025905986345028387,-0.0016156159021416272,0
-0.42131536381466317,-0.0050623291712284,0.07540245766260568,0.16158868922066538,0.04270118820228355,-0.04190334943802618,0.02841778718881493,0.05975723173186934,-0.002831820726395609,-0.04401846929227963,0.04495395411531552,-0.03578454677315133,-0.010644784813729572,-0.02928238778610569,0.0014890690728885548,0.012930139885984774,0
-0.46344136247621576,0.0371455998738532,0.03544762174555977,0.16363762194410292,0.16263425950156468,-0.051072487991911754,0.03149447260866844,0.06335664225140117,0.002318004294721841,-0.04090384201206304,0.03935228622170951,-0.029774060634730527,-0.005512452413996366,-0.025327941898663248,0.010325648125511724,0.005917992518804903,0
-0.4783384160618976,0.024282061733542297,0.0207920164645108,0.1535672766623491,0.053879609722562276,-0.08003857672928012,0.022202251171958644,0.046989467854586166,-0.014758584543026658,-0.03848471887555448,0.03798092904752336,-0.03333163545285572,-0.009932120440643882,-0.0331106026980521,0.01763329966451879,0.016994707918029994,0
-0.45827007722090557,-0.02663833365670394,-0.010773923826799108,0.06488996549102014,0.01474141289051708,-0.08724634498405862,0.006111113248979385,0.036676148333262985,-0.01847742489123308,-0.05656233682838022,0.03705809684784347,-0.0426561519174177,-0.01808795096873321,-0.039530925148970164,0.016956571545735936,0.015083894697074038,0
-0.4920543203260742,0.034795301624481925,0.020022577645327076,0.11337318586912962,0.06767997481469941,-0.08471102986569169,0.02917605389383012,0.04047988831526728,-0.009706804067948065,-0.04493793366011734,0.038553939053717956,-0.027721148230286152,-0.008222913502222127,-0.02820512773972192,0.01836876840891977,0.019249771914151552,0
-0.45613543321535127,-0.03254284954858012,0.046418774154423345,0.005884710249467285,0.05111617534254356,-0.0621152571725954,0.02519464992369427,0.03718238925015552,0.00010821019477090681,-0.06747069251109272,0.05339996101195406,-0.038016256917505535,-0.010280836317913381,-0.030080196821838375,0.0023862342770880045,0.0037191055268981886,0
-0.45406877741275165,-0.018183058611447627,0.01030372354081256,0.06836350358904224,0.10370681857856666,-0.06337133116900627,0.014781022651470131,0.05015972965637833,-0.003509265016128409,-0.06280715865338024,0.04421307258516394,-0.04040606439831468,-0.014434877472750761,-0.031097970282874705,0.009100807239908663,-0.004761737201403298,0
-0.5643931370954383,0.14890135670916724,0.06931121286177215,0.2091871883594911,0.03053303467591823,-0.0989378062537444,0.05458564385766767,0.038547836862472026,-0.010730710913206386,-0.008732001754895363,0.03925045852770176,0.016671485558340682,0.0038191408440496222,0.008844615179294303,0.004596421264639123,0.05266736714456003,1
-0.5137147314772348,0.13671103259430134,0.11379477959036016,0.20223412992255854,0.016606332714779157,-0.07177038672498927,0.0674675883174162,0.03093583252459733,0.0035405490940327252,-0.034641758618669916,0.04952162318445348,0.0070846379335469094,-8.843042109699823e-05,0.001954903084473962,-0.010400574613789425,0.058844967550962655,1
-0.4979022340168588,0.1303416029451385,0.11983546446765925,0.26285514895343565,0.014658859777408603,-0.06573131147438059,0.06788409741892855,0.04365360416186117,-0.000620828700482565,-0.019004876552840087,0.04228503357836698,0.004908652810345192,0.0022050607488240045,-0.0036620745532161014,-0.016900252623780043,0.05510449942213736,1
-0.5328820758392595,0.1606315691523861,0.0776391879673955,0.24694096994287623,0.09177188414495174,-0.07649488950041532,0.06382183747642703,0.050988390271028576,-0.000970977326757049,0.001395086928732093,0.03267978031853984,0.020488887184061774,0.00794080540539698,0.00639366395954526,0.0009820204839105422,0.04365474802638483,1
-0.5352461698294517,0.14573832664271014,0.0752463385305298,0.216290802361441,0.07708816074814664,-0.08001376971917085,0.06030995564223271,0.044562841097738316,-0.0013463610962719706,-0.007686491984795122,0.03624206265123924,0.01375127854227309,0.005348005576435851,0.0037768905449443234,0.0021423508494650503,0.04258033719223323,1
-0.6029306513423514,0.20327861307890543,0.026216705805539725,0.2097404784357237,-0.023130415548703664,-0.1287744978671898,0.047181322810999085,0.032611050157788805,-0.020030442885053918,0.016089266637735314,0.021797851285539457,0.039177885334937955,-0.0008802860372707094,0.028483841082152815,0.03256479708391291,0.04328618428000752,1
-0.5502769481648812,0.13260782343881958,0.02935716077006508,0.1611002039756662,0.052685349635311865,-0.10401541864534401,0.047108609060425494,0.03348524140942524,-0.007560179018331644,-0.021755704345771554,0.031652646859278495,0.0033995760716718816,-0.0034473519520189806,0.0010630121264262374,0.018774364843073266,0.039483381172535206,1
-0.5732975179971174,0.1557881665562797,0.009977919382845682,0.20379390393777871,-0.042577752119329855,-0.13199758213140636,0.03910332426101662,0.02189712960163137,-0.030330704928394844,0.016224933124500355,0.013376884633507953,0.017245379744433666,-0.0010259532969933442,0.002774601108177556,0.03510282667994787,0.05208954541427043,1
-0.5914735280877297,0.1670954112878146,-0.019926564769421833,0.1932936178664942,-0.15651728418087912,-0.16772305265257742,0.03355018996744071,0.009453626415904566,-0.035835643153883,-0.010422982457515214,0.007609650121947049,0.003964778640241844,-0.024349151498605868,0.011586453018967695,0.0414291372931816,0.053139339148860584,1
-0.6134243630156195,0.146371087284359,-0.08106582418201273,0.13858427323488998,-0.06146071170626658,-0.16085336822342897,0.02340769379246858,0.012523193295564719,-0.029732460164041012,-0.020263895836230873,-0.020680676679307442,-0.021123266844624528,-0.02707686993771986,0.01054693261931013,0.04833449533187953,0.042105615584670124,1
-0.5775886115212395,0.12615439006738652,-0.02681606973315003,0.22654923954270847,-0.012312574636721698,-0.1338050043445103,0.021209956096456796,0.031511600481245884,-0.03050672840666569,-0.009856006104352817,0.008034780254523212,-0.010369310959124203,-0.013280074501055658,-0.009264461626969497,0.038027280670494566,0.034797195837398515,1
-0.5991788053130482,0.1488638536529345,-0.04173072832544702,0.15397115066481273,-0.06656042217797899,-0.1543022491228731,0.02989562419101829,0.015687279803525734,-0.027478805367445788,-0.01396131350978851,-0.0008260347373289194,-0.00645690426845652,-0.020117311854431847,0.009457504068808192,0.04187097238575274,0.03835299800589866,1
0.3912918556578734,0.08219881155226114,0.119244751383838,0.0815071714495933,-0.14743777854310258,-0.14447908554399563,-0.06314687583420464,-0.08837856473659748,-0.05703885670796791,0.09316076257940527,-0.0031792316876925655,0.05563467056845592,0.019771075086794588,-0.028737062132607284,0.0036583579759738916,-0.008297438324287896,0
0.3897698032465281,0.03858648745745369,0.10837307538826778,-0.022571241208396837,-0.040344330628448846,-0.12045033946768309,-0.037682673769209654,-0.08138491608113452,-0.052916298719894964,0.0662149944100439,-0.013713194878583572,0.03963041318367488,0.01944979898164943,-0.0481036189472497,-0.0049030228352798,-0.005212654723957193,0
0.36503664437096567,0.004078570125903201,0.08820185716151911,-0.08302195640109301,-0.08849540799023037,-0.11843432488292646,-0.023997248609303197,-0.08833449429280003,-0.06911106264876561,0.06588627852521965,-0.002428324638577362,0.04464036893025504,0.010913352928824883,-0.04281647790511212,0.006182365154138285,0.015834459486288116,0
0.37414764682545704,0.016238831460221724,0.08386715089450875,0.011066336352735464,-0.00521839118367374,-0.10013612403297721,0.0012159241748790656,-0.062448026581079216,-0.02218632578534493,0.06644257319502545,-0.012770576634728274,0.030208715775870257,0.024916780446044336,-0.031852044209421594,-0.003910765634063056,-0.03505917401655432,0
0.37139183327457204,-0.006771118469928504,0.08369489897147599,0.035321638637725895,-0.028490171716953654,-0.11590258535706524,0.008077690074647766,-0.07071187682979675,-0.017739930616690762,0.06607088110682476,-0.009479957123860077,0.030247985995597946,0.023726714396565665,-0.03370833456182211,2.644955301784384e-05,-0.028966307593681836,0
0.36414175254137154,-0.004448702020244076,0.07495389136541977,-0.007673962908033341,-0.029846072671961797,-0.10327894318491032,0.011024572706807848,-0.07032517740678047,-0.028398007674737828,0.06166773219349948,-0.008593278030651703,0.03710239091846716,0.0194810471010973,-0.02517402044694933,-0.0046400259378424945,-0.03674530063462017,0
0.3366388984876376,0.013082752841816066,0.052809451794704476,0.028144205776393535,-0.12084282009353335,-0.10828939048160131,0.006028412398284842,-0.0691601041039511,-0.04510727847167869,0.05992042206565034,0.0030745437599869964,0.05710035363745708,0.0060950667546994935,-0.005241631588982845,0.0057399242473013595,-0.00706963721220168,0
0.3445958317879051,0.023831023892163145,0.04195477295124772,-0.04441646058725406,-0.05793026984559503,-0.08548520397141451,0.009042173626409343,-0.056516004113277445,-0.05451998076376054,0.04439107005811106,-0.0003665770588222129,0.049768088910901474,0.004471649824681448,-0.01048226557140521,-0.0029192607868978866,-0.003099231001938559,0
0.3202963590744984,0.04282515050158443,0.041895521515553015,-0.030330127019036212,-0.14291460484580934,-0.09699067942386877,-0.009007472394447701,-0.06155611834616034,-0.07635776231945049,0.044616251258526265,0.0036397763085931124,0.06818864267222054,-0.008196455329401844,0.0008025565221035655,0.0014050097749556398,0.024361704513214802,0
0.29560732467034045,0.05118133152158823,0.02360721678877278,-0.04597419675622488,-0.14022701737696697,-0.07594754658671868,0.002450195824366233,-0.051535027941753714,-0.07572457930150776,0.03671187273117857,-0.0010962118097230646,0.0746647559791784,-0.014572447937734625,0.01974612051422307,-0.008011979144096858,0.008787915302595435,0
0.29363401714834736,0.07133992670704097,0.022704091917980087,-0.031173345475605917,-0.11242467543473818,-0.06591133415998736,0.0011037329359969434,-0.040995582760823504,-0.0711474258036036,0.03273236773503578,-0.0035145855889979977,0.07397956254601507,-0.012704569405247602,0.021642210522764174,-0.011552432046868342,0.0014448941486487298,0
0.29205800406908383,0.05270192006855501,0.019160220801892027,-0.07128007872543711,-0.1022190711092803,-0.06376099243852716,0.006241054131428213,-0.043377080822644326,-0.07574275768959485,0.02572032216956913,-0.00476486273381278,0.07397158367632964,-0.016352141656402572,0.01854343259764672,-0.013722885142453086,0.009316626132019765,0
0.2507130847590901,0.2664356028553018,0.013614973832794561,-0.1465546864637502,-0.083016529585946,0.013783232908517773,-0.05497025074182331,-0.011402311367724594,-0.11505935544735056,0.013935421580667469,0.02685981603092473,-0.007169934807692684,0.009045947712969814,0.01496506157146715,-0.029263134805636755,0.010150874099699678,1
0.2618029132838071,0.28400214981322724,0.032563256141836,-0.18334405233804937,-0.09621263273877997,0.01226761245794814,-0.07830800568354075,-0.027482790764372857,-0.13810317599620514,0.016209016392007412,0.040597255120407495,-0.01686244170710487,0.006277516116942125,0.009078496396244097,-0.02817446914146367,0.023079566184149834,1
0.260390623555357,0.2776001861715901,-0.0036080747117352508,-0.13194481476762085,-0.10836750656854628,0.009564941894298202,-0.052714837599582294,-0.004650962470231871,-0.1163347194042553,0.020106897619854357,0.02778602491501032,-0.016355718520069847,0.011926887067285634,0.01463410924700992,-0.02420329021568478,0.01859646163141156,1
0.24630029820076477,0.2712329361055269,-0.004925240292781358,-0.23941352798179683,-0.09293717307760478,0.02107931311073906,-0.05731080860643092,-0.02088680210355328,-0.13831634960766057,-0.006009384332957352,0.029072547579802602,-0.026499206885856535,0.0013595878854446128,0.014760900010724932,-0.03794148237030968,0.035094310622279856,1
0.23164055937925465,0.309525177787386,-0.002041138950164719,-0.13742273051481504,-0.15127567229398933,0.00686555868860689,-0.055859634185511424,-0.0181720547066969,-0.1323766400727563,0.0018987216464018094,0.03247798475097575,-0.018658882707481318,0.0013880260407723398,0.016490017529677256,-0.0336527956500735,0.016684894774522615,1
0.19226716347960573,0.3520905601405152,-0.040442302049796916,-0.18696399512556508,-0.13018747674797715,0.029229566981882896,-0.03823697498914701,-0.00935777415526832,-0.12463976397957134,-0.029540972246176363,0.022081262140947213,-0.04475922944181022,0.007857453909273886,0.0073256453671712955,-0.03995140777883653,0.015869815913276925,1
0.23389840107606044,0.33989219499861595,-0.035784422238556504,-0.16946587780170808,-0.11340460888730608,0.022622715223031876,-0.0457785800124806,-0.0007690359340513245,-0.13154945356269174,-0.021462161744622038,0.028496913522932866,-0.03592814727538184,0.00697661194973074,0.010163476909507892,-0.03872154303387265,0.021514047911387658,1
0.2395264452452922,0.3560613186348054,-0.017995922796330572,-0.11826248758147069,-0.10397533352389564,0.021989927726542548,-0.04753005881185817,0.0019454205489357638,-0.12772571067963936,-0.015110802399306634,0.03416143064960922,-0.022333034188186548,0.008280735747625865,0.013752608474462148,-0.0387373217567141,-0.009245081091768923,1
0.19946893825903683,0.3759611174983622,-0.013604940304709576,-0.19642630687460966,-0.1288097775773308,0.02114818090422602,-0.050206438884428405,-0.03113224910245104,-0.15584443540712234,-0.05837908805867914,0.039550671807101444,-0.03148406222742005,-0.01074402827614294,0.013038062635881198,-0.05390792341888098,0.013620940425968883,1
0.26583988881662046,0.3385210503718505,0.02070195995655891,-0.20254767255527617,-0.10607622240947169,0.010778506392823439,-0.08207982177090319,-0.033217609878096736,-0.16750872312511428,-0.022937932747762388,0.053558008127366934,-0.01773503360991204,-0.010714243723855842,0.015901248660877183,-0.04577497919325061,0.017516416363934192,1
0.22734955587362168,0.35616128497219457,-0.010909129043872218,-0.16519277069982735,-0.20811166570621395,-0.003835134105104198,-0.061551840035495665,-0.038283642240478956,-0.16807917773189968,-0.025512105423371595,0.0427624166232425,-0.028555202780914706,-0.01574718030481701,0.020414626109846713,-0.049788359998408374,0.022690213983926077,1
0.20579707972420402,0.39974513017782537,-0.03885624883676998,-0.09915096545528106,-0.11643159927568032,0.020807720623063842,-0.032931733257525325,0.0022138855806394524,-0.1270657329386279,-0.04545993875701507,0.02903132547623036,-0.025618495269556653,0.006332763816698311,0.006646391816933848,-0.044593346847923127,-0.007792033231483056,1
-0.49497378171296885,-0.014042570428332374,-0.09824983757545419,0.04685753973689836,0.012250416091339113,-0.10631885142966556,-0.01482241665646968,0.00542926173747182,-0.03617783738855466,-0.008543403647977215,-0.012630125733345236,-0.03435954207918316,-0.009619093631389714,-0.041254930688721665,0.029956885767969777,0.0001443006991969425,0
-0.4420989637744485,-0.10304945656558051,-0.08566975697296939,-0.05173610875588236,-0.12069245357145339,-0.10626934918075298,-0.030970895903450195,-0.006956857504244739,-0.05348918736085076,0.023871090862315796,-0.013353140801984978,-0.025264350061695324,-0.0033845554937424666,-0.04119616813164678,0.016656646292212265,0.005893375943459706,0
-0.40704273190999146,-0.14838361305800576,-0.06084465903315788,-0.1597511299367367,-0.1008623485100001,-0.08823310096144296,-0.023071431955205977,-0.0002600563468129031,-0.04227532315287293,0.009595602393104127,0.0018938921061302117,-0.020141422222336447,-0.004853947022567603,-0.0311034049102357,0.004625811606981846,-0.004443169923865776,0
-0.3719712955668214,-0.14308258297259496,-0.038411212120005825,-0.0941710842872756,-0.11149908630489028,-0.06942643465574426,-0.027244889336025938,0.007135406874082172,-0.04474911711870011,0.020289535590206638,0.004419335876250497,-0.011566438824681132,-0.007291834961212577,-0.025152150607630406,0.015128753337669837,-0.0025638234573909153,0
-0.3155451926231341,-0.25725971421101024,-0.0801844415446008,-0.2942126022083069,-0.17315105532773192,-0.0645371198276958,-0.036743949999100946,-0.002340024397867262,-0.055324312141532286,0.01780066154562616,-0.007952300529189549,-0.006468673169522638,-0.01571080884228844,-0.008158378189770143,-0.0023481101571211733,0.010955241090309114,0
-0.2872553883709497,-0.21365210511589178,-0.04120631165921314,-0.1609453278348506,-0.15188794195733765,-0.03985735569398855,-0.033725607374975104,0.014606890749293808,-0.04375512207119244,0.004808491908486142,0.003987849797694026,-0.00687421879615832,-0.024765061428962606,-0.00723388918200221,0.015752740606560654,0.0023495201633577946,0
-0.3111413201388433,-0.21196062348632527,-0.06152948454555214,-0.19641255314769887,-0.1552947255005557,-0.05985978089085431,-0.03229614280225521,0.007623815199259923,-0.04366681208690579,-0.0037439671468986863,0.0024905701446110875,-0.011704645956186657,-0.025041712330358453,-0.011466248828037335,0.00825006105627737,0.005963464459630958,0
-0.3250991254048477,-0.1391689369851948,-0.05861741376011414,-0.10358607043014302,-0.10946720323775902,-0.06327214449970385,-0.024349698903735714,0.004552415596013922,-0.03333328869702707,-0.0022583379045685043,0.001611584062965266,-0.0064185886907668025,-0.02346377618580485,-0.014191468188498046,0.020566082158172978,-0.005755104710595695,0
-0.39238627323633407,-0.11622127152630964,-0.02847488398863628,-0.12214903632811273,-0.08387640987282882,-0.08113286710307369,-0.008182420177510807,0.006735240415635217,-0.028022791357671124,-0.022372535356642652,0.01821852993650587,-0.020689420713499253,-0.013840766169150885,-0.029250073918650567,0.00952445915944058,-0.0014769395901034759,0
-0.4323841786791609,-0.09146289331718722,-0.10351937081095665,-0.11752785442154458,-0.09555488007124502,-0.11664630267942941,-0.014529588632816079,-0.012341041352284716,-0.03690132527598742,-0.014952985845492118,-0.011476297560166117,-0.025012172125294666,-0.014831768220566052,-0.03339374739104699,0.007712951814553632,0.00402097766478847,0
-0.43169519727478595,-0.13439544504740877,-0.04700271014783953,-0.22136952237949495,-0.16297338528704466,-0.11796548443602732,-0.0023487745115234665,-0.01644583151884155,-0.03520447492070697,-0.01999307620085435,0.011612982104904338,-0.03031838025800525,-0.009945469791231265,-0.0379900149788881,-0.00012300308694286442,0.01935984741500727,0
-0.4429675334532734,-0.12887515037386207,-0.09417332534562697,-0.18699484053734694,-0.111244917662361,-0.12012224698819925,-0.01408564959677827,-0.0101124395935661,-0.040198958046232004,-0.015204535078257956,-0.005040779304024471,-0.03208346225130001,-0.008567983164389349,-0.03817037992839214,-0.0032094273658598103,0.014928048411829636,0
-0.4035056995432233,-0.015728875677076364,0.14705213256503097,-0.02800542996670189,-0.07515489340981388,-0.025657037817499267,0.03585777319375868,-0.018508004072817483,0.012082429118837413,-0.04213911125667249,0.04946845044697664,-0.018711531060754495,0.001012242233432184,-0.016937116760279775,-0.011466473598517001,0.018335485742921032,1
-0.41453304773795097,-0.023131231520744,0.1407614999857707,-0.06412085603117286,-0.06524067174523883,-0.027206842519584214,0.034067152378479675,-0.02381406718858589,0.010936219105440946,-0.03891223043581868,0.050360797930491155,-0.017610338736676466,0.0034638965746383006,-0.016513665668048422,-0.011507816591921639,0.011782813573894643,1
-0.41705698380899636,-0.03847717602728193,0.1363105753382136,-0.06900183116543734,-0.06194197781202984,-0.028593489271118027,0.030185357998008536,-0.017950690083320193,0.007322922248458993,-0.03367911129475431,0.050874143214584854,-0.019931056658444822,0.005527358730732617,-0.01845792803082689,-0.013415099556251536,0.015785850192030108,1
-0.42483510829900917,-0.0585875070242375,0.10993697709851717,-0.12966270885447032,-0.14955223355242336,-0.05638725923448578,0.02298448310396219,-0.038302082481671114,-0.0073539550946589045,-0.02817812346669857,0.05260783268057334,-0.02339131070257551,0.0008932456223555624,-0.026622057739897113,-0.004830739305698683,0.028095399571937515,1
-0.44440664504412175,-0.03633955738482814,0.1038092664833969,-0.06473460295680437,-0.08066981650309302,-0.05430971715097516,0.02625800326740555,-0.0171427061971009,-0.007664593546183266,-0.015934879911422933,0.04604809932161306,-0.01638231299113744,0.0075519654077392615,-0.022315670065598876,-0.008202690822879607,0.01933478088658565,1
-0.4561671841027835,-0.02094526501123041,0.09158188915515236,-0.06888416919736055,-0.10144386315191449,-0.0701503868917121,0.029932121631175986,-0.023413467868532958,-0.008158149998769671,-0.0319762427578727,0.049527346764357986,-0.01918072683591985,0.001140795995368114,-0.023277290820224034,-0.004698003777839789,0.02914883666047387,1
-0.46594099998636856,-0.0011171944269917746,0.0640857322847822,-0.09584159695702787,-0.1024719613798723,-0.08709238493537275,0.03244918739050988,-0.032254249270676286,-0.006925632832165216,-0.04032939737271826,0.04508968411909558,-0.0174349547556748,-0.003846312628962365,-0.020162388603487787,0.0026376578256580444,0.03040973713112914,1
-0.47462752421767856,-0.0016345733755805114,0.08223166366211399,-0.05287289466789495,-0.13560613908352556,-0.0876602377301372,0.03283445288240411,-0.029487737195586606,-0.012971500496544401,-0.029710512548053635,0.04760796820624338,-0.019004444202525603,-0.0017274257493402924,-0.023654113599902944,0.0007080652637154632,0.037316362152268176,1
-0.4767270557095782,0.028506649301223964,0.08683373203887162,0.002909201836425627,-0.049347490568305966,-0.07376571462461136,0.04039139059994403,-0.009566607814878303,-0.00360623282180126,-0.035424455068610694,0.046910456598801754,-0.012149012853011329,0.0004103526648403239,-0.01644694170392478,-0.0023154854435031643,0.027914357082261605,1
-0.4815843121528955,0.02259353094434325,0.08803856134943731,-0.009306214260674772,-0.056284180547138046,-0.07568585620127974,0.039436010723477063,-0.011920816064776898,-0.0044507776115684785,-0.0354834581653974,0.04881862687141691,-0.014457168640067826,0.001067892087471712,-0.017676810347116906,-0.002711566323382478,0.03158554100318585,1
-0.4809032230861287,-0.03132011190321703,0.05807747685730437,-0.12372996710258155,-0.16558861583151013,-0.10309764239641249,0.025673458361378784,-0.03852063795472392,-0.01847310001766221,-0.032502915927724085,0.046277714357296114,-0.027506426017180997,-0.003284766790538761,-0.02818030543652717,-0.00031744886701787884,0.04799363758792338,1
-0.46739960507290185,-0.02987844046415263,0.07284636529092532,-0.13832241072362728,-0.21101071375058314,-0.09985348495436114,0.02769153397852577,-0.052621440032660276,-0.01672744337148833,-0.039299575493037135,0.05025314438362662,-0.029524267147574102,-0.008065997282031365,-0.028876399334065918,0.002385616713567297,0.05127889735066215,1
0.2772609986394001,0.004457675166132869,-0.019985169264409117,0.05234412436173268,0.02604654518024555,-0.00929716562338025,0.04621886100361039,-0.020245084928735252,0.011824690016092928,0.03061018646324964,0.0016182728521087137,0.025467963373164447,0.0016085611858274432,0.014058208075621166,0.008997321186120203,-0.012239338246813457,0
0.2776475379454799,0.0055323160893886985,-0.017255382866862134,0.06415515419967503,0.04389546607329374,-0.011803462289956995,0.04381049602752096,-0.013047735442608899,0.011739711785493791,0.021696156104039147,0.0008205146322643075,0.025994232452628035,-0.0018489768426046952,0.007007106150091835,0.010193290133903184,0.0041490741821377615,0
0.2697143603477399,0.01139401156263068,-0.019305997697159526,0.022436286541483115,0.0029635594091625746,-0.018347136166449788,0.03990057876444091,-0.015558629865444084,-0.0032535107372533272,0.022707711794863507,-0.0007068979052710222,0.03529174270668684,-0.006560441343527755,0.012022208657459121,0.009347015870048771,0.011643301462043988,0
0.25755171508769736,0.02705782442897333,-0.031560182573306866,0.03424481236122734,0.013870505972474686,-0.005514771212517261,0.039424935038659376,-0.0066833295388128156,0.003295039739912411,0.020068394045058675,-0.002605747629043024,0.03486927665894686,-0.008573233356143307,0.01851140171561148,0.008968005078283443,0.00889768594529933,0
0.2837562472274262,0.049688168522676435,-0.015947907167817212,0.08668503247786927,0.0868465876402582,-0.0009454603877626616,0.03709790847483886,0.01386109380054512,0.01965541493668227,0.02296595864272025,-0.0029851248680629167,0.022049888381822178,0.0025746112176579287,0.005471160359934562,0.010374330949908164,0.004898598594581846,0
0.2823834682963979,0.03744549124583382,-0.020942462975383925,0.10748582460551233,0.07000250065879488,-0.001044554139661807,0.041941556434012865,0.0015826809820468789,0.023725515710994124,0.029589124931849634,-0.00022978234405375076,0.021885281729367906,0.004050179149840702,0.01103856972038544,0.01077545301393602,-0.007066134415498181,0
0.2784594084724207,0.0655833253932439,-0.028029249673991088,0.17073621878787235,0.11878285244375936,0.01640405888946079,0.04013718363703465,0.025046608465073412,0.04346745736257977,0.027171162535750096,-0.0011651571469249676,0.014729046528396898,0.006064001587155219,0.012605984521526298,0.010518223286474357,-0.0115149456720078,0
0.2754776590035395,0.06905901648527663,-0.013122633069388602,0.17373950035231378,0.05826538974722289,-0.002466329420351698,0.032085034120400854,0.016684316928571894,0.03249506068969215,0.037754834037107755,-0.002433061916540919,0.027089132430939192,0.0056897774508963585,0.016072935272058872,0.013524512884503171,-0.010936724906023779,0
0.2795413794870167,0.07009342082772348,-0.017059359412988168,0.1270841329001344,0.12626749919601163,0.013961701987962186,0.03937604486855201,0.02800292137021967,0.03482445279715407,0.025851535319238502,-0.006867668734706609,0.020480451639589867,0.007328115150694497,0.011669052672355873,0.004349775270784852,-0.01836444985555856,0
0.27937505292037873,0.0552715466649832,-0.009231534662447917,0.10817236699421208,0.04238192926717945,-0.012461327909920626,0.030431778893841428,0.006646968437285038,0.014193943090506908,0.03446971229639107,-0.00226225277064859,0.02840437067128781,0.004270010272415929,0.007670292136060925,0.014461979154196152,0.007184268332125777,0
0.2537490439207792,0.049887078509380324,-0.0339748181845804,0.04189584021877221,-0.0007918507878626073,-0.005811682883130627,0.034826677901286615,-0.002510388287242415,0.00024729133872353795,0.025109984766672762,-0.003725992659146818,0.037175889667430566,-0.0067501143821271994,0.021977386592129278,0.009428191550040958,0.008087771185813003,0
0.2532499725667126,0.06889445407265829,-0.047684245041184105,0.0656688774434323,0.047129318896209305,0.012760566981092153,0.036564939785225306,0.013829320715747394,0.016250692691814554,0.021552319025959672,-0.003058411214874213,0.02641593121816309,-0.003413208354735725,0.02100861637745475,0.0114897522348344,0.00477513213008011,0
0.2014677868754017,0.2735111381016183,0.05312991077584109,-0.05480887144526484,-0.047513201901579795,0.02091263984754432,-0.057803979270541324,-0.0014335915719552567,-0.07727872679859704,0.007610471285700149,0.024272490854159036,-0.0015357630596406276,0.011690212329070937,0.001838049073485833,-0.015292529271424115,0.016963569182440318,1
0.21760259714922783,0.2506062523807668,0.010024744370300433,-0.011438581138752098,-0.0660408049622422,0.016465011069387178,-0.03284645084803344,0.020818055954394874,-0.05424474504143493,0.028368400957384937,0.0147744185093956,-0.0020949688172313013,0.019953873832778177,0.010865083672446827,-0.004978513191737227,0.003809471652802822,1
0.23393546053256775,0.2656707943600459,0.01866191854540867,-0.00014846363596972525,0.02109735160685962,0.034506145305034555,-0.03365896893495339,0.04111639857810233,-0.041417419756937475,0.02439315158101814,0.013746250679865533,-0.006439518097706356,0.03008178417358363,0.0030773961921183824,-0.007517599013038259,-0.006294074597351617,1
0.20759669617150175,0.27713022087437306,0.016672795375510443,-0.012509932656205636,-0.06508496162464204,0.021101827927247685,-0.03874864699523648,0.020059242429999093,-0.06164647296539494,0.02306829800676626,0.018622754796869787,-0.005529060512515496,0.020978623181312002,0.005680790864553535,-0.006319228821504902,0.0038172316250876977,1
0.2115017140742137,0.3028325895180863,0.002572571250873344,0.012237353196954667,-0.000959613909822336,0.037285148559749653,-0.027104987716158782,0.044016513295011966,-0.04623834680498407,0.007376839002368224,0.01587236205578296,-0.007691418205652033,0.027209057494751183,0.0028833410795658797,-0.011571441523120287,-0.016036635044153306,1
0.20325571602382295,0.3058061362507979,-0.008803094178042878,-0.027753522284608423,-0.04191218574988371,0.03304737189290459,-0.028593119362627956,0.03146062884299313,-0.06129755399297797,0.0036323076805987284,0.017321832095577035,-0.012900366754808884,0.023712410816085633,0.0035682723767271906,-0.013597849412447233,-0.007571474914858342,1
0.20792930426338418,0.3395465831720049,-0.0061945723763488884,0.03468112907874346,0.05805517516372709,0.05349189394019423,-0.020191476527638145,0.06585149427105436,-0.03562142186015269,-0.009257418430743122,0.016076246558850094,-0.014032983819500919,0.03458460721479712,-0.007213237163521168,-0.012700561478946678,-0.022483011157209284,1
0.23194924844835876,0.3028153162301728,-0.00987847632471661,-0.041964124648126926,-0.016040611114016324,0.035435321774321446,-0.030986469002369933,0.03573173364454982,-0.06625297145572831,0.004697507159463845,0.01943889455103528,-0.012947132365309547,0.025320344136549527,0.006860237857379862,-0.01854953529676408,-0.014123175621868014,1
0.23663263625719916,0.3311020635800469,-0.02046631279575406,0.00428031618161138,0.06681719333610958,0.057620713084421266,-0.01931933064636202,0.0686649035485494,-0.03963350960464798,-0.0007286472632340111,0.016457541287872735,-0.018460877103542543,0.03927587861577153,-0.00032087504230182327,-0.017108584517767207,-0.03690012093124402,1
0.21960817572617508,0.3226238168013554,-0.032662103698171116,-0.05622686918685457,-0.02057408291252375,0.04080020580327183,-0.024406124575028307,0.0401304435183516,-0.06606918093220558,-0.007924288529402168,0.017175091096771112,-0.021955918247916515,0.027059845720144658,0.0033322667429459764,-0.02063886417880327,-0.01282529998842386,1
0.20325761986538565,0.3389107453594837,-0.04298115135147577,-0.02708714352453386,0.01843986934243114,0.05204471419642817,-0.011375888177554505,0.054556836625138605,-0.0457832228246694,-0.017286363170044634,0.011464673899618338,-0.01839918902372363,0.032101377375713704,0.0011269665440363347,-0.022697703499562204,-0.037644445516207485,1
0.2155071580516929,0.31905024729946707,-0.03349037414092345,0.008686689598815472,-0.020349121146914204,0.03453404823836351,-0.01707744614496319,0.04900753025789967,-0.04920482142603119,-0.0034074932990925326,0.014221179360741814,-0.011955498605985722,0.027680292405569233,0.004189085516227155,-0.01664810653529615,-0.018882369700912116,1
-0.5568983358919953,0.10185823086145841,0.020718852370815173,0.13262096934129916,0.10542408304328849,-0.09699897818879363,0.04515267193307288,0.044430003325754995,-0.001007310532234304,-0.041185536342082184,0.03492449359961262,-0.010730195890588526,-0.006580432668931368,-0.006700677305370307,0.025594857857407248,0.013552158556280574,0
-0.44648697635536416,-0.01853495386651267,0.10666367425994673,0.1103078026586386,0.08001571114464395,-0.02392869044392641,0.03298893504931624,0.05320428082573408,0.0007269511775452299,-0.013082699352881352,0.03819799618988621,-0.026311364989977923,0.007311923635713455,-0.021180630440459945,-0.01089128393523565,-0.013859807539033799,0
-0.40695872981333864,-0.13153590932205664,0.09007382271490665,-0.14404265568455224,-0.11357190692190035,-0.045675330132558284,0.008579210761861036,0.0017034562003279679,-0.017158304677375395,-0.010391368651830346,0.04837077161762511,-0.028123700031743568,0.004648593699728092,-0.037426063349870024,0.0027562242445164655,0.017939146767311447,0
-0.367390681980179,-0.1287896523252457,0.13914264408277668,-0.031156623173887968,-0.10674526331632667,-0.008228421076522522,0.006116210191976947,0.02577166467811344,-0.009274664508977884,0.009368289229160205,0.036443989311307705,-0.023072673474107522,0.006182879799061321,-0.026043469317190607,-0.001091748220926267,0.006475749597478869,0
-0.35034652847388115,-0.16702100873747955,0.08672225580553303,-0.1570400619901615,-0.1467422867480733,-0.029969322848898434,-0.0015450312337925356,0.009952740633377713,-0.019232883701721097,-0.0032273853746551764,0.03912928434561351,-0.02026254880684523,-0.003385221989986835,-0.03002586247201531,0.007050383569143265,0.008331925791931608,0
-0.3436201106187102,-0.1862021807098921,0.07271391239771596,-0.21163648430172227,-0.1352967458930201,-0.03164462048375259,-0.0034336675835560577,0.009316939382760436,-0.019537317442568775,-0.01434924401772959,0.04109332336259233,-0.021159435684042674,-0.005432598736336343,-0.030021715342081135,0.004682415169177102,0.014439957226330406,0
-0.34714397874486225,-0.19141700841776665,0.06845082111403425,-0.2170555034484111,-0.17475796791013593,-0.040699127192122944,-0.0037736491101584132,0.004828197149840088,-0.02297901411166104,-0.014234286818683108,0.041816088223791584,-0.024587215801759897,-0.008625449475912334,-0.03278256005630515,0.005134721394939495,0.014719382638319484,0
-0.41501175971406273,-0.13881306780071173,0.03156511636099204,-0.2494337918522184,-0.15925298222829987,-0.08571260985104115,0.010303480782547827,-0.020417532249027814,-0.01889387152163424,-0.0417792885001829,0.04480995941748406,-0.03292083843297663,-0.009491328595410473,-0.03738279770767654,0.0008894477340251041,0.018293969573700705,0
-0.4776227571655346,-0.022305695044545444,-0.02960032227900394,-0.15628689474415647,-0.05487005670517945,-0.12024962112070942,0.027252172845799838,-0.01779941333989994,-0.011569570533253812,-0.052757185206814036,0.02142446538713468,-0.025199964755636066,-0.011184855071529949,-0.02440934412945635,0.013326003822049114,0.02231647374402998,0
-0.5189399579326668,0.021750897936781664,-0.08867033099653537,-0.135817496846826,-0.003592622250808084,-0.13797696160338757,0.03388731983473782,-0.010317205992035897,-0.009848937722058705,-0.0633530746548007,-0.0027969659888630095,-0.03293574046855512,-0.017954773575960897,-0.0141274969629403,0.014457586363667702,0.024637226142157985,0
-0.500384776329857,-0.00824289728672538,-0.09304943063814915,-0.13093818389058215,0.009846140040115841,-0.12596828717615985,0.022116358541883405,-0.005951190755251564,-0.013605328358560228,-0.054916168338897745,-0.0038363780380503308,-0.03171446984059933,-0.015242657503988543,-0.022850104367372656,0.010709941481070146,0.00877462151698949,0
-0.5145305385189322,0.06489997669865391,-0.07538437169036724,-0.03819769210423863,0.07493342343683917,-0.12052669083928691,0.035964108583009066,0.008117240330711208,0.0008413531582566186,-0.06884583993369006,0.007495484758259595,-0.028607504290332902,-0.02180401349328602,-0.008864436104907782,0.02787848236914221,0.007668934210679499,0
-0.5025747943045136,-0.03989062382733972,0.031335361238983644,-0.14121278900950326,-0.04548791631928327,-0.09941810302551361,0.020784872999969638,-0.02009805619949938,-0.01645743828318919,-0.022265739176270994,0.039949823232675166,-0.02352786849756807,0.008807028147464993,-0.02189163728973461,-0.008539283775593164,0.029777583135558203,1
-0.47785814743924443,-0.04265061044382075,0.02465795315801693,-0.09435142031026983,-0.005491886294536655,-0.08658228042500225,0.016147379576397808,-0.0020599876581368663,-0.014487324548793954,-0.027647723049284097,0.03854459918295631,-0.023453636182706683,0.004565794201976231,-0.022118598789952638,-0.009298170358439835,0.014672812626785128,1
-0.5083793998918197,-0.0015476430211643724,0.04134873248179812,-0.10113916036857828,-0.01744107562218799,-0.09635815746589393,0.030738186346294466,-0.017076752404567547,-0.007818365423197558,-0.035144718765180986,0.04377349441751117,-0.019103439731770134,0.0050045044914846125,-0.014614024271027365,-0.004924841960687934,0.029537567386709367,1
-0.4893728203538662,-0.01994564997077083,0.05420551527293162,-0.05696793681689638,-0.043500770117687715,-0.08789277755391164,0.02489971002970652,-0.008164791130928988,-0.014882997403940204,-0.024071366535208385,0.04401922644690436,-0.020771465817014362,0.005568864269113388,-0.021448766612711955,-0.007315704929039381,0.02598852422912667,1
-0.4457552570765891,-0.05799874781464472,0.07186113055287409,-0.11075175574703701,-0.04912722177225506,-0.06376823094909957,0.019367481089152313,-0.011449069831260303,-0.009238942335389251,-0.023011223196353944,0.04726201240102134,-0.021538211512112427,0.00636080161884838,-0.024206293863096986,-0.008500202699806352,0.0203936262939418,1
-0.48072908100409284,-0.015136834600902567,0.047335031600725906,-0.07633550253414643,-0.028143776861377895,-0.08721396665254305,0.02684881714969662,-0.009889843522030007,-0.009570509991576315,-0.032312445071620885,0.04453390177943158,-0.021314088358847724,0.003327475052411995,-0.02183702940863716,-0.0031997835114484638,0.03179307011785183,1
-0.4982776930538427,-0.08383908057947138,-0.027806006069142093,-0.0855068293884163,-0.07276271346241774,-0.11188192136081565,-0.007588064484049453,0.0008496060454785137,-0.03918258043777345,-0.0088289685471917,0.01954198731770354,-0.03871430225470223,0.0031857049992522935,-0.0357117726516866,-0.010585257414375557,0.01616894399504818,1
-0.5453013983041255,-0.04285040282192805,-0.06865083525720551,-0.08426647806827653,-0.05912934199807001,-0.1334500953296972,-3.841813318929968e-05,-0.008207286644183015,-0.03895971631849677,-0.0076208083960984455,-0.005088517128337454,-0.04228461161611064,0.0034075198964809944,-0.03201311119239365,-0.006242281860409607,0.023166598553534746,1
-0.5373109724205214,0.000260655523458696,-0.04511116526857965,-0.1342026177700536,-0.007229428334083023,-0.12805535375179294,0.024857037966522225,-0.012420403552152603,-0.015229974948814744,-0.039307707435586224,0.011889974702143901,-0.031220422557867437,-0.002828624122184257,-0.015138629319241892,-0.00360003300902613,0.03306360358374751,1
-0.5439663229004933,0.004624379041966265,-0.02480551500929776,-0.08380980762034257,-0.0458995893187125,-0.13195086835056924,0.022942218678707965,-0.010580575072631732,-0.02166799364668303,-0.0312579539606464,0.017865355577767007,-0.030727346488864354,-0.0023578063167762763,-0.01868109515295522,0.0006219183336749409,0.03932022399785503,1
-0.5437523168601477,0.009983580478093931,-0.03334271267961527,-0.03974399483123518,-0.014715766535299284,-0.12657640109665438,0.0182131828259816,-0.0008020657911518881,-0.02309195656170259,-0.026822733263517116,0.013768276887532477,-0.031222979491962132,-0.0021314781444724063,-0.02017731412116857,0.003229284453882348,0.028331714710342164,1
-0.5397659479098942,-0.008606497472415035,-0.02230014599032765,-0.05790206993503687,-0.028647799623252177,-0.12419327810597106,0.016580485433374936,-0.0014015938702169946,-0.024321341699304864,-0.03112086167574002,0.02070382084630273,-0.033421255960220435,-0.0012411883583522106,-0.022797334404398253,-0.0022386017461938773,0.028811734599478053,1
0.2672954912004213,0.2552180842121207,0.0185976337896583,-0.015858773583515534,-0.09685658109793216,-0.02788405679112886,-0.044488616425369686,-0.004102708331084354,-0.11448675438516831,-0.0044424383923558,0.010294419522390429,0.06095070010381399,-0.01966962880669157,0.025461263454045004,-0.033156237848918975,0.0014276843830364522,0
0.32984142158760676,0.15420069544717588,0.06051609213739496,0.10827312396294801,-0.022081512740672316,-0.05965065065007314,-0.03189590590201377,-0.005253786798304765,-0.04193268752180465,0.04771698296153496,-0.009274778625573292,0.05834792418956958,0.008368953614268516,0.008102185571553707,-0.01545559649459914,-0.014454829440237859,0
0.3402255752473328,0.08567669839226146,0.06637887176460351,0.06960240622884681,0.030089564998016072,-0.06863991029870531,-0.01293811937566622,-0.016009058857670126,-0.02596111131804272,0.036054587605847066,-0.016424539773753653,0.04889065801130514,0.009326619507665694,-0.014722321835651557,-0.012044851700943333,0.001328710124287395,0
0.33472295170699595,0.057889100051577665,0.0528318483449592,0.13847476356282962,0.06973882001846422,-0.05788141155511805,0.01689725067744212,-0.005553934109772986,0.011955093767973062,0.03971788908754336,-0.017956275398954197,0.036601114508561836,0.014972161806307954,-0.007267245253418047,-0.01039023477846293,-0.026294080269542188,0
0.32201334482734795,0.04387312814453718,0.04246976810818445,0.1048529791681714,0.05267902683878167,-0.05205179818429717,0.02003688742424657,-0.00913898996390787,0.0060266475762970305,0.040380886334894985,-0.012333980360870142,0.034300337635344715,0.012473063509384479,-0.009608195181418339,1.2415208359342599e-05,-0.009589919013771927,0
0.3210732528857495,0.026883724332130782,0.04445171220045129,0.10713123039574345,0.03092511016009452,-0.059451883984207844,0.022030731115355175,-0.0186172788037067,0.006711930060403591,0.0450827950299941,-0.009914893700688475,0.03357633020502007,0.012859055024843713,-0.010915878088100489,0.004347717177416022,-0.008930716650327086,0
0.32224065732954676,0.04999536820217401,0.017023682250401535,0.15340287405879116,0.1529911806366527,-0.015722529245376565,0.03824570593459094,0.020859303205210355,0.03865031674068334,0.026298445974980912,-0.011644004496838375,0.012416561634570509,0.013802504749748543,-0.0069342977705641,-0.0026434222771182943,-0.016292045069373737,0
0.29059487015508995,0.05952393815289069,0.005202164688932691,0.1235439483212635,0.0012088089744130013,-0.03385767596688723,0.025338979412849794,-0.003525211912812763,0.004855681807698392,0.039722548787894676,-0.002092029304113321,0.039623295920564544,0.0036283971922154825,0.01150566434569224,0.010608632634520873,-0.002132799946922659,0
0.28030947932597594,0.05631297928214838,-0.012666121471419541,0.13517565595219092,0.004400202582210847,-0.02329144032299178,0.0310210963002597,-0.002252222191108023,0.010367495602451487,0.036226131088938254,0.0006113967556282657,0.03690415713264352,0.0006606200310905701,0.015156240746754026,0.01386780317354676,0.0034651537646717178,0
0.27345349341535197,0.06957971743075361,-0.024932459622563113,0.0915420609964227,-0.006129424031416556,-0.018023244125348767,0.029086753370958483,0.0027192736972273457,-8.434167757765941e-05,0.03186615176691716,0.00021166097884720803,0.037451137838689766,-0.0027553821694343093,0.01653761335445915,0.014568308276049017,0.016359662902752956,0
0.27720030818637176,0.10610205083386336,-0.010962297568700999,0.15606532452664762,0.016495178156720663,-0.019650676099223177,0.020698143081260244,0.02036042227917501,0.0070565105418863875,0.03253223185215264,-0.003014881371659004,0.042034966470207435,0.001344765275702568,0.017026565443647893,0.009428514219390132,0.004287966801090227,0
0.2717155702160869,0.12876467295340288,-0.009974417680553268,0.1482908932408148,0.003447337725536604,-0.021296180103629075,0.013693436910914871,0.026232365463448485,-0.002691431442091771,0.028246418433540373,-0.003550069042264308,0.04643069101248382,-0.0005700006209517523,0.01771898509755277,0.0076077133199496765,0.009899603331879087,0
0.17768453011662827,0.31520777465881017,-0.05067867670911536,0.009617380283166818,-0.03493112285431973,0.026984181727277318,-0.00712633701021879,0.04673424029706476,-0.04014585626853997,-0.026733291166535698,0.007029308148256537,-0.009699865069892013,0.017800643754598434,-0.004068819280211709,-0.015643520995173427,0.0037400236000204117,1
0.18901640037253298,0.32232048108440975,-0.033307056903503496,0.001432605554372352,0.011645917525175459,0.0350967162893785,-0.012469843915176339,0.05160777520312089,-0.04630261313028379,-0.03706018993217445,0.01251000636455453,-0.00781605983185373,0.018248828047316264,-0.0067792995447521825,-0.01899414588218258,0.0034067985988738302,1
0.15995551876698935,0.3256043329767033,-0.03191234274666489,-0.0344911445414096,-0.06783952501190875,0.02584672075348234,-0.015926735664812255,0.025342946727374034,-0.06141762591082697,-0.03263973233685806,0.010776382592249382,-0.013470023375607465,0.012222494276169373,-0.0025745655698871696,-0.020845138612947994,0.004255161655823282,1
0.18759445475293296,0.3195369191100831,-0.060652313047418534,0.01140778215324263,0.05400554519990094,0.052995056403844554,0.0013485032734456253,0.07204568856102056,-0.015071812875175667,-0.023548165206780197,0.004534972574295962,-0.01611648903138325,0.03157655712376409,-0.007440930317326854,-0.013565442525355288,-0.021780737165757527,1
0.1797809115815899,0.319062811970235,-0.08498042485008475,-0.011246134060769724,0.014817045156218508,0.046277285840740416,0.0034701038244160528,0.06327661729296248,-0.014848345907614885,-0.025004829225043226,-0.0013263928616629318,-0.021813805638626765,0.029119726878908875,-0.004706240541995427,-0.016465263131083888,-0.019945019496181757,1
0.16768410971360864,0.3211658696847017,-0.0866563131417798,-0.02252114615157443,-0.004802072301743189,0.04403368919053174,-0.0002561254922558768,0.05951641621790184,-0.017077144960091828,-0.021976841253403507,-0.0019746005386465848,-0.02948535913528416,0.03092019132693391,-0.011418198613910597,-0.010110704592487696,-0.00024098277142258406,1
0.1991162763413225,0.3310228567861949,-0.06980624821382458,-0.03838735642658942,0.020354657738023835,0.04829034309733599,-0.007737447487387071,0.06181428808528893,-0.03801313259661833,-0.02804573293814537,0.007496376510957558,-0.027976977395445538,0.031093586212175908,-0.009030539570063932,-0.016808703685189694,-0.0025546899147930904,1
0.1853379458120193,0.3689017812698813,-0.044501261620869495,-0.031314405000143,0.05378394057778509,0.0627807388580037,-0.011558510269767102,0.06388552702824726,-0.04353901495183767,-0.03256844310978143,0.014201770809087397,-0.028800506433753096,0.03884495267160898,-0.016557192119702094,-0.015174007688338164,-0.01744870862328629,1
0.1590464063317645,0.37474604844650844,-0.03212241089887706,-0.08777442624304196,-0.02500057675753277,0.045353107190357574,-0.021092970171824387,0.024806527247547727,-0.07782246644048788,-0.05251635124193413,0.018796755156409873,-0.03040924122624765,0.020563821060814922,-0.012111696417392966,-0.024536719759918425,0.0045742534228701,1
0.15350585819463042,0.3887979241905673,-0.041378141178494934,-0.024355503363490582,0.004413805596657656,0.047925506537174964,-0.006279257640161152,0.04272541237880468,-0.05603685050840475,-0.05290250394085059,0.011537937996176658,-0.017491347851302463,0.025474454815633842,-0.011931291134250536,-0.02476975240179055,-0.0243580869434792,1
0.17470567026423067,0.4021298950318986,-0.043865946188084884,0.009051194709188404,0.010815051167948429,0.044696678240622484,-0.007811777948217948,0.05295720695162562,-0.05909628537909269,-0.05247367471576141,0.016231052203405958,-0.017090407689177873,0.028079875681570065,-0.015199512546413763,-0.023613697101718623,-0.018536885100544305,1
0.2117835308519972,0.40151073322308584,-0.043800946804585524,0.0283865974901263,0.04207198370037786,0.04697645035336861,-0.011159391606283308,0.06735111777127256,-0.05975252467632275,-0.0505017342801162,0.02085402749139611,-0.01512969433186534,0.029296533731718238,-0.012123725497762989,-0.027339914218534326,-0.025867518093368496,1
-0.20074408091118806,-0.2719013708674563,-0.15774447527300933,-0.1404365948475217,0.034040751419057616,0.04354755128252825,-0.07066927118468813,-0.05041201601971054,-0.05604531995954682,0.0549522672269974,-0.019166317628405233,0.028703817135826027,-0.019296463167138903,0.06615363303073686,-0.006995878146189645,-0.07665976320446606,0
-0.20303533118609116,-0.29276154963203654,-0.1511140620899117,-0.19157365498704654,-0.016155550150365162,0.030163443014920178,-0.06497904845015597,-0.0473363283595549,-0.06212093806477961,0.04921530688797561,-0.022555228823985574,0.027991176239306095,-0.019450068261398046,0.06074558656687749,-0.009663870256886822,-0.06397415738227108,0
-0.22087955284798308,-0.26005243754105867,-0.1574896748509052,-0.1662250554238346,0.018650719473883165,0.02306751334378669,-0.06707695524114471,-0.044102262313053926,-0.05459904586697299,0.05325097816354171,-0.023628833720627455,0.031862023017811006,-0.017709539490189833,0.06134374422007489,-0.007677186996249951,-0.07091046487943643,0
-0.21825252064847359,-0.27677130376365844,-0.19897067727476153,-0.18635551575677978,0.012391087807964125,0.023682321898513187,-0.0757532672633594,-0.07010615904756745,-0.060931432223275656,0.0693321207915585,-0.031234580000785515,0.038849091656297116,-0.014809536537553313,0.07070073902863419,-0.016422881804588733,-0.0643681630938308,0
-0.22986438611680626,-0.23354552530505218,-0.16163674003359582,-0.14169190589605551,0.04401770500276839,0.018681884539990985,-0.06756213816898418,-0.0408580433847655,-0.050017644546088806,0.05630040647467071,-0.02336975875444588,0.032701831536396136,-0.016721701393771816,0.057559188726537425,-0.0020985693506439555,-0.0642779383472243,0
-0.22227930662066,-0.24749687722661837,-0.026091290063101586,-0.13404644755088324,0.018187274662725555,0.040410955737398765,-0.0425429854340065,0.023101764209563377,-0.0409167179631136,0.03402717251323321,-0.004941547022999145,0.00992261408980119,-0.010413974496839326,0.026872317149220816,0.010116476152085687,-0.05981733920811537,0
-0.24539405831796124,-0.27100628840642726,-0.05331220507990061,-0.19029449449168503,0.001642683457786209,0.02434268445038364,-0.04716580233390102,0.018585046494025054,-0.046575841438205215,0.018550502396515026,-0.001659201194655807,0.005601888154963537,-0.01552898169192169,0.02781397459329364,-0.0003486918099594185,-0.06267635183895667,0
-0.2395794109083837,-0.25436492243686926,0.000580393791074546,-0.1042571068989525,0.014813526901270161,0.044131102828125955,-0.04365164836207041,0.0457052315017142,-0.03670953863543948,0.012399672403362942,0.006605701609629433,-0.005980129949242907,-0.015166086550996188,0.018117866225388475,0.006454419453590219,-0.059306753943704195,0
-0.27499583984696735,-0.23903176603352322,-0.042860480627947915,-0.08926096862055126,0.026131582516557488,0.025137759935565017,-0.057250984249046975,0.034431021267027254,-0.04461841360065025,0.01667895000968575,0.007338782906393299,-0.006418616086614089,-0.016145356365873064,0.020842801348329658,0.004773098777775826,-0.06413528957963742,0
-0.25009242543516025,-0.2722594045514659,0.04980597596927985,-0.1482489293167688,-0.02141836152520977,0.04361115719588081,-0.03333318187586999,0.05580837686939328,-0.03064132236780427,0.0106923506969109,0.010044838707162494,-0.00962114433123949,-0.008771680706670176,0.005110304492996134,0.00035542601428851215,-0.05257518918301751,0
-0.23792161497490227,-0.28405601079820214,0.07353689577838023,-0.16504588553155589,-0.011302423681443704,0.05517909082527287,-0.02841306946016018,0.06178380602622733,-0.022385821485635563,0.002982820858635514,0.009320309994173735,-0.012228082461903149,-0.007697458371793205,0.0012884397039167803,-0.003681877182383618,-0.050869657506638896,0
-0.2380678784037759,-0.26261979868691526,0.047951037926339944,-0.11519352701571521,-0.0013899918650963187,0.05157426798831769,-0.03351595907568917,0.06012677272928078,-0.026235314324330034,0.002806357746199266,0.009175123057470423,-0.011084544983034217,-0.012924744133495689,0.008688932973718269,0.002122198119985274,-0.05653880773373702,0
-0.35110907826886634,-0.0701904373080847,0.0838982556892621,-0.21772147544037002,0.05300840068606,-0.00752143720828619,0.017647862679073936,-0.01979363571236949,0.015921744504779907,-0.03583129325914613,0.0357072347151977,0.003021542010329615,0.006687375355712465,0.0007937542367584142,-0.007513772633771202,-0.026416422865456528,1
-0.3719344108778597,-0.03026251155871248,0.054227407011781616,-0.15798738200883677,0.10180163352338732,-0.02316716660019345,0.024364877064573794,-0.009009473640272818,0.017418441758886453,-0.03720462621953104,0.03086405972941216,0.007996449252352255,0.004965011646014309,0.003199443330919856,-0.004908347497341328,-0.035769878561055624,1
-0.38927886054920385,-0.02561291110223628,0.0910326031856651,-0.1732937720643435,0.0598365881127165,-0.018810320563560814,0.02802672714167863,-0.0282676510595748,0.016232809731137207,-0.027649213434333346,0.034696480662279046,0.0078078147422288875,0.012492201304019252,-2.009904521664883e-05,-0.005096732880191797,-0.024670428551581622,1
-0.4067594164979125,-0.01235553208926032,0.074125629337417,-0.21521676055951597,0.0769290695600837,-0.029071216645896646,0.030067568939092935,-0.039584388573429816,0.01598216320154268,-0.03247617994453338,0.034205263892700184,0.012537265410609365,0.013942062226404813,0.0029390962839338105,-0.0028069025768466156,-0.02590769021931741,1
-0.3873607089322398,0.04552742584095192,0.09131712222366582,-0.1533056317041094,0.12121565485585069,-0.012865649892012066,0.04355650683445508,-0.037302420449599236,0.027795479598557684,-0.03995519278530083,0.030258511497231907,0.02077743522669544,0.013922365961084128,0.007685921493607858,0.005083366839282418,-0.02404635227166699,1
-0.38616158416109886,0.04302068161106006,0.09267954711817589,-0.16778250873666933,0.1099460158574433,-0.011394715617895202,0.04203048161625112,-0.04351194849592699,0.025359861854438608,-0.034964642404616345,0.027576344791404035,0.024936215174291867,0.015097650397502662,0.008913338812108478,0.00558314878617904,-0.03012538070616559,1
-0.4063290301723272,0.03395140230894906,0.08300115170686885,-0.21066930425474026,0.0724310366977623,-0.027176294983777806,0.03882907402568236,-0.05654833189837179,0.019737477338576788,-0.04134900628607769,0.032939587774916755,0.019982986296280734,0.012698347759040213,0.007282521007418251,0.005944103412913702,-0.022039877014718448,1
-0.4182391670015027,0.050619942136994354,0.08626811392043401,-0.19786355786886403,0.10893770078171933,-0.024121156204832434,0.043677626000323135,-0.051035227309940506,0.025900956529190892,-0.05088117873606763,0.036174354050680424,0.018991268106610962,0.012947944533911451,0.009868362904325158,0.004131675474554254,-0.021796690189204167,1
-0.4190638544373477,0.08370239020036725,0.10355435237669781,-0.11122411255585178,0.16586940472263614,-0.011364598558925531,0.05575323674192916,-0.02813943959734353,0.0380107909457677,-0.05692880129314293,0.03699424089740528,0.017500029295370544,0.012923384180020096,0.012398854375321197,-0.00013395088370858244,-0.02286111925349743,1
-0.42426383564128495,0.06875977387808188,0.11824014831929974,-0.16463961273347066,0.11160045586668085,-0.00934745169626816,0.04899776035423,-0.0538739896059663,0.029531011823221247,-0.04479662338609986,0.03561683261048687,0.02158464454316647,0.016945467189995577,0.009482995784716482,0.00246393534804762,-0.018639277378860397,1
-0.473877553602386,0.0818346561867724,0.08223541206179494,-0.19674616983428928,0.10215311384064292,-0.04091782512242735,0.04822189957676275,-0.05805405540551512,0.021174365106776647,-0.03970126841320445,0.03513431128726805,0.025726182985512432,0.016642007100143894,0.015628674004285144,0.007259954869106332,-0.009881442700669924,1
-0.49107882979008327,0.08745231876855733,0.060750919788941656,-0.1524578071138841,0.1102154934812116,-0.057183857395589684,0.05016902587666462,-0.0401187587685549,0.019042826654857636,-0.03203923628800113,0.03237119186173781,0.02239057804493391,0.015099904734371724,0.015830447980179123,0.008363717687220922,-0.009126495910205111,1
0.41768051947341905,0.16096890785468057,0.0006785676400445429,-0.08656172009988895,0.0176871277786067,-0.04129618689315001,-0.008443605932814569,-0.014200731786834822,-0.09158253410315167,0.029131626202342276,0.005951496267962195,0.03786962403041642,0.009280453116093186,0.017938149326613268,-0.035249376718596875,-0.05912451115833387,0
0.39875115981834697,0.20273210588036775,0.026442927977750386,-0.0852348577182076,0.042000917786205266,-0.020622926526807868,-0.0422137828160508,0.002757036711965263,-0.09117020340581393,0.02968282181279716,0.007591338769309248,0.025884678846101548,0.013477034083059763,0.00755038185113554,-0.03136854856574871,-0.0482533164213001,0
0.3778384920550336,0.07784538029450036,-0.015291256237191802,-0.04329289574566127,0.14793676587965515,-0.004676486626473221,0.045514623663564714,0.007286942116207536,-0.007640406987768483,0.025714642488337398,-0.0024714794044462,0.006786668576343537,0.020167717122520426,0.0032884863856995133,-0.016711452291116185,-0.0510995635355989,0
0.3327541575679168,0.05246845439128287,-0.045831249085932675,-0.015626296628806203,0.1308223548390544,0.017327121764132907,0.05867246651682082,0.007144151824371282,0.01636578128901984,0.02287653046354908,0.001243256007955311,0.004275072357548472,0.010492360648462448,0.0166987708189677,-0.004639094893082925,-0.03675436365667532,0
0.29939141875396047,0.03906729252814155,-0.07360014993630883,-0.0220609635260256,0.12319028521636674,0.039509795640301056,0.06372337372810916,0.0012270505429144856,0.02988842759572347,0.022159517863559675,0.0010202836425677111,-0.00020373435356168518,0.005599363784145883,0.02952475345369899,-0.0017325538742904822,-0.03699668906851264,0
0.2965131856859609,0.056270048235838234,-0.07860568529708917,-0.0290419564969355,0.14258780315915248,0.045604077432320665,0.06055863384590721,0.014413798925029683,0.031128263131370036,0.01642053389371573,-0.0007648880254094586,-0.00293512919513703,0.005391668165651198,0.028169148041160278,-0.001597671887656341,-0.031842452143777886,0
0.30080601895979675,0.05757919455455563,-0.10140357766742299,0.012432296369065917,0.11943199517437489,0.055342702864409135,0.06273025776543036,0.00011762512076589782,0.045995389760473404,0.03180327066959601,0.0038122256772674984,-0.012263179210476446,0.009793494955139296,0.038150621105214284,0.004510545239547698,-0.03909590117788061,0
0.3218270797080727,0.06498208108067528,-0.07366281305214356,-0.0008793110825406551,0.15187829507851905,0.041702696067453617,0.06415586517468645,0.013263625125408428,0.0334126962213102,0.024019077355139223,0.002310279534439645,-0.004828689191789449,0.011992779266421153,0.028066505769376342,-0.004143389820992585,-0.04778467721059714,0
0.3343610149528879,0.05593949922072997,-0.06264316022470198,-0.05784652050369298,0.12249866398693435,0.015845437370200176,0.06339620867343872,0.003542160441897704,0.0022868890676923785,0.00604385757528139,0.0005663692007827436,0.010548938249026413,0.0013060886781879574,0.025233083946214756,-0.01628282714682949,-0.03642192950892475,0
0.32886522944632546,0.09026232129560817,-0.06950835113460624,-0.019749446199886722,0.0476252653511365,0.005153719112224687,0.04889137789204116,0.004493492760882839,-0.006655232802995042,0.016263037378236433,0.000610182456358411,0.01761938941457698,-0.000968853389671975,0.03395243046854811,-0.010006244852266552,-0.025104221487512672,0
0.35082774861747024,0.1253020106390414,-0.023956170176151835,-0.06365136820795518,0.0886209198468083,-0.0047793510513480944,0.022482341642130404,0.01695418613418267,-0.04075301447448068,0.0017840665664989595,-0.0032247235217818426,0.028321137731623737,0.002403346793667806,0.018790776601136806,-0.026169908112326362,-0.03429044490816064,0
0.34411012657544376,0.10777033018615784,-0.033897966818157,-0.09799549116840484,0.06654618302714523,-0.007128791678587152,0.03019702360901657,0.005662993148968124,-0.04757321210986015,0.0012994965709771944,-0.0034771982367763103,0.031049558017607073,-0.002034308996871911,0.023515010424386935,-0.027841299614799555,-0.02995347621172146,0
-0.08846917960808603,0.3264079118137546,-0.5989088320164535,-0.05374723316563437,0.1764174622342516,0.045898768653503175,-0.06946934285683402,-0.04786074962221451,0.1179533320155164,-0.027452035757323388,0.15734072812425445,-0.05868294959708486,-0.09113362587095265,-0.0497063828377292,-0.0021027447125067846,-0.046699483665181535,1
-0.027861346752145483,0.29217763822122755,-0.5097079243231325,-0.08595008310867125,0.1099010730554755,0.010719085287362616,-0.05845284821754845,-0.0356104385572374,0.15079277217470866,-0.058280991638456126,0.07432773296343656,-0.028840698452932356,-0.054293167598649536,-0.046906307506171974,0.01517086073973883,-0.0695782197118346,1
0.049733662325722496,0.4139827068268465,-0.323642144137878,-0.1399917521137851,0.09301159303065774,0.010100271892822171,-0.003510405807667417,0.044970709816867446,0.09901043565054245,-0.06356062598909988,-0.043778993128386935,-0.028463354884952326,0.01092216026520505,-0.03360671959617179,-0.01588044941582008,-0.09887719839811218,1
0.05434322135112523,0.44446891757908435,-0.32270520385602336,-0.1361058950213667,0.09856309330916263,0.006161905676118891,0.001054224741378652,0.045824030255128795,0.08982208481819755,-0.07026242249836907,-0.05071085429846225,-0.02078610087387933,0.011715459607271573,-0.02992453857112224,-0.02550012312332668,-0.11057637235292474,1
0.08352852704590825,0.37880207919886466,-0.3283366919930835,-0.10390478806478792,0.13596662538189339,0.026361812858692213,0.002380107810970827,0.047057240118653164,0.11448106766804368,-0.06762046153469799,-0.03612132687579437,-0.020730406023474493,0.003984176257660686,-0.024365822858231762,-0.031174434013248032,-0.11940902204018809,1
0.06463689687213524,0.40072344767351076,-0.40106078742912327,-0.13088183716170604,0.06980518403232472,-0.003406981958249933,-0.017148550300101248,0.019518302182020553,0.12513528536509014,-0.04875759417773754,-0.01937513365852769,-0.006207385315213481,-0.008437660634971748,-0.041658025354998664,-0.0168711817168495,-0.12014515841976506,1
0.042179243351611696,0.4378057267390693,-0.4456025776250956,-0.14879019610555358,0.09662578094865458,-0.014069019840581364,-0.023470435951556356,0.014150798860153318,0.13006246964799933,-0.03563161741873776,-0.004362741805652277,0.008120746368284701,-0.02193801868410837,-0.04986058687240535,-0.01623547446886457,-0.1317564937276136,1
-0.020954812250703368,0.5428134814688891,-0.48229830735907353,-0.1540868089039684,0.15406518360229568,-0.048303594608794145,-0.011883965160438143,0.014621171016820271,0.1060340317501341,-0.003192201735512767,-0.006457701960843106,0.024582313101228145,-0.054943963219188006,-0.03695858254450529,-0.026677667383702496,-0.10070761328236551,1
0.0059625980375466545,0.543317000888229,-0.5176046377796327,-0.18141035481208123,0.1298436570632417,-0.04873823878183983,-0.025489763394675784,0.0035837706121941136,0.10303887132374374,0.01986308184621405,0.013986125212314671,0.046705507382117345,-0.05979288986860122,-0.05464020994791191,-0.025095918601836013,-0.1033230405141515,1
-0.01023122306229043,0.547951128453243,-0.4974254064995391,-0.19618052470427885,0.17034451499929393,-0.05079778759325497,-0.014492469574399177,0.012358935834669352,0.09646766145829874,-0.01045223100716646,0.0006930771105308262,0.04183931632693588,-0.059140407635550674,-0.03849122839987913,-0.02828748274798604,-0.10548447650426483,1
0.029879188777654844,0.5126414003931672,-0.41545654944107513,-0.18693830125776079,0.1314121418261885,-0.029707619985092217,-0.011202273459113229,0.030314847753182064,0.09372453621217419,-0.05357559267735867,-0.038401730861005144,0.013261944682499922,-0.012726353395098658,-0.038729145343313155,-0.021227120314394676,-0.11668780322424784,1
-0.03292636340971275,0.5837027862501152,-0.5216616316803148,-0.1743920614692426,0.15334974282315098,-0.06919824784028647,-0.010832992804290755,-0.00043210471070548144,0.08394555895652635,0.029923449362073834,0.00766628420522198,0.049166294405056564,-0.08147020071932558,-0.03347773225569612,-0.03359552264433078,-0.07563266630400202,1
-0.3477412248049811,-0.46960539593391815,-0.6800074022006508,-0.028639036813418672,-0.09420583987849372,-0.05375143402053611,-0.10425440294803495,0.20479790368720344,0.20584390332418587,-0.3892409678940004,0.07020687934572277,0.009553818643950654,-0.019748295300630554,0.07735532221746973,-0.10543502537376306,0.12936519901291224,0
-0.264289350457269,-0.22379522470918553,0.14045941170823284,-0.16860559574087158,-0.03409552408692263,0.048704768409375265,-0.006320780396128802,0.055617126351023005,0.020306508937499884,-0.04126771032539664,0.03302150983144351,-0.025128674487885125,-0.013758174351059594,-0.012887129756713944,-0.0051987746515211285,-0.03330647501166679,0
-0.1676065067228684,-0.3221440161858651,0.15804154158457523,-0.1619435294720173,-0.07068517134847718,0.07656296066408057,-0.029452431851306096,0.06382405581666764,0.009396962948400126,0.0043767942962248405,-0.00729929237807798,-0.0195761163126295,-0.005406279166301825,-0.028591290497669262,0.002196311616482231,-0.036274944248808325,0
-0.15748684163427157,-0.3000590092294374,0.1648427098290287,-0.09639557394372242,-0.1203880020956645,0.06675194169807673,-0.037219135066757184,0.05107777105865557,0.005418973950013858,0.03486745839001697,-0.015287430018227258,-0.01084916087056054,0.00024295909751379213,-0.02297782807260286,0.01308697729390222,-0.04156244764418176,0
-0.17937212827850324,-0.2567554788631372,0.11805564624400251,-0.049264246582748666,-0.08664915450023876,0.06092279940153757,-0.03143261944589806,0.05448591506940849,-0.009509087896930581,0.03292505361272658,-0.008859424510665483,-0.0035514042578115106,-0.004676152766891352,-0.0018730495614583313,0.016285285773196566,-0.04345983284114119,0
-0.18771490103447483,-0.2756496286250463,0.07977289210667667,-0.09651653749163823,-0.0914948322881231,0.0555836201508174,-0.03343519834500099,0.04408160856283072,-0.02810372235220207,0.03643291358797269,-0.006409774964395877,-0.0003123512912568272,-0.004936212116711273,0.0024504553255585045,0.015365063221685472,-0.04637920046652443,0
-0.16058709939201685,-0.2842491435624161,0.14300724078739843,-0.15154288154557768,-0.060354297563581724,0.07116172101812962,-0.02442344639803349,0.04790421635870312,0.005156241900794742,0.029757470214097557,-0.012238670708305473,-0.007174560485615835,0.0003553711950630943,-0.015806036852682878,0.008810447989716929,-0.041459105491183895,0
-0.19093811835939103,-0.29841712351438804,0.1025465340693708,-0.13047827590439073,-0.09723201724868583,0.06036917753081322,-0.03184411463289657,0.051321895651511656,-0.02200746406357979,0.027723901728300193,-0.004441952648765585,-0.006634245705861562,-0.004248245763148505,-0.007163298175990853,0.009547519544452036,-0.04553174024477212,0
-0.18998357049084552,-0.2960436336637074,0.14830421921690806,-0.11353871036602235,-0.09551786245029556,0.0662337624588837,-0.03193609927201733,0.06097683751139418,-0.0015399149913110073,0.020225431767129303,-0.0051431923234737005,-0.013298543578524351,-0.0033092811550611938,-0.01746049355580876,0.0053524778147370595,-0.03730260539863292,0
-0.21454158568126114,-0.2799122724302256,0.14539436893144167,-0.09539795661765298,-0.007629750673044514,0.07877545444471508,-0.02707962186063478,0.07948023906863358,0.005863191558526123,-0.0009018352067139907,-0.0016427769781434604,-0.021301656612889103,-0.004638940299246015,-0.008928397046202297,-0.007649296467364248,-0.044288620837615415,0
-0.23717538164684138,-0.2770551492026656,0.15825049829041818,-0.13390148213272457,-0.0186417250962431,0.07141921013157097,-0.021468974605807205,0.07582466762192364,0.012688681942265526,-0.012445281059653573,0.00995214724111822,-0.024004074160520906,-0.005568716750855817,-0.011934686773600035,-0.014336300172979126,-0.039349937727600155,0
-0.25449599101543824,-0.26433814056654004,0.13589308570214514,-0.15530955670255933,-0.013283122067576944,0.06105289636236833,-0.01810765526103987,0.06949646712679844,0.0051676710543909115,-0.013739760532945962,0.017041554439068764,-0.02129416644883533,-0.005833968348132673,-0.00845607961438591,-0.012477471901484969,-0.04130178631572776,0
-0.44431359322848146,0.06499029859811147,0.08723407945828748,-0.0689064016295337,0.09251601175919054,-0.041788709060897246,0.05132023577538249,-0.020078140470457015,0.025046223264845756,-0.04964016522464489,0.0400690450950585,0.009395782185326532,0.0061320885993500236,0.006398759266015353,-0.0021544740243984424,-0.02025093935643067,1
-0.4423522721125376,0.07176991342570742,0.0777828064853761,-0.08360734878565523,0.08228127027176842,-0.04731738955227091,0.0509598989180777,-0.026985995937726086,0.02324511810390542,-0.04786114850670186,0.03734340352052018,0.013096072067362834,0.005588318585359422,0.007366992341338172,0.0031448105240971867,-0.01946906037987875,1
-0.44894915048015177,0.07995225717989615,0.06306129188782236,-0.10548275997897397,0.08504793224544621,-0.055580096340560624,0.05111191127621072,-0.03111719577132793,0.023453658467089182,-0.05490562088858359,0.037188468965977606,0.013568827324812984,0.0032115198930301593,0.010251180596297529,0.006433398247643991,-0.01741912431812435,1
-0.4652012503954019,0.08218729648471393,0.09576422525415906,-0.09255378262067013,0.08847696544075208,-0.04351260621494594,0.05447886168082258,-0.032093381796163306,0.02643975353278185,-0.05461904226737058,0.043782282848308984,0.01236452425028887,0.00720496379252128,0.010745404687542011,-0.0006820843790605482,-0.012562698137068031,1
-0.471544558211872,0.09788606637129503,0.10838327800736357,-0.15330157755970697,0.08276424816991092,-0.03434285331607363,0.05409669260988885,-0.05525428683199687,0.029336827272668262,-0.06712182157648068,0.04709119885280949,0.016458710144117084,0.006856008976740971,0.015774517446349126,0.0023107130119379166,-0.008421507322405531,1
-0.48218584833956035,0.057630684653045695,0.12140686288840015,-0.13162311297056292,0.019552585418748797,-0.04098004561084489,0.04798045116482052,-0.05541277248648364,0.017359797809740028,-0.03340573716047786,0.04464494429924226,0.011680145724341943,0.01283444917675432,0.005662121152216665,-0.0016745141864602407,-0.009771646811187246,1
-0.48503030772449457,0.07884066919274611,0.09244762493151348,-0.09286621656324207,0.017334430438437163,-0.06116676480528029,0.05265789871466663,-0.03851526333538292,0.020802956621555468,-0.06316795732722959,0.0498439512892949,0.0038386759546698616,-0.0016174959779853356,0.008628984309492238,0.000973958408655275,-0.00811882736182664,1
-0.47703595078723526,0.058335410107790864,0.11044715636385764,-0.14031685653205014,0.041826433748412516,-0.04348490095253753,0.050374433526011925,-0.04509857110694648,0.026789734133293722,-0.0759779606634292,0.05710170192964595,-0.0019669517678480132,0.0008412172649131165,0.006363937433372636,-0.0046594029382433615,-0.005008963830986645,1
-0.5047343862305966,0.07529216244757381,0.06624828996459682,-0.17310235012695485,0.036276535047065635,-0.0731837168086779,0.0496788452000328,-0.045908725832001354,0.022971056004253473,-0.08283287499588156,0.05332086126032043,-0.0024890463150018653,-0.005068279594452568,0.013964340260567913,0.002284614687347802,0.006119994681427415,1
-0.502329195823396,0.02910246959605297,0.04577852678062276,-0.0885120814701393,0.06862052785796921,-0.07971132935378872,0.04148254626882967,-0.006969835960698467,0.013513029717554597,-0.059860715547477676,0.047805904107901004,-0.013832733441630113,-0.0015028902240884834,0.0001321016788671705,-0.007744716440302448,-0.013150218656295367,1
-0.5390888533601099,0.09036630077217515,0.06932104306436362,-0.14556004676303658,0.0683662611055948,-0.07417194132583724,0.05203084522717411,-0.03640355804465825,0.020876972477939744,-0.05669772263562129,0.048718733156881425,0.006877577971104615,0.003480626433402951,0.019792877502302908,0.0017606038616392518,0.003783542197821741,1
-0.5099002879130587,0.015809710879400116,0.021120238583253584,-0.12813471425917997,0.07040447518604907,-0.08926544756957583,0.03676479749691762,-0.01020194719514101,0.009168153037633018,-0.05669327029527064,0.040883186142893664,-0.015479768914311996,-0.00032704915803249306,-0.000511146705783382,-0.008574478047369275,-0.011845877763497352,1
0.31637334101028247,0.01568809942245771,-0.0546139900033957,-0.11105510374192452,-0.012808793159236054,-0.00486866896570844,0.059223422081097626,-0.0344259437809016,-0.016898972121224196,0.045949312684144046,0.001421085830075749,0.014538044444541697,0.004646114339215318,0.030942995928982926,-0.003838519758908997,-0.021622946553616518,0
0.31831265123621494,0.026817168899841988,-0.025544452375881217,-0.08588701202289835,0.0055177203937733215,-0.015958504354181124,0.047117151824435544,-0.024506778859727605,-0.02174278149520804,0.039613985918550323,-5.8389272666403724e-05,0.025310393714106084,0.004027699177764067,0.019623503638865284,-0.002985752197423936,-0.02267287503471944,0
0.338742898508538,0.027931731465183324,-0.03009856182582849,-0.06087010143696521,0.016785312700494274,-0.022535999070167664,0.055129084375239425,-0.028565605133892776,-0.01871733324324513,0.030975738047032044,0.0029220257012222144,0.028301878497811978,0.002286695834597341,0.024121951192620644,-0.01078504416611892,-0.039700194799771514,0
0.3620851058414411,0.04850200764238742,0.007231655242590379,-0.0676577249835535,0.09491601710372842,-0.02512583844141602,0.04027075749358914,-0.014774864297965684,-0.02137538388534207,0.026515079181240242,-0.006027165958858595,0.025857154726485126,0.01228899211646551,0.003429940845307208,-0.0193031398179613,-0.051789027285561694,0
0.36532701974974396,0.013765805342714961,0.009631452666636934,-0.08094920373339572,0.04316675984691004,-0.05265083686055353,0.0457458654207498,-0.037842662569614396,-0.03531702171539929,0.01834159312658597,-0.0020318664380735464,0.0397478883591902,0.001901598866071563,0.0032122688870712345,-0.021706780410136003,-0.04412361945139989,0
0.3720007010412687,0.021600328941625398,0.018066259708522343,-0.08352602212236049,0.050871610913946104,-0.0585656529822567,0.03853641943893138,-0.03754368953194213,-0.042029632346354866,0.011040230764804447,-0.004789506144723537,0.04428106575901969,-4.394976007400576e-05,-0.0003783499663126609,-0.02658015039039699,-0.04287547728883685,0
0.3517292638961723,0.03703897999890297,0.005431566402144468,-0.10580832726871038,0.07510343433713551,-0.03488620093518668,0.040069772753237885,-0.02273519906726412,-0.04290375829374668,0.005629769490222819,-0.00757903169026554,0.04479126853358636,-0.0021231439857172987,0.006976270998819146,-0.02923724444360703,-0.03818888159114945,0
0.371043112182022,0.08014670193613736,0.04108651055457908,-0.06173572906317097,0.09786131558178056,-0.037594309291446644,0.00895502977618467,-0.014939777618347883,-0.03891013242596213,0.01958046335986425,-0.014582583981681723,0.03848160326269308,0.01063119235043616,-0.005009236106798624,-0.030458132529352613,-0.04844617181989085,0
0.3677168894828633,0.052015692352169865,0.021442606266052072,-0.0333336447207535,0.05245793664970134,-0.04942487040630498,0.02922513687589738,-0.02390140642014593,-0.030862726453118546,0.022274069417777417,-0.00650124997455977,0.04138832094199371,0.005334329466099047,0.004672299586490958,-0.022187006744227016,-0.04939370502909987,0
0.3473067184103258,0.08440953356241242,0.0069439332953759505,-0.06092090079106031,0.08635947112839011,-0.01986235046625411,0.026426649078628406,-0.002857852960253573,-0.03519980100521068,0.01211714862743537,-0.009246973169729765,0.040758756700196866,0.003698861799941916,0.013342620118047223,-0.028253873820355182,-0.048582506531604466,0
0.3491751883759183,0.04211622818327005,0.004551441030857124,-0.055361806752149856,0.03759233206053574,-0.03948429109161775,0.038777810846495675,-0.024437317209409587,-0.03245031093778352,0.02141461799147666,-0.004060158473600135,0.04312731238422719,0.0011714746436559782,0.012824226645377279,-0.01991852154631558,-0.044169154830845186,0
0.35635849092388505,0.05709027337405518,0.014621205289712624,-0.09140292654986852,0.08472921818183236,-0.027788845376879572,0.030347526058957377,-0.016715297228455696,-0.03656721452151536,0.020990105390012812,-0.008640609351648338,0.03503419007095169,0.008159068001936349,0.0034227423972882183,-0.024381004985267987,-0.04607754546469226,0
-0.23274561129564472,-0.19536904008419187,0.04198640654433956,0.011933524988054115,0.12659385599886913,0.06647291621992747,-0.03035759414702038,0.07887826809105762,-0.006136216308087712,-0.00954243577211741,0.011425430445354656,-0.018323298929978284,-0.019042267542684867,0.020685106872804802,0.002297417327050397,-0.06259578422932821,0
-0.2252227257931665,-0.19594331569472814,0.0021797334323633657,0.026424207507045445,0.15270493659347692,0.06791961692016449,-0.04119236160572189,0.0681913811994195,-0.013520711846697358,-0.01186870988961731,0.014084439920698992,-0.01779946179259549,-0.025268483564264754,0.028472850877189818,0.004638822453982541,-0.06735828436779252,0
-0.21590671531067832,-0.23162228963910683,0.027558283809336732,-0.034412587653949694,0.07182985112427831,0.06461695646693703,-0.03754587274344339,0.06239354491858369,-0.021263386423694276,0.0007287546010744818,0.006535749540801786,-0.011038561527868007,-0.017869679057241235,0.02111879447076651,0.00585033080174279,-0.060430719615541355,0
-0.2591532390615875,-0.21834938219393382,-0.050087336031134085,-0.008950577263350327,0.11240073081112675,0.047590419356974875,-0.06515725128146309,0.04104413453465867,-0.038793112121110696,0.015464987278979131,0.01175638121863294,-0.011321337786739,-0.019550492880784136,0.02834739423857687,0.007151022157128797,-0.06463720951291319,0
-0.3166138601985758,-0.1777383030595786,-0.17700550771748963,0.02339854051192541,0.15760450068475193,0.019767684205840564,-0.10061772675427275,-0.013820735125921638,-0.037553040682611775,0.029963865027602232,-0.00047039818556496196,-0.005670897038828582,-0.02262605460493111,0.028156185493419743,0.00027545361709909334,-0.07181613649452707,0
-0.310673647298657,-0.16143973900590983,-0.04952624992177397,0.1050426188011752,0.1709142740218387,0.03823806931389796,-0.07036280592835345,0.055414975659269596,-0.032917250458620186,0.010428445994675776,0.021453476320926715,-0.027243355938258974,-0.019594539512304873,0.016614716547968252,0.008036341931011047,-0.0687750358552487,0
-0.3518678718422009,-0.16764088106248082,-0.1240303343080776,0.04822668018163463,0.1348639473104962,0.0024676267789266373,-0.08776018061835023,0.020707916763054227,-0.03904023774525928,0.0006962292545332491,0.013735123942270305,-0.02627713264111551,-0.023583473717967828,0.0071715655809572905,0.004458439009811987,-0.06899570348729561,0
-0.3437092293376173,-0.14937052140927778,-0.028907789138575155,0.10029731121410401,0.13852383179680952,0.017162879214497103,-0.058905485388400326,0.06231145532542358,-0.03303752359548417,0.0017274030211231646,0.024875787192216562,-0.032082936293135036,-0.016204874474587724,0.0050709406917949455,0.004346603022789018,-0.0674258212339138,0
-0.356265568097749,-0.17459936686966224,-0.082153200478281,0.04993944246662882,0.13959131376307116,0.007336089810091996,-0.07879321963930058,0.042475631605473574,-0.04238208584486459,7.020283478348618e-05,0.02150927510817026,-0.03140006821309698,-0.017469878557704537,0.003377249202105877,0.003584985566461888,-0.06258518884120791,0
-0.38640174607169786,-0.17762178405651688,-0.29329239298636556,0.029988588300804482,0.1499959446516049,0.007842622098201925,-0.12248163486774935,-0.05738952615169326,-0.02871484915614166,0.00038439256198173545,-0.021284627881807374,-0.020092087710987666,-0.02722335808772463,0.004074580963516858,-0.03373356363575588,-0.046038490261436596,0
-0.3775866788826645,-0.16658200097591935,-0.30956191190841537,0.018023667887678917,0.18020628398069652,0.012389050737855647,-0.11522255879509244,-0.06258498354971571,-0.022924612084192025,-0.0046801418813733914,-0.02182407666352567,-0.01645488711722049,-0.02903473941537533,0.005698615401119,-0.03910713974772461,-0.04322542268646686,0
-0.3773667124276566,-0.1521803916073065,-0.27181290576323125,0.05131080569977082,0.1752541823046613,0.008124859963008888,-0.11708038760284802,-0.05157833741943972,-0.02781675217351526,0.008610584195124399,-0.01779647077560333,-0.017825235678674792,-0.02651470040316195,0.00422985650570153,-0.019183409855533944,-0.05184564131807102,0
0.16128989311840694,0.20687281343312833,-0.16550089066742588,-0.3420640028138893,-0.062108394911113605,0.027377858746638596,0.0014069502317133541,0.01194171818023625,-0.03436195256772061,-0.05461193938245706,-0.026957021929464677,-0.04351784168297537,-0.0035816252180705427,0.02806982409247932,-0.02937520616714059,0.01287707527529483,1
0.18284794834719342,0.17558045496968605,-0.10358913362747492,-0.2797172179857287,-0.024325913966414814,0.03251057611764106,0.005925927161970661,0.01089911362366571,-0.044764865737628785,-0.04184290220824809,-0.02038975902908699,-0.02224566761687545,-0.010019916493800579,0.0365146501802778,-0.03833727312331827,0.0154504689613872,1
0.18326974026406256,0.1795513644504503,-0.0972421001917141,-0.34575189355762626,-0.028979520905274277,0.04311916495897783,-0.004111674020748555,0.007112848924989292,-0.05885386523718078,-0.02868859852086971,-0.01592741043887375,-0.04342741608530394,-0.00030087030867416805,0.028668066941957383,-0.030479551166730283,0.03171348489872689,1
0.17708336768929128,0.22576032498720694,-0.13920342896064178,-0.3456025449138585,-0.05739753859924092,0.041354489237923314,-0.005091680471553958,0.01269260190069858,-0.051445836651372076,-0.03461253523636775,-0.021139679618771116,-0.0556092484010744,0.008186038900804438,0.02528967454875473,-0.029237053201988373,0.014302200657880798,1
0.18647405877150397,0.248836013401246,-0.15101898984505888,-0.3452600882982708,-0.023334394852725076,0.04971609069746327,-0.004784246879426228,0.02192289039701909,-0.047016015295121276,-0.041480873815873176,-0.021173165102471712,-0.05823746480029158,0.014187058236772396,0.02326497384628647,-0.03107656150796118,-0.00026833205634507935,1
0.15613177337550746,0.25316577743524643,-0.1984098749485334,-0.307017727841901,-0.0749251947598696,0.017025068098442106,0.0008010154801435565,0.013717374312381092,-0.02497807911730076,-0.07294032511671426,-0.0320214194340125,-0.03395157125629505,-0.0034854226276907875,0.02349737983121122,-0.03660970790829498,-0.018005060055353593,1
0.10698987185948262,0.3961570695746441,-0.2171500185371523,-0.3804950731785459,-0.04636917144469118,0.019523910694976616,-0.01819283850259813,0.00529046754782328,-0.05332120440309314,-0.11506431452179156,-0.026431841719560575,-0.05312575991776309,0.022893182822264806,-0.00795946846539894,-0.021494668310202178,-0.038635707770634124,1
0.15605676857680273,0.27027002709607156,-0.2865198711240355,-0.31595721156430323,-0.05652327513727697,-0.005279269369568883,0.0008948030232790092,0.013272202608113431,0.008405539186273616,-0.1093472250443219,-0.03079620450787299,-0.0032614828170653993,-0.014620040260022015,0.01578605684522807,-0.03252330523366108,-0.061633179907256676,1
0.23779071923587403,0.23282960191700597,-0.18300506779839723,-0.35769707213032015,-0.06461537230074918,0.0272865365722462,0.004407987970879128,0.015546783316196038,-0.07053213704610271,-0.06070755881718684,-0.021648894273407458,-0.039475966402024415,-0.006123171716346168,0.04350469233862495,-0.05238957604009891,0.0037023464631467566,1
0.20350581051675504,0.2932752887002295,-0.22390480351106906,-0.3148583894238257,-0.009336715588359083,0.02952788670638717,0.003195338039848377,0.029550501749072665,-0.0317666650226361,-0.09336478253990323,-0.02889643283170618,-0.03056978899664124,-0.0004696310846703381,0.026819082526757645,-0.053576690904018294,-0.04704732845552792,1
0.2475419720843166,0.2459699183318785,-0.23973370006979647,-0.29823642489390234,-0.014060300703994345,0.031328004460463854,0.01709040046162547,0.026049084549804834,-0.019319358720180004,-0.07136319502776482,-0.02979954052377502,-0.027002706347940306,-0.006010260129615927,0.049347549862248444,-0.054748222854764675,-0.039645484766461334,1
0.24228992256945123,0.2808482355944814,-0.17689875432797703,-0.28902922274525183,0.02395708532931345,0.05317472839030803,0.006294896402400233,0.039056458192002846,-0.04378952275469313,-0.05676572016294002,-0.022630885817765838,-0.043801411834291766,0.011717713011451926,0.03672146394792136,-0.05571612641583037,-0.04066699499525583,1
-0.5231676421996575,-0.11385760769443544,-0.6264644362491558,0.05772605910401707,-0.023758794760490455,0.15992768858183273,0.07593308357375943,0.0014734311458868524,0.009599421842239797,-0.3925508804078859,0.027058231359437076,-0.015707353289589568,-0.04539668810246372,-0.12785685214972864,-0.011690832588119105,0.01795400661211217,0
1.002899099302265,-0.166934557959497,0.8918999983975461,-0.11182191301695908,-0.018960602802352084,0.32928004836765196,0.16740288430817568,-0.019230762253337794,-0.08412529209828597,-0.05140817241636465,-0.15874092636305004,-0.23628919860426822,-0.1774891179640902,0.06579893434018472,0.03092911550327014,-0.22386682354842896,0
0.9908443638839375,-0.17764597061367574,0.89597578139196,-0.18079719983203757,-0.02987258156784316,0.32905899540304184,0.14375470022915388,-0.05382558891436303,-0.09551945721449263,-0.06252978214629218,-0.14084094208834683,-0.2279023347443918,-0.18905223332105134,0.0660526202486513,0.031094233582266744,-0.22111486622432489,0
-0.11582958324113744,-0.525465796219471,-0.24321896121200182,0.007699016000872737,-0.013397889275425715,0.13611760666255474,-0.05280643985424261,0.049633413123306346,-0.03235742716641764,-0.31467085261985667,0.08057394356951479,0.0032101239107822045,-0.22393898205422136,0.04928687933006617,-0.020389783205633616,-0.013526649069313921,0
-0.25229796906014174,-0.24865233555782204,0.05847468566409796,-0.15385283128857855,0.02979418417258251,0.04652733089755899,-0.02267333996879438,0.06624814745371921,-0.011769169917378489,-0.019711997582864998,0.018447258030042598,-0.014633520646935318,-0.015203313544274611,0.002801418411335507,-0.0011340229484698018,-0.049406387662535314,0
-0.2140592920066618,-0.2868055682724177,0.06814990995553676,-0.13076649012603325,0.03421834069403761,0.07074337808827572,-0.02982328376526219,0.0712563676062562,-0.018810738152390823,-0.01274716824522463,0.006473865648478598,-0.01651809663227451,-0.013352538530514609,0.005100899149591267,-0.003960149029911211,-0.052184745995560264,0
-0.23061457004204672,-0.24599668222929835,0.04154219168380422,-0.09888603167729454,0.030085678190678124,0.051902465259836,-0.033553252582604616,0.055018463398661226,-0.02669448275262736,0.017784088345014805,0.003709125910586042,-0.004076942743662052,-0.007949193863686688,0.013860952130689335,0.00456053262672603,-0.05229750685379295,0
-0.1787356010150033,-0.2640019679837725,0.11912112822371539,-0.09161435619406197,0.051383329735909526,0.08595950780490223,-0.023299884631814212,0.0694022624279836,0.003524275212609812,0.013320160553763314,-0.0136183013937189,-0.011875790076755035,-0.0010269026704568182,0.0005972117910828186,-0.0014166272183446104,-0.04934143622175592,0
-0.19052538954346487,-0.267272564347807,0.09255296739497693,-0.10468836545551789,0.044175006863166,0.07793690862840372,-0.02589913752485245,0.0637759825850707,-0.010625480668913386,0.012499513501408235,-0.008146484606994235,-0.00848171637393341,-0.002869633156078125,0.005688609694981877,-0.000914008383688627,-0.049595132168587165,0
-0.17466346478901923,-0.25185311070747785,0.10538246292161818,-0.031137159860368035,0.06694476701532553,0.0919260086825124,-0.028777601157953112,0.07196000452567895,-0.0015199811888172879,0.019549866163078473,-0.016886829254596464,-0.013177236169948241,-0.0014227776483588348,0.007817101647155999,0.0026755794229784014,-0.05567306703749074,0
-0.21470065100726432,-0.24072537053683507,0.01340412363603467,-0.07828936485484415,0.03723150101657762,0.056446301085739115,-0.03997627724653759,0.04186112952216336,-0.03350450166933828,0.029809645667067067,-0.003157410885002792,0.0032601125448684927,-0.008515768292759702,0.02231267455932346,0.010275280992644053,-0.0599475240080463,0
-0.22161188662021264,-0.25640332105003666,0.08158363694985071,-0.12220594320803167,-0.0014737922880036763,0.056940053984248624,-0.026198023193575243,0.05801412441907464,-0.017268510564950372,0.016820573472128522,0.0014826462417672512,-0.0045865893806129555,-0.004722323124028908,0.004690992704715687,0.00239066879746077,-0.04633966183452238,0
-0.5546732999604739,-0.0530393374354202,-0.15161533101368763,-0.1833068339315233,0.13898168942820796,-0.08680253236142473,-0.00046209651041074584,-0.015548298826842213,-0.03734762455537151,0.015215844065811312,-0.04824272461979833,-0.030253555609281706,0.03364778439286316,-0.017040163797377255,-0.037037937186935446,-0.0033528166062180512,1
-0.5774806781401594,-0.03779955336121879,-0.25886918552653115,-0.09367391307766727,0.15386585311069703,-0.02951273761231038,-0.018634183566894412,-0.052303494532068937,-0.05675725420653603,0.05011767029311037,-0.10632007721765288,-0.041816702244545645,0.043281387142589924,-0.03544963121568636,-0.03136361719731927,0.012567732813728591,1
-0.6232165992981951,0.010841346031768938,-0.25865088197596303,-0.1698372525399165,0.15372674884141205,-0.03209509537561559,0.03057447890784947,-0.04344763066857378,-0.06308072971477811,0.06327720742452848,-0.12434218412799879,-0.04452359175983536,0.05736386168113151,-0.019719866663840596,-0.02921307674588571,0.040816901221772194,1
-0.6498444899647678,-0.04053177515208165,-0.3570441484533347,-0.07945189474913243,0.1929943953156134,0.1058298357826979,0.010142232530126314,-0.08783571190231998,-0.06617833325165934,0.07787861836160423,-0.16685805186442562,-0.057236677018355685,0.08036564191738153,-0.06972035274504171,-0.029217335343374517,0.05980352873762034,1
-0.4965663675253329,-0.4036244988053948,-0.4750250150989452,-0.08719650390458551,0.1196055845773883,0.1205277789651807,-0.10362648235196137,-0.04490259764174257,0.040166300038622434,0.15242173884490653,-0.06795188412144292,0.03559807311785344,0.11745747280521297,-0.016867622104361896,-0.19588965463129962,0.06384840655174807,1
-0.4181864443510244,-0.4715287011304648,-0.471776181648276,-0.1302561102771791,0.08094846077913968,0.06758634645705151,-0.12425417954319529,-0.06093039342267935,0.030453523716442648,0.16916038606870784,-0.018367423095118334,0.01898961300296809,0.08102532642536854,0.050749293020715756,-0.20339499732721403,0.044809550973611306,1
-0.4709858737636142,-0.4686886220205113,-0.5072808032347985,-0.10257042774472627,0.05043077647750293,0.08785575785452861,-0.09675395600433286,-0.03185282600738371,0.0651317237136182,0.16614651814924505,-0.046599079894268335,0.05248989152089465,0.12484972337620313,0.01803767324914072,-0.2189503560677322,0.06514489340105925,1
-0.4394465716763795,-0.507966307543176,-0.5155075824047618,-0.10101207240102203,0.06105229328747763,0.06201738394691569,-0.09263914496651038,-0.024743042084098468,0.08361371991888042,0.17720564784314594,-0.02449957713328085,0.04359938630862962,0.11923159901980894,0.04700221501498335,-0.2267816467290233,0.06018441359667941,1
-0.49947458220895896,-0.4529105127512106,-0.5151911209844717,-0.08823928083094068,0.08177533282072685,0.1166311336937,-0.07424915544204702,-0.014232265184521493,0.07920261137689855,0.14535251627292117,-0.06582126622313667,0.0652900795197919,0.13952849233588202,-0.010477802817367031,-0.22300747479423527,0.06417337112621767,1
-0.5059866737691284,-0.4539458507318166,-0.48755317800919357,-0.030814395329593926,0.11315112968864241,0.11600607679440667,-0.09493835196021101,-0.006882094413950791,0.10074787933008929,0.14600531306001088,-0.06167474520089758,0.053801253699639694,0.12126532228841908,0.0023200482851188876,-0.20803527214130813,0.047424991287244665,1
-0.45643272113766836,-0.5354877033792463,-0.5019533340779333,-0.07813187359697342,0.10481061503134202,0.06827630668450418,-0.08628302491391773,0.005581411664729323,0.11626955868444493,0.16335749105843828,-0.02139171111721793,0.037375600277930195,0.10908577686257691,0.04213339352326232,-0.22564075857925295,0.05352257433609921,1
-0.4685801638344135,-0.5103101037179382,-0.5230482679791527,-0.02441787981546541,0.08184931787889344,0.07627421637758552,-0.07693252950678017,0.01308742891635155,0.13807184099651648,0.16939279585884306,-0.03914687674252957,0.06551710221659103,0.14163693870901395,0.04496819992938176,-0.22314682512370915,0.04868853983043983,1
0.4151255187493893,-0.006550346629171087,0.024777655137549988,-0.317987520234471,-0.03472545312776299,-0.08782715319553376,0.003169623861998047,-0.08518307838301165,-0.12380420119827322,0.01462968830414025,0.009249724960593125,0.03437001348464375,-0.010030039042018586,-0.027689069485864307,-0.021637265091446284,0.010849864306858038,0
0.34992760812063484,-0.008462885863717105,-0.00034539488656115593,-0.2571949840748977,-0.049805487746390535,-0.05501600833870512,0.028498679028340534,-0.0605170201030915,-0.08669285833826969,0.027445431798670213,0.003515629450501623,0.03230771682369922,-0.006892392439750009,-0.0007595178990718031,-0.016709118333536485,0.006578796636857658,0
0.3216858250318772,-0.045622110293346695,-0.018589008288112455,-0.24239569894363544,-0.022626818222547567,-0.036142954358842884,0.05467584936069518,-0.05256508461507574,-0.05650645827690242,0.027345389852251687,0.0020333027004775395,0.025811675011850818,-0.0045187989387507925,0.003938175403601807,-0.014155074810494276,0.0023123332216528395,0
0.35465729568536364,-0.04639487777506018,0.015508675961843278,-0.2616442269113748,0.016742168934663165,-0.05511027867966065,0.03999502951155357,-0.06085417134762288,-0.0666384867701318,0.022204992272304182,0.0019661137839723144,0.024507972957295333,0.0006371820050484808,-0.02096732425508193,-0.015646071469981045,-0.003469326992343679,0
0.3231446771588817,-0.02842645991645321,-0.03752203895582469,-0.2486971496511653,-0.012374683163056578,-0.021836992238612043,0.05706926833030072,-0.04460299775653077,-0.05179044952861189,0.03118216715964748,0.0008848165843578531,0.013698153107375616,-0.002059525705763336,0.009484031520356918,-0.011717377985324396,0.010121451283735265,0
0.3616415186263021,-0.04208423103600053,-0.002678732428495179,-0.25174368443032374,0.014065144331197113,-0.051159401443199554,0.05095793438598178,-0.059030081168610915,-0.06339420248816574,0.025102149454952247,0.005112838630752077,0.02092478423391287,0.0019331917534852025,-0.013334876412660474,-0.015715921622424318,-0.006041857477706051,0
0.34926974387992926,-0.03442689627737474,-0.021490777629957263,-0.30925145903206197,-0.044554449802560035,-0.05236046529838627,0.04531004836063764,-0.06146132275677711,-0.09276229664191525,0.015848377139821093,0.00349507835134856,0.029804154152934408,-0.013176774649291423,0.0019752917428382103,-0.024652234139987864,0.020545504064211177,0
0.37294418329486173,-0.018584369280022467,0.017508246942203747,-0.27336178852392623,-0.022736946908432296,-0.07156054673370194,0.02234137048797248,-0.06951124659475091,-0.09803366146963827,0.01267588994784873,0.0035410932017861715,0.040791936696242675,-0.009924256539486725,-0.01505388531846519,-0.02335415870360188,0.004418159050590843,0
0.3819095033579378,-0.0059308316724470565,0.01886823017468459,-0.31744628790932755,-0.043877210961764945,-0.07244085308208048,0.007594092221610867,-0.0772314081083673,-0.11972036149123533,0.017898930100852306,0.005937820221359222,0.03721326175610945,-0.010993009203147143,-0.01710470942844248,-0.023165240123681402,0.015964013570418375,0
0.4243018911287011,-0.00786538287911195,0.04624061808550633,-0.275699777622576,-0.01427807761458256,-0.09280961601429613,0.0003286836335500938,-0.08896023135263752,-0.101807001335371,0.03689971461464867,0.006473230380997427,0.0248701799876454,0.005352368017303497,-0.040876628434160456,-0.011496192870254373,-0.009881836969423342,0
0.3707595774153274,-0.03472243971784803,0.009005712753947041,-0.29502443066872636,-0.06281014134804835,-0.07582435029579167,0.028029151174517836,-0.07715026990327954,-0.10249176998941503,0.030114943794896907,0.007920066499009587,0.03618774011633006,-0.007726960323842766,-0.01408249883013134,-0.01628223307883105,0.014370250227638898,0
0.3745277063322964,-0.03696371513418459,-0.008416076020933009,-0.321498675896693,-0.03843922550180917,-0.06624329648227742,0.040614233356019463,-0.07241683622841222,-0.10302541380556016,0.020620233513952386,0.0071269914882064805,0.03083226062348692,-0.00856432291913895,-0.009424129090536706,-0.023979743319318753,0.013737329674726845,0
0.2781497080970388,0.1426575384153784,-0.30264594064883665,-0.3701116696590035,-0.10210699241770732,0.029942148815875952,0.04046683544098603,-0.020293893650940004,0.004871422214084875,-0.0055477165910058045,-0.023048040659726887,-0.0218848489994866,0.006056936000767313,0.07383768970629787,-0.012072485065213839,0.0008573942230396594,1
0.18841194994884844,0.15110811159270926,-0.4628244754310385,-0.3770293507197379,-0.07228499435901294,0.04661417016657797,-0.009766049734809507,-0.05404359835331778,0.11073397669944568,0.016723954438240905,0.02165620957966392,0.004420791106642373,0.042887588214223914,0.038963277644872,0.08630721136633242,-0.0489767391933151,1
0.07867428287173049,0.2860912421121166,-0.42826225160349923,-0.45434225743209017,-0.04363264514172607,-0.02663599582267725,-0.0271722480395981,0.013601927573319197,0.06025252074938394,-0.08149101449602489,0.02299271877259075,0.023997233055053354,0.011237015212308453,-0.0516452157863304,0.05743918892591068,-0.09016952144914493,1
0.06553082542885545,0.2878245617929457,-0.33113777394761107,-0.4322275426720792,-0.0680599215827224,-0.011771019549035694,-0.021936307714098466,0.015438475160252603,0.03460220322085588,-0.07260523282265101,-0.01250036300448673,-0.022928835907963283,0.022034684191352082,-0.03481164553932589,0.04113209298080003,-0.0617310125111044,1
0.15384155282730147,0.2756486261497419,-0.2167301665056052,-0.4512511407181474,-0.07668212279205289,0.028779391881915802,-0.015207973376322834,0.012101611965056588,-0.053482337634728476,-0.06491727988708593,-0.017773319872480653,-0.05943882860957915,0.020987682053534962,0.003128774439944655,-0.009484374129956001,-0.006711374706728541,1
0.19187181685654592,0.20269947853002543,-0.18667960735194228,-0.39912601045340756,-0.09542294691601363,0.02758445846123026,0.0020880292090481685,0.00765885267865823,-0.05168835888597666,-0.032750253806850094,-0.024152268292040605,-0.050920634912846895,0.006148384976784519,0.03258320744794857,-0.0246371339713823,0.018124437853028016,1
0.2046123992902713,0.23223107354995476,-0.16692885507425828,-0.39367333766895735,-0.09394612156170329,0.02984937130546793,-0.005059084743462506,0.0062262139039312055,-0.07688169452357313,-0.04528862857747672,-0.019235447487042506,-0.0517852148219019,0.002882296386306664,0.03231806711111784,-0.03925780928963527,0.01510491478023017,1
0.08925906368123926,0.37726923565673853,-0.17449231859584044,-0.42243921164704196,-0.05914469593778617,0.023902627278757433,-0.020736950797667277,-0.018101103349649206,-0.08224679923259506,-0.1301751734801829,-0.01567910349379855,-0.05625837457967097,0.012691363739218371,0.001668984700602421,-0.029033093628617574,-0.016272401541778777,1
0.17114777040408935,0.19764427429021508,-0.1689739180702054,-0.31635197775917534,-0.09353489301389104,0.007094487864382548,0.009676851390086831,-2.880788050655947e-05,-0.047882392358184,-0.07331116104146193,-0.03138236696934936,-0.013598565947462978,-0.023403641866279246,0.043667801955553434,-0.052116579448354204,0.0004163969660033748,1
0.11298696009740533,0.37930623017546017,-0.14318905687565212,-0.4117529509662587,-0.07985371942206877,0.02340082532958518,-0.02075835465888202,-0.031946768368010255,-0.1175346895243564,-0.14547678391030228,-0.006018348802835197,-0.05028304537333895,-0.004474562739155913,0.01377607987428397,-0.05421490921156718,-0.005036893329069721,1
0.14697680190632653,0.3905270150836334,-0.17831274372919634,-0.43539052023460106,-0.07442990112398441,0.025803830290938332,-0.02245385437443829,-0.016456344768438137,-0.11815029371860619,-0.13579507290185025,-0.00741501641932483,-0.05213991618372825,0.005565476775608057,0.010386627123856672,-0.048890015888628895,-0.023020348046753878,1
0.15024282368883382,0.4012471276122963,-0.1730170538828543,-0.4372681065430071,-0.07169199226102589,0.028403717331844228,-0.023507792896121326,-0.01928478126895179,-0.12552455021680026,-0.13980477849059839,-0.004940419228764852,-0.05477594754760567,0.005147343580584776,0.01237949771547756,-0.05088528472509485,-0.021913685948198442,1
-0.36291654712130855,-0.25867970751631536,-0.4284711135312776,-0.262568045619871,0.1092565093549099,0.005082470975434839,-0.06526631770127149,-0.06996956447339428,-0.04757611726379866,-0.04257211098312182,-0.02136735792623213,0.026800409260025124,-0.005336761416486781,-0.012742373119470445,-0.10333652256430972,0.02860529468792929,0
-0.3124605492866276,-0.25865947347550544,-0.04912084117352366,-0.3714702007528366,0.09993456664309747,-0.01048123926712009,-0.025488729941368332,0.022219909393736314,-0.028618068955869932,-0.008426393103006868,0.012977013742421545,0.001691879497801017,-0.0003373144371404946,0.013988126423414522,-0.020641529991859676,-0.03724218009676372,0
-0.2166863814504212,-0.2864724281889752,0.04997035916536609,-0.40055644383062766,0.0645419494068924,0.04265001715973159,-0.00849367885844788,0.025003715287156357,-0.016892899481963257,0.00612448571869471,0.006720402632930647,0.009966584070150067,0.0039080774222704845,0.0055214254310637315,-0.004596518037413306,-0.019678307301418764,0
-0.17927111985720923,-0.30286103653799507,0.08607545232780685,-0.287278171828377,-0.0429710719416344,0.05227968563880679,-0.017866411420646967,0.028049209278370266,-0.02514416184128245,0.04328511173749015,-0.007268173398321453,0.005846420353902815,0.006698652677037518,-0.011555371357224696,0.006782774063393088,-0.010950506444387671,0
-0.17858927987917395,-0.3222403677236202,-0.001506803018130987,-0.3375757275883236,0.02527517284134738,0.05026297195433527,-0.019090068886301357,0.012680305493218242,-0.04464653186580824,0.03668328689027017,-0.013873827396456023,0.01714549723450304,0.0014066698859520423,0.018820232916110104,-0.005374719893265377,-0.044753883438655655,0
-0.19186153887508817,-0.27140711348481905,-0.038916735090118885,-0.22922173948332045,-0.029109041915958547,0.026834258167890108,-0.03190657295796183,-0.004563145039518028,-0.05107481005049391,0.057047471944884146,-0.019231470411278376,0.030325260421107027,-0.004529414370607042,0.03266669992585475,0.006216610536855098,-0.04685224219856393,0
-0.18994888101835833,-0.29429051698102393,-0.10390546356561002,-0.2787451258804752,-0.03731036001920341,0.01406162468745121,-0.038433732946034985,-0.03147315204322767,-0.06125862749980763,0.05442178888745376,-0.027390746211980815,0.03772365065000679,-0.0115040759676988,0.04933431738413274,-0.006442327903602806,-0.04582236016683702,0
-0.18386446876131948,-0.28557236350587933,-0.05032073357823756,-0.24237181431634852,-0.09637162852575626,0.016167867979792454,-0.03248284506801188,-0.018755753707589046,-0.06036659023781106,0.06537517480960657,-0.024358251390773585,0.03473916986820382,-0.006578851293112644,0.03450045090723879,0.006334293257772808,-0.041570947620013385,0
-0.19108557547274158,-0.29312547670664213,-0.10229232934550508,-0.2906945212502353,-0.10498200597719803,-0.0048287322157834186,-0.03315511732337302,-0.033887574408005286,-0.06165359717351612,0.04864990097978436,-0.02845518200859745,0.03858744989358769,-0.01810567530325302,0.04715398413494775,-0.005639784127813752,-0.03887879122527622,0
-0.18732997804418988,-0.3160014590405223,-0.0722571115913288,-0.3907491040169088,-0.0547045905352261,0.0030764310698640864,-0.017229368269439695,-0.01373840606480937,-0.05477391412641481,0.02256265401975549,-0.019453953542297748,0.03213299270294791,-0.017049052013657747,0.03689241968064149,-0.011845662361375001,-0.03189930200241439,0
-0.20841885171782773,-0.26539744690317646,-0.1262477557951164,-0.24804674497919418,-0.06724598629770251,-0.009322555893055423,-0.04114172300220594,-0.032539618182885956,-0.05445362358834475,0.03453051632446987,-0.02612854565821684,0.03612419582117734,-0.023765399267588097,0.04982697114720804,-0.005712162172520694,-0.04205423179211896,0
-0.22719577688457174,-0.2782835372418329,-0.16078799549577483,-0.2970540285081797,-0.09083948401547298,-0.029285726407814138,-0.044123854163629246,-0.0425122694647416,-0.056195273008808035,0.028222279752329292,-0.03159639512121898,0.036987278697752916,-0.026603684004752635,0.052519201648470994,-0.016620399776616303,-0.039852777125491706,0
-0.2998441825717037,-0.06384374491994461,-0.02829678173409044,-0.08062259104823452,0.05677489210993681,-0.03842381577846519,-0.002323484812650174,0.004633922627152624,-0.002679326052814021,-0.013081007630498031,0.0067045513359659005,0.019484109900969434,-0.015514695255752607,0.0112104701004309,0.0012463179055240414,-0.032862384938815464,1
-0.29010994184773126,-0.04326016111453078,-0.021870418197673033,-0.10369249809312216,0.056897554146440606,-0.04055991115877042,0.008614357893250246,-0.0015564429362639545,0.0059897403100366104,-0.030954215690350947,0.008724120569762503,0.02232869764117596,-0.01870239875391751,0.011996966444269378,0.004140609694178113,-0.03246300596563944,1
-0.29871418053582965,-0.10652673104699646,-0.015395370596288874,-0.1957255752933299,-0.007566187206921874,-0.04198408498446133,-0.0023851422089421286,-0.014010552711913805,-0.010480150769797743,0.0011785573530027913,0.00215012635386143,0.025653217585124368,-0.008990577689270461,0.014743543395961805,-0.0030156545387939188,-0.03362452729729133,1
-0.2596763905521763,-0.23158043880899773,-0.017969489717008617,-0.26950428160915324,-0.10057938683173975,-0.023986487646803348,-0.025315840640694795,-0.0054170256983975965,-0.03913652793776411,0.029139887825302076,-0.0033296208255840436,0.018705127978696674,-0.009267792683443136,0.0198808184000265,-0.012446394683102284,-0.0207816957069481,1
-0.30186811559225885,-0.1342196862162739,0.001620151706910213,-0.22875667546553616,-0.03641922153863881,-0.03751821807176999,-0.005839193730959824,-0.016319652029319995,-0.01669073392032958,0.0144174666825297,0.003094879764304145,0.025035317068851114,-0.003280891305845711,0.01313391829854025,-0.005186638241319551,-0.03191566180095569,1
-0.25631648388553235,-0.16716913129846311,0.0324297891861562,-0.16809149188164643,-0.012969322226120846,0.0020929917605149685,-0.014343133853806138,0.01154897752924707,-0.0165250670410761,0.027066617502591723,0.0034265563120670682,0.02043198676814613,-0.002766218634960103,0.016341517302505423,-0.0019360253409085601,-0.026722888684262418,1
-0.2724588803706701,-0.1523324290025925,0.02076835770863931,-0.2046838073394329,-0.015355182207516336,-0.016515326161888513,-0.009192751015469725,0.0016629812591528398,-0.01539739626586907,0.011708409168489803,0.009385726018942515,0.017276286343311742,-0.003958721496024932,0.010150352077402943,-0.0014621954873686531,-0.0035651530702156477,1
-0.3717457258445698,-0.06405842488617473,-0.040090355546027044,-0.2382578912648726,-0.027327343067004163,-0.08572616308552881,0.008694377560424585,-0.039317152150659805,-0.012590107192268619,-0.007354720743144798,-0.0016789618860109862,0.020251510385079073,-0.002596212577982548,0.0037150316890517785,-0.00623878280096731,-0.020065807416657935,1
-0.37507582600508527,-0.05214737793890467,-0.028522245563552387,-0.18839075237820752,-0.00418532545569405,-0.0747090913719904,0.006412986572292738,-0.03395686857285617,-0.01548819155116781,0.022772904825662285,-0.006595937873784105,0.029227309743112474,0.0068567169425191345,0.003257303557213435,0.0004158029109930825,-0.027852091055979612,1
-0.4000470900855318,-0.06833047750918482,-0.05844871498131058,-0.28854122250344744,-0.07725858480122608,-0.10549728674269782,0.008234370107063427,-0.05838430330496401,-0.024576713747007924,0.02007736861467658,-0.017056443264688127,0.02508100013974606,0.006913744893301222,0.001457763726572472,-0.00852533422546836,-0.011828479241357132,1
-0.3491616625442507,-0.1211129352792217,-0.0759234687665729,-0.25919640066587224,-0.05012538359500397,-0.08052468186166936,-0.010336550795071264,-0.0330807752907249,-0.02560850912117895,0.01591699725947097,-0.015786438824024373,0.023113749731277746,-0.004131929441314407,0.008415234818940603,-0.013676660484595414,-0.02750577811392908,1
-0.37771616983163864,-0.04752766456684308,-0.10541043263842055,-0.17922546393808986,0.027367199889052903,-0.09338483194628057,0.00017169365024799217,-0.028931308149812787,-0.0135777943226163,-0.009988435169578742,-0.01697171164386358,0.017009662002197008,-0.010282977831340998,0.0030957717387060913,-0.008797791686780583,-0.022993539205298178,1
0.3033353055391265,0.0355277141545636,-0.01869746550822395,-0.16425046162933768,-0.03959882904223219,-0.023499411026383688,0.029940818449141395,-0.028813406813094366,-0.0546909678517338,0.03072394551638239,-0.003394020033944076,0.031121142137092227,-0.005463743141074925,0.019087081090696338,-0.009100629226443419,0.002192378952367455,0
0.2950709361861426,-0.0021108031513821512,-0.026878569768171434,-0.1391079740715691,-0.021499784857509807,-0.013285005275224242,0.04698188173993896,-0.03229103575911786,-0.026014817391401032,0.041692745906028915,-0.0009362248733734848,0.020009498126510063,0.0016349242402032707,0.01720533301916407,0.000216285457281849,-0.006552111189893358,0
0.2882143758619525,0.0064484797718438736,-0.01606558826269741,-0.02521509291089658,0.021554099211888052,0.0004646872547827318,0.04687775557594433,-0.020812604925121773,0.010444377431434946,0.050106311619276686,-0.0003744453369937019,0.015620184171303014,0.011058785983964635,0.017527183926844377,0.009387617297245996,-0.03350489843517887,0
0.2697341341953419,-0.05336456163060786,-0.06722593657710577,-0.11087461185403977,-0.035769720455855546,0.013333939636397193,0.064546449098297,-0.05396112220661588,0.002714570263248983,0.04597939192720606,0.0035616997532873537,0.004274552105848368,0.0021356607625111,0.03151220219637565,0.0038198797883627206,-0.011008412336720034,0
0.25373550851687793,-0.068976876218127,-0.07815712502516066,-0.11389348721889005,-0.07081816668947384,0.014189790022527703,0.06302540046123455,-0.06305510060318963,0.0006267710065686986,0.04472331410892503,0.002153064366286011,0.005460494516071113,-0.0026164015629781554,0.036929281133888,0.002829282414438262,-0.0015081076649015878,0
0.2653002093200688,-0.05568233675383098,-0.08537516510242572,-0.14112841836908682,-0.03748653029287893,0.018045963409387713,0.06693286508795812,-0.05403059288621356,0.0003630293579375357,0.03815324699542247,0.0004260256656382814,-3.479351191622443e-05,-0.003059764925117528,0.03540809501039542,-0.00041616877533842255,0.003122810989411821,0
0.2763146772095894,-0.031517241510805816,-0.058414865810371246,-0.074012238477052,-0.01456330283642033,0.0143486690017661,0.059967289056420486,-0.04408126279756996,0.009429236118273511,0.04996911333151277,0.00446250338764449,0.003251618865470839,0.006542137203862185,0.027772676509689086,0.00967056420056341,-0.015339716695197141,0
0.2794943003601357,-0.04421767811182834,-0.04752629830029544,-0.10018135305941968,-0.06565857549001015,-0.00727054690513918,0.05896733790624761,-0.0544997535342632,-0.008253924255132756,0.05392576849253641,0.004905621905602699,0.014147579668491735,0.003219593495420872,0.026899919455784158,0.006663568783306211,-0.009529104936341569,0
0.27256797076147316,-0.027937782507917706,-0.040201265902143825,-0.11115767737841782,-0.06584781676870344,-0.01236619768550487,0.053168065549843095,-0.044119237432234455,-0.017029777121845703,0.04552522047874676,-1.1694456769762329e-05,0.024045873929049964,-0.0029677663690311122,0.0275899462012731,0.0026328638929453987,-0.00571041027016377,0
0.2968869212134485,-0.020296329003426063,-0.016916504071627522,-0.14287669709039802,-0.035022768648973905,-0.027334506297785353,0.04763629384964491,-0.04076124656846579,-0.0339896585529549,0.03640890292368244,-1.8103923363874208e-05,0.02999979605197453,-0.0026879934183025892,0.013290418749305833,-0.0030063147779692437,-0.004580637320266231,0
0.3135682428681455,0.003498878284347223,-0.001073528625278118,-0.08983445959787344,-0.019782764247962697,-0.03311417805406266,0.04063844933039462,-0.03654119588609624,-0.027205773114107157,0.043110078434620815,0.0001594516561001885,0.03194765301499063,0.003793763462499827,0.010805379365763132,-0.000804542029792691,-0.021498321290085803,0
0.3086548413859931,0.03149922287704739,-0.00040027261326174186,-0.09626444797261652,0.0018415049752379888,-0.022671415210518714,0.033780962386889136,-0.02418360033278772,-0.031298961476837715,0.0375891643946015,-0.004119516578379083,0.034354102656020506,0.0031646241861518695,0.013857342595159678,-0.0057268411189951495,-0.024224124137930944,0
0.18991941037894652,0.23200034361104854,-0.08063382195168524,-0.16886224639978437,-0.027094380990306192,0.04391280961216082,0.0002627936898681168,0.025472819570127536,-0.033984398872042944,-0.012727773155292842,-0.012232139314579499,-0.02438250215336649,0.011211077258065784,0.029075973351340753,-0.0296157778366558,-0.022271755034756088,1
0.17386265105539533,0.22689702679619428,-0.13076611885565811,-0.21722063691766147,-0.028103062384776077,0.045004487801004314,0.006470522151561188,0.02544857443413487,-0.013323082637085646,-0.019978353235778627,-0.02495160835184115,-0.0392551408769999,0.012011476360724527,0.030326666162617654,-0.027964559428158866,-0.018705142148976044,1
0.1484574667046326,0.23123374130422816,-0.1825988607826719,-0.26253806717796574,-0.05934441419784802,0.032898860375723996,0.004475905325784102,0.019004112347702228,0.0027802982075411766,-0.033015524351857645,-0.033755484074336706,-0.04644835271546003,0.009798566636465701,0.02537055530460784,-0.021907579082778194,-0.01759882472944002,1
0.16421410958380792,0.2582493745511979,-0.16746550359830614,-0.21835615266449218,-0.0428902072888736,0.042558706274727694,0.004814871533746057,0.027979664209846766,-6.763395858833562e-05,-0.024063058282417064,-0.03126902110481852,-0.04820913608557337,0.018197569336467993,0.023986112618452463,-0.02637388538678263,-0.0291334745588676,1
0.15615800239981006,0.26361213556308616,-0.2056541206317979,-0.26678009609388253,-0.03380736838139618,0.03782021720538418,0.00312215747370774,0.02638402726102306,0.008727634364097172,-0.03982006133289179,-0.034042105708541326,-0.049090295023924785,0.01725147078296284,0.019805825082788175,-0.02366061514602837,-0.03591600442547703,1
0.12685754362710638,0.34534073071979177,-0.2023168248947381,-0.2808070517735189,-0.07500769998502974,0.03291445176035309,-0.010003724137748441,0.022289221598409955,-0.014578119334530732,-0.04867819971471841,-0.03430130655459258,-0.0641944023448126,0.03157935343306278,-0.004221623605628381,-0.020031565336050997,-0.04018961589741072,1
0.13332835645785002,0.3694444535228778,-0.19885044881847244,-0.31311220770105536,-0.04970877208404379,0.03894369742820452,-0.012433823491407071,0.021189983589169476,-0.032352038901018364,-0.06550278176872107,-0.03048285515983171,-0.0653321152893135,0.03335491582108505,-0.003995215082101434,-0.02584907123792537,-0.045883617650483835,1
0.1324706879326147,0.38002728412582126,-0.22146773202582568,-0.29397300778772206,-0.0677442181254034,0.03011708147796376,-0.011657602958359952,0.022484963285115747,-0.02104250988348121,-0.05865820521477655,-0.03566302233678305,-0.06047969631281896,0.03541652381293496,-0.007813186107411288,-0.02388886077058971,-0.05505215673230768,1
0.10508246260381211,0.41115307600929424,-0.2057619347085547,-0.2899768457212542,-0.07032894259798761,0.022981107737303434,-0.010959207820007252,0.011235280898030955,-0.034902601022542994,-0.08362959999041518,-0.03636061399043464,-0.05886033209957269,0.03053649971130487,-0.007974925652657542,-0.027526685214260542,-0.050245027340894324,1
0.17612675515357956,0.3053862393365823,-0.1741071983564774,-0.279353916823064,-0.07467126300242281,0.03155132991398548,-0.0040601178652391115,0.018068459754861283,-0.0461640584234427,-0.060266324707573614,-0.0268493469338023,-0.04708389020340519,0.01090758016146657,0.021121769172284508,-0.04669343339743413,-0.03206513087855226,1
0.15201416166913068,0.43300884077937707,-0.18725904119116213,-0.30122336642406433,-0.03149432280242295,0.047258631030754346,-0.012273974278237867,0.020234988021217055,-0.060722420065054454,-0.08056382533963052,-0.028108440474748142,-0.0658259938837145,0.03840465762494101,-0.0009115712656765834,-0.04039037311557581,-0.057186644913341765,1
0.18199776233740672,0.41745604417590043,-0.17969384285587817,-0.29730400337033147,-0.023909287748080738,0.05690798300219979,-0.01339686388280156,0.02932579105218073,-0.06510353156915154,-0.06593738572896823,-0.023472009820964725,-0.06942257930403894,0.04010749453805785,0.0024754319985024606,-0.044094757903806334,-0.05680902963674654,1
0.07599861139886094,-0.7291533248004168,0.48247787513610724,-0.040884604348428874,0.02555838849877433,-0.2582394520825021,-0.12161470476713157,0.06931565048370308,0.07210597771827429,-0.16470390444219074,-0.16534289953926218,0.11807108581952923,-0.15343959616276182,-0.02042942636791208,-0.12174378681534619,0.08952419370338151,0
0.03313636530092688,-0.6727688133399926,0.3248142181576376,-0.011984600163499918,0.011472869835324048,-0.12327687939203737,-0.08883028034711048,0.11286510544156755,0.043690696136854335,-0.2606269357692215,-0.1629475448807895,0.11058861721965181,-0.1039314926394817,-0.04024613531026375,-0.003468222681879108,0.05956151956980582,0
0.12208130547799634,-0.5829949978694259,-0.39024849285156493,0.01369723926649982,-0.0802947549336252,0.1630394599009231,0.14774721612379813,0.003253420339335395,0.0853192886829838,0.009411508512887813,0.05211243898800647,-0.28834828058286194,-0.08755780033849381,-0.07211748182691453,-0.0820966166761024,0.10428365257911876,0
-0.023316691877409396,-0.4987243481272064,0.0644031287693873,0.059187347015147836,-0.17681166274064414,0.10778049726421224,-0.08446793322614006,0.07093707888710739,-0.016379046949357153,-0.23322608741730688,-0.0017660304919514807,-0.005404399565437672,-0.08262445551501295,-0.04848147877019677,0.08833211448580419,-0.004502314304932475,0
-0.03081883962268881,-0.36622826557929056,0.17746349903701442,0.12470316962316107,-0.13330659400894504,0.057299577031625956,-0.09153397337304761,0.08609181034455622,0.057752073281369734,-0.09872126990297975,-0.01307584137333752,-0.04258929425070499,-0.036591110578675395,-0.05304359422813087,0.07172426715543305,-0.024956957236546427,0
-0.05279921025734536,-0.36409290912888714,0.14527293136682903,0.11868568983053408,-0.10044222801407808,0.08096781761930483,-0.07651208611765303,0.07801231957726687,0.026661380937262013,-0.092999883681006,-0.015678307198754675,-0.03998748039041301,-0.03261467298614025,-0.03804105078186625,0.05823458127797805,-0.026465872564087962,0
-0.054674599486817986,-0.3328723546791986,0.13163355510498595,0.05508601032535923,-0.05051384017420655,0.08633812190499797,-0.053712023930716626,0.08028732646817476,0.030502514943072892,-0.07528712965510985,-0.011721831268799037,-0.03899527499741475,-0.03218379794441364,-0.03521911603848777,0.04539607639196074,-0.022668012088981136,0
-0.08024928238569437,-0.3068257352148844,0.09686534263553735,0.08314045869163253,-0.038452461413991,0.09406106984965099,-0.050764646322349935,0.07409060679170833,0.006582149868413003,-0.05974396503972249,-0.005420630155955871,-0.03325330999077695,-0.03312340520407237,-0.014278479843196266,0.040634402329449454,-0.02072513080608232,0
-0.08314724395511201,-0.2907382519048645,0.09331070575563293,0.05573297679285522,-0.03914550925620567,0.08558979977590897,-0.042402130914189984,0.0707664716480801,0.006962050312075794,-0.046606243711154155,-0.004352398679915864,-0.026182768138557303,-0.03165905456562637,-0.011384627891323435,0.0376973826893007,-0.01947849916716211,0
-0.08138434012337493,-0.2569152831371626,0.09801015976693077,0.08261501591965666,-0.013477968109810537,0.0826960335458238,-0.037812956881184495,0.07552735902052488,0.017529358957266036,-0.03939056295406114,-0.004944024261080241,-0.024131336661946782,-0.031300636202790964,-0.006016337045400179,0.03819987926116331,-0.01843148940909371,0
-0.06457409214474892,-0.26585397886347023,0.10583902034663405,0.0442587988008258,-0.02721605617850159,0.07740731471349671,-0.03378583163412329,0.06729627193713321,0.02177401903846006,-0.033790110663081116,-0.007873324445316137,-0.02189199555284905,-0.02749658911583088,-0.013266820237643195,0.040005938924441584,-0.019218923868325036,0
-0.07357498983080028,-0.2799160220412234,0.07972991565289536,0.013250891529883017,-0.05554599147734175,0.07392950911459926,-0.032053924337461244,0.0560469190637341,0.0032044064427945314,-0.03540466378359589,-0.0022649898275389686,-0.01586264239523997,-0.03092223169111278,-0.007202410309795489,0.037345363593386714,-0.021015271372535074,0
-0.1903776895548512,-0.1848576452495331,-0.012746177783375914,0.04687455781372176,0.056497457372523055,0.05225175888738888,-0.051575641850494104,0.031930594927078663,-0.030795532739389203,0.04825970316512974,-0.0003194559945984427,0.0036726195682076257,-0.012116817871997441,0.030388225359448087,0.014923997959501015,-0.016122895279123098,1
-0.17901519591071485,-0.18278311569238692,-0.02394465345142617,0.06702624065065203,0.052973611669071025,0.059052012731599504,-0.057419202699567067,0.01703330058893301,-0.03700682731512211,0.06969649081492607,-0.007037795756025578,0.011697362983242624,-0.006700111531355593,0.036028286761794384,0.01877583170485587,-0.01948501057173082,1
-0.18322869982093068,-0.18218036386905304,-0.04399010541158142,0.07018031842661646,0.05604716842153691,0.052381027072905234,-0.05993713510015353,0.016583868258546793,-0.03399550312315697,0.0429764166840822,0.0028061511321515907,0.005468931248904129,-0.019822750042949772,0.03835077092062048,0.015176024469918807,-0.02109515599078276,1
-0.20159951515994606,-0.19693077226154254,-0.08073234451731871,0.04640148436381021,0.08606459936041928,0.04706668695736326,-0.07096370819269099,0.013421143327623637,-0.034942634261522255,0.017969054500014917,0.012923311915865678,-0.004198870637294562,-0.03127057936266116,0.04092525011363791,0.006050185865424862,-0.022500501114105738,1
-0.2217160648175731,-0.1849360084705075,-0.08179670462575822,0.04004750275857388,0.04344476548649003,0.02519232813991335,-0.07032577892145465,0.009967078715848725,-0.03820060115057998,0.025653706150118236,0.009286824962406664,8.033128075836418e-05,-0.028271477463579664,0.036155021164555004,0.0079744010963833,-0.01666069631331724,1
-0.22149326753485685,-0.18300636420296648,-0.09524800926021797,0.04440923183065757,0.059787445478400876,0.028402043621859357,-0.07557823390916417,0.0019374665912471527,-0.03980778697032252,0.03595863098900339,0.006568767871745412,0.0039360824078925405,-0.02587879888402773,0.03939492176516301,0.008115357219622515,-0.017958800645683216,1
-0.22924352006671792,-0.18817446086314693,-0.09077846307901578,0.03300195817852391,0.05256669379444869,0.024031474878813054,-0.07426887644228573,0.007490755514786283,-0.040088658570167024,0.028084196083810506,0.009096035241180002,-0.0006659351519405176,-0.02711520549423673,0.036310026868963396,0.0060835181865209415,-0.015820148818594143,1
-0.23071213687260272,-0.158005393879029,-0.05889898269612358,0.06174393694262217,0.03893730657772863,0.01732468953396829,-0.06020908366672503,0.019583064555102923,-0.033523103575434886,0.029703315854373726,0.008154077306066758,0.0026407454263666316,-0.023914888676450752,0.029254832574517727,0.011872576191787557,-0.013662962988543638,1
-0.25091336600890374,-0.167252781344924,-0.08310809400933884,-0.0028665281499159223,0.04703298803467024,0.003175286845786042,-0.06199736218120403,0.008843085823099544,-0.03627065201633927,0.03585592397385587,0.00288464355819085,0.006971230227544577,-0.0194637917119047,0.02958529232724776,0.0062364301777344195,-0.015809720300031818,1
-0.2656117980585088,-0.1648551908121123,-0.10804747824124655,0.03588124430732022,0.0239676799886175,-0.006026130360487397,-0.07683174398930745,-0.0004993906185264758,-0.04257964306983496,0.03004024178294671,0.005206509685170869,-0.00032390777753687404,-0.025093513287487035,0.027577604160962402,0.005412845814783349,-0.008905243886005606,1
-0.28510943054717985,-0.13230925023367546,-0.1044010940674565,0.06829416480536678,0.023414453951168934,-0.01866470801683132,-0.072163674958879,-0.0010187167503611092,-0.03959908783201143,0.035276113753971244,0.003203362544033711,0.0012350952031972228,-0.02186735857990357,0.02066758072229735,0.009214596950352337,-0.013472062738430952,1
-0.28512337089321566,-0.1287096394010594,-0.10043097423550663,0.01654876600760503,0.05978091281199415,-0.020896873535124486,-0.05931267568438181,0.004206755461064761,-0.031932132212014505,0.02956824430017043,0.0020492233664668323,0.005176309580937048,-0.019223890055358635,0.019223348074486564,0.006267636069721927,-0.013075964436956355,1
0.27081588766784964,-0.01298933099622531,0.01709185614819729,0.23432805492782688,-0.08343272218080137,-0.08542530181119423,0.036002629531009016,-0.04228083610476832,-0.0067752916690422445,-0.00013434137959512154,-0.005015250688798005,0.092338866920495,-0.028287071963516312,0.028359060375038735,-0.0050966450094557724,-0.010028445336337358,0
0.2813025408461869,0.024185452750682793,0.062033062126592084,0.20580424657704197,-0.08756542898554447,-0.10007384610561441,0.00949456613242336,-0.03247688494971742,-0.009920323252687461,0.024990137342802927,-0.01707157396259069,0.0948747366975716,-0.015485906673452267,0.01838908763196723,-0.006579228612318195,-0.008124049863427941,0
0.22551759200540378,0.013049823955181084,-0.0036242832029040784,0.25563092777212765,-0.1227243033586179,-0.07246409397210694,0.027656362357654143,-0.03381075368640391,-0.011432546832286335,-0.005928595927691531,-0.0071441592066129505,0.11062901445031331,-0.04304375839680802,0.04384848826204138,-0.002405710219984819,0.0043698720563840774,0
0.29074484450679766,0.013451225675894862,0.052158075265239225,0.1418848407116436,-0.01795009593125917,-0.08048729831978443,0.019531610744821522,-0.023732543836463612,-0.007157418384559167,0.011407273985241058,-0.018713875110490566,0.07968745697424869,-0.014463664681824953,0.007604047895537783,-0.010635764804851748,-0.005748823775516827,0
0.2798674955608861,0.026176031703478937,0.05325645753459688,0.19772930081781093,-0.11512185573661042,-0.09407877784994742,0.005141794956576975,-0.03515829274335615,-0.008006442744446837,0.046013296304561115,-0.006781520460559455,0.07647565613693105,-0.0062507267070112315,0.012541366044465303,0.011892390698295579,0.006983531308153769,0
0.2701748824824287,0.0400539035309039,0.026376114646822834,0.20027116068884207,-0.08409239052512982,-0.07119486241573592,0.014802959801227191,-0.019883838577268415,-0.0024619467209781496,0.030919330514498116,-0.004507401755756438,0.07247278402558882,-0.012722733522378519,0.019638636902214075,0.01057806338199804,0.009161172275805967,0
0.27025452119018756,0.034680484480561234,0.020099537025757053,0.11191044366579263,-0.02905394324859717,-0.05030536625484581,0.019578910447284294,-0.010569071764051538,-0.006983257693694723,0.022798771061366022,-0.008339285236597284,0.0628312000559108,-0.0118192791432832,0.010414329050153074,0.007976791381802729,0.016016521416027395,0
0.26877439143178883,0.03674741558152676,0.03837790752794275,0.1859775895192349,-0.08078139817556897,-0.07420990786261904,0.010753259466510692,-0.020340635858573233,-0.004977746212892094,0.03307469522771321,-0.008488610355479601,0.07518514169098203,-0.011618074287048193,0.01609213490443132,0.008910346559438285,0.009749535408406517,0
0.2701413186100049,0.03307230730072157,0.016090265128551003,0.18058269961832046,-0.09024821345559067,-0.06471083843702317,0.019016995866357828,-0.024403114218058738,-0.0025583444100952275,0.03420561212770246,-0.0010168603359662618,0.0664313306952792,-0.011349514722234343,0.02101818299465555,0.013710239571648967,0.007336920457863508,0
0.2681026223865416,0.029961602665153863,0.004570002838492668,0.14790952237892455,-0.09751850988668616,-0.06055919315674322,0.021424596222060898,-0.026067355555905378,-0.008699250122048294,0.03090961427279547,0.0011935689271666697,0.06413740464385792,-0.014141959010117009,0.020780005819948585,0.015463696137353504,0.017132200971397976,0
0.2734653598152509,0.053541351457940124,0.032976130399637316,0.19886716852764635,-0.09535496010146798,-0.0755424060187931,0.008529854961096246,-0.018670620161935256,-0.006169661748873066,0.03571042142296718,-0.004916594992429317,0.07402364211137474,-0.01109741043376642,0.020161577580389417,0.01023855103372273,0.008808850861384726,0
0.27526164967888017,0.037490513451078206,0.023361913929576966,0.179188450374871,-0.11424697293605697,-0.07187682007185996,0.0127296856283373,-0.028799581206147888,-0.005878172846647735,0.04859632292413479,0.0007713950769734025,0.06430565926284894,-0.005836327899417759,0.01838716036329201,0.019783697995272832,0.011714614546937393,0
0.21112764212222188,0.12914217846304255,-0.022088447403350062,0.24163838585468217,-0.21203467710146304,-0.04268461279049514,-0.00673184038144632,-0.006613634689613176,0.00693780473994067,0.07167148049603281,0.01224688737707484,0.03772837393461822,0.004024877872980776,0.03626096044231362,0.035904692732193405,0.04919016175192284,1
0.19510525692918856,0.1455806277249249,-0.10356353037989939,0.19647278764082465,-0.12467298944579024,0.0039211773255892115,0.008041972081436068,0.005871768527646772,0.03816415026776055,0.035650522205221954,0.0032002282174639868,0.008244125871817908,0.0001937528993058219,0.03206079440852589,0.023810306794983093,0.051846539556827845,1
0.1642352340442501,0.17336122329285777,-0.13774060227358245,0.19444450595274543,-0.14785108266011404,0.0009208754865548624,0.004445806160924656,0.00522412019478263,0.047448439471760306,0.01674442839361992,-0.006348835362500106,0.002274792266213449,-0.005856204474773266,0.026301436206129295,0.015896959685394556,0.05849737842530943,1
0.1907246156711619,0.17243326170033624,-0.1019542925526417,0.236706690552578,-0.17787331131051354,-0.016917341262931578,0.006385192930546773,0.003277020830767332,0.030122066043226568,0.027969706866869462,0.003482017008475624,0.02065443432577828,-0.005075887234205622,0.03623639207758006,0.016408377911280476,0.045992482071046496,1
0.18270795446916507,0.19006117441721956,-0.11727841001600177,0.17868002484229933,-0.12749183552004198,0.0016722240635734299,0.009109226494744141,0.019448540139028334,0.03681093167422123,0.0197816761645638,-0.0037289530463490194,0.006426241148570357,0.0006008250320725679,0.026918694181740213,0.012305412924715356,0.03874897946134314,1
0.18420453567929526,0.16738778192421214,-0.06557421464986404,0.1415308540676152,-0.15070708432166596,-0.020793948377855122,0.0066939856919763655,0.013108985184049382,0.0016341556652050221,0.013642541925867238,-0.003519046821457582,0.03235464407668508,-0.01214826269582471,0.03335304630678495,0.004998079074129794,0.03668999499452933,1
0.19527372263031995,0.11582601197713113,-0.055612897095799835,0.2170835590269891,-0.11897577825173905,-0.020681340750605497,0.011508568241583764,0.0049073716328928004,0.019346852093171035,0.01861550105803968,0.0033780956083916567,0.044055879702445934,-0.017514614443347343,0.03753096282003852,0.012066630336877882,0.03502275484832321,1
0.18486558759000382,0.14167240796060174,-0.05697385454259493,0.25768668458572747,-0.17263161031100493,-0.03176819254997348,0.005535979911659422,0.0033278715579502962,0.017679579004212038,0.026981307973903322,0.005350070973145006,0.04543278386305604,-0.014836636202794642,0.03911419556285715,0.016660457432983795,0.03946661198831717,1
0.18961798044351016,0.16789598957943966,-0.034713139573135425,0.2732658847439203,-0.2509355222607153,-0.057563859413689716,-0.003692970921222433,-0.004113461821524284,-0.0024811826202618898,0.042085363859944505,0.009107266527618082,0.052702901481981416,-0.01111229052913535,0.04458855205577402,0.019135311129407404,0.040059696148331436,1
0.17382314935945345,0.20428079001350727,-0.06603385472858785,0.15583150794152875,-0.13845638041938294,-0.02088830961422165,0.006200840975772466,0.026281128568642797,-0.000662199762213887,-0.0028115363950669274,-0.0036325367977605777,0.032625441366115754,-0.012603331123818671,0.023897850489017766,0.0005016826483228021,0.03282007829581728,1
0.14955934312694802,0.24110810248988476,-0.0818561396298129,0.1642671734285756,-0.16285231445923262,-0.023345116716718937,0.007683857843005228,0.026955377640571678,0.0016581222708389404,-0.0133191312075845,-0.008255457180345151,0.026610647537503865,-0.011205345665688237,0.015934659178149575,-0.004527318877407491,0.02437019839752427,1
0.13830053096968364,0.2177886801433988,-0.06544749430899392,0.2041091188035207,-0.23752482220516394,-0.047616056720477924,0.002368955767781872,0.0075675801300150594,-0.008038445310921013,-0.0010204357840707412,-0.006075895934998658,0.0401243012194064,-0.018934144444758334,0.02410257636625891,0.002195501600304745,0.045288017899518945,1
-0.16092209809494126,-0.14889331723253713,0.3214455576842505,0.19780492518643178,-0.15729119861983656,0.047477395160944506,-0.07287367052047586,0.040347780972981334,0.11019683720054188,0.06254636942952298,-0.024686801403857952,-0.005397456493466927,0.009026212253347477,-0.012103757308086247,0.024269104642615676,-0.038878814517115126,0
-0.18812869383626243,-0.12814884030596754,0.2951417156563572,0.2102681638724355,-0.14433800887776957,0.04914175074183687,-0.0472931269664605,0.05260576006621111,0.09669135037067517,0.03704781342537181,-0.015482431019723504,-0.010163263717495355,0.0018658057617670304,0.0012279343093260049,0.018008843794972907,-0.032968824375541494,0
-0.19237739504170281,-0.12298045666725448,0.3102594155560865,0.23077860482608656,-0.1360318239396112,0.051405791746172734,-0.04977239865422901,0.05252255849116854,0.10419778125528525,0.04615288760090713,-0.02236602920161258,-0.0080041928717859,0.0073807160083807135,0.0029498240992019238,0.015002676545294722,-0.03685411435490099,0
-0.20119497839934572,-0.12967589094625656,0.2950528234588568,0.22104943992583262,-0.12358176598020215,0.053826447303139915,-0.04223647528953477,0.06124226932569041,0.09438445681027241,0.03752942000270012,-0.019918831882345472,-0.009673042481420563,0.005024188101605791,0.0035344187497419644,0.011371098624879741,-0.031592468186259826,0
-0.18792089756793093,-0.11222883416263493,0.319081558094837,0.1922742405745898,-0.09864969714595062,0.05937838109725948,-0.04799382085213102,0.04270407158304317,0.11717180957947641,0.026579385410843353,-0.018578083644002073,-0.015095076214341818,0.006307474826320378,-0.0015391772347431462,0.01249056241556298,-0.025050402529757373,0
-0.23173644876104077,-0.11288165922459771,0.2230449367383129,0.20767766660615447,-0.14189019843595638,0.0338934557660771,-0.01206273266965987,0.07349698202087603,0.059736502614044895,-0.024298835486005296,0.016338377235365426,-0.028413947940868736,-0.021424842622357283,0.007297516547459426,0.008478391264050082,-0.021518385526030696,0
-0.22321662055931094,-0.10700666270637624,0.2685975426790397,0.17887426337861811,-0.1240591091930685,0.04731779764541591,-0.019879928489131535,0.05103077418157361,0.08118870404676924,0.0035177260340852885,0.0013653844777076838,-0.021200973622441922,-0.005146035724018815,0.004946890869629169,0.007984658549667095,-0.018246404426940106,0
-0.18835284078757858,-0.15207729907696452,0.2665585569568221,0.17446922531557538,-0.1285417038076506,0.05204072518746956,-0.04103475424325608,0.06440389750754025,0.08097473937479571,0.024521861882454733,-0.00996735984178499,-0.014326198675278552,-0.0031257274978979364,-0.002448573724285663,0.015588141817083335,-0.02447328499344026,0
-0.20031542343330166,-0.1809325643534679,0.17060988166225746,0.19177783773404952,-0.05971018183225791,0.06005566237834925,-0.03116650002402121,0.10663815987619213,0.03440277792786506,-0.02127342869005897,0.0061069724282593425,-0.031056499600344886,-0.023734336306479066,0.0065774548306672485,0.011408125035883935,-0.02357314312345566,0
-0.19805367092395101,-0.19128355094831725,0.17629961827323165,0.22216898427197498,-0.17728434945450883,0.04172679471753676,-0.04752820113578016,0.08599626675831362,0.016033121157846275,0.010207543556677664,0.0033996191752720013,-0.01911506900261016,-0.01856784495101676,0.01135638032224448,0.023876637062505267,-0.03263395104262667,0
-0.17950850707083318,-0.1903181605466697,0.19788431318188782,0.2518150435251365,-0.10840772628768235,0.06093845734907139,-0.051101856980020136,0.09725002748079264,0.0337350772105275,0.02523841885556042,-0.014492827647872615,-0.018587099221394284,-0.007124367896166614,0.010544541468196887,0.021820634665445086,-0.03887527055638543,0
-0.17753556330597517,-0.17887023164523339,0.17682655144891593,0.26140481966694634,-0.10113419649903603,0.061214526557949296,-0.0488451679635488,0.0945835693628431,0.024497310539467756,0.0272233409873578,-0.012111016284954104,-0.018546325203566794,-0.009117218877703698,0.015047582613213711,0.02612118279038683,-0.037867068679579625,0
-0.3608490206399591,-0.017948867508075183,-0.04534128662682187,0.3303473611291491,0.014193188090408433,-0.0368783788117361,-0.051509460993709996,0.030015834451353723,-0.042266489777733555,0.030564270092583428,0.020746359421415263,-0.033136630973606584,-0.016031629145010513,-0.015477506596192197,0.021168855219362875,0.009063566698729179,1
-0.3487339900559951,-0.051445658838223086,-0.04398469378783473,0.22701642321965085,0.016674756471514826,-0.03335370447499737,-0.04872560327521891,0.02999643553609263,-0.03693638011959109,0.022276447147037606,0.019959791016906293,-0.02826981475362415,-0.017084564273628262,-0.009437146427753859,0.016619121862726398,-0.003340768666031021,1
-0.3535948221259568,-0.03820539583081385,-0.04864140218415494,0.27838254273272756,-0.02239333392653947,-0.04178769181517748,-0.05327339286564483,0.02385504716027085,-0.041909642909210724,0.023267870412346355,0.020081990911800282,-0.03129126387268978,-0.02044781935185394,-0.01146831643666059,0.02052161195071082,-0.0013411415186109278,1
-0.33756478742295926,-0.07751429451213754,-0.011436197153326251,0.24746907138526467,-0.022501568987227348,-0.01830339009387766,-0.053464002418313415,0.041099585086021406,-0.04522664701853647,0.03831876180864317,0.021289075135957927,-0.03082855781397722,-0.012220655083570163,-0.0018012635318313585,0.012811274812014618,-0.0035606135079611235,1
-0.36881360337106023,0.006341044010574914,0.0025820730915038143,0.20647274170351207,-0.015372299585059907,-0.0574480065090593,-0.0023522814481111544,0.028583750216810033,-0.023281233033888564,0.018527994179786893,0.017861801966752692,-0.01423963435006141,-0.009761751320768935,-0.01569832118762364,0.01592035028847056,0.0020109766388793945,1
-0.375068961328541,0.030663859685077306,0.020036507238197825,0.3000230045116639,-0.04434234035500324,-0.06022231436209683,0.001994093651049085,0.03458679929406729,-0.0312929643295265,0.03397466396621091,0.01677711506238382,-0.014664680001004474,-0.005842944997250073,-0.017255342071616202,0.01465346087004937,0.01676256212584243,1
-0.3544743425386464,-0.03452754590104212,0.01644133943565089,0.32478229225014427,-0.034339784253098554,-0.027162367427578007,-0.03593876100182194,0.04763455478246942,-0.04640952469586375,0.05095045246489081,0.018966234648366435,-0.02920403682651547,-0.0041370991918315446,-0.007118001267026352,0.010014595978319616,0.012312311756149948,1
-0.36388234927520324,-0.014636267500183164,0.00231452304582879,0.30375281480197713,0.003187731367266595,-0.03534924302836741,-0.027273322015866432,0.0442038638374328,-0.03898932165340435,0.041200624041652305,0.01865803782844913,-0.02631345557130626,-0.0052950274626565276,-0.013677337427124344,0.012695675106944344,0.013787516634256975,1
-0.37432775479220687,-0.007415038296662046,-0.017500643424279212,0.2598111480885893,0.03805050997205679,-0.044890814230501536,-0.02260056120141935,0.04062720621921135,-0.029330507324573672,0.016649776776157046,0.022698819177256514,-0.029562322142783815,-0.011692866032283153,-0.01823811599808243,0.014064817594389939,0.008016386213516323,1
-0.376924879737548,-0.015619156476743173,-0.010157030190483946,0.22210051605785588,-0.03542029404948921,-0.05883315317118935,-0.01881183940801134,0.02885849538875484,-0.0327702891589425,0.018308659722951533,0.01985899038995198,-0.024160689705535258,-0.012833808771960293,-0.01650942110586023,0.014544153661809325,-0.0019101232846282323,1
-0.3705712097816171,-0.015785554663354667,0.0031304252699362566,0.22477165164676582,0.030452516266215608,-0.04108958923625772,-0.013945195980733235,0.043564688635334366,-0.025209439136703073,0.016121849609325695,0.023240329098299154,-0.025960974092656724,-0.008968536184032663,-0.015028567101864829,0.009306980289400833,0.0027109177119809384,1
-0.37890613651687205,-0.05517970390091868,-0.036354827214944686,0.15229477732781505,-0.009187427765141662,-0.05460789006653922,-0.035412674443936844,0.02577046362910659,-0.036141499423151945,0.011562305257638746,0.019435854939053518,-0.027824403275900227,-0.013663583297196696,-0.015995648978293524,0.011643586898421068,-0.0059885664975078585,1
0.6992812428497073,-0.4911794885400951,1.2618064314180746,0.08354824309853486,0.06517977045890883,0.21541907561192977,0.19676101344071292,-0.07262371769898229,-0.32252009151613814,0.20876281114426104,0.4246447920805498,-0.16770296292276796,-0.39901155294226437,-0.04832900186143368,0.02273500344071603,-0.19470544081479155,0
0.38823347550332504,-0.12424578687951733,0.07549210692138833,0.08526641809626713,0.013974234625862437,-0.1701870987972994,0.07359545885120082,-0.08942581339551386,-0.013877329805601659,-0.014640945263301411,-0.013978369181343986,0.04848011741010056,0.0018627280045503045,-0.02187064444225861,-0.044734660183896144,-0.06996636475109422,0
0.37635245969910375,-0.12400639119328256,0.0644603018082589,0.11142694362594936,0.026453162406956814,-0.15959749177096708,0.07802501441477326,-0.08243277414107743,-0.012543459576016066,-0.02610138737123405,-0.012990214924085967,0.05162866183123841,-0.002876740178755674,-0.01893310967131885,-0.04399713665941964,-0.06044070679895056,0
0.3580330837348504,-0.07633430240302704,0.0801636779869858,0.10868517751612577,-0.024604128138699926,-0.15369240722484243,0.043252376695145055,-0.07624630600697306,-0.017658446036072476,0.0008393854382550828,-0.01884261351339568,0.06948953517901914,-0.005148760170386435,-0.017593975790233776,-0.029740578249483663,-0.03704846872211831,0
0.35489282822476764,-0.05452075396979263,0.09146187583021033,0.07809068664526837,0.0024984994391181363,-0.13942391010279365,0.027722899842298292,-0.06725881413857078,-0.017304850286328277,0.006476719594159491,-0.028009423955573494,0.07049602060964175,-0.004560861846755834,-0.024049586058060353,-0.029966724577026645,-0.027696145149660536,0
0.3629779539307215,-0.015646829198720045,0.08787706989447876,0.1233138080154066,-0.01976717124822074,-0.13279193282588514,0.013085187308164043,-0.056873673176278484,-0.006961903949009387,0.031406208450941796,-0.018021695110821603,0.05450064314515657,0.005497120620300525,-0.026123582075116267,-0.010524048115873362,-0.015323423337972346,0
0.35923141094519373,-0.03693995533061205,0.08197890340119125,0.06047498468872573,0.02951605031186662,-0.12682903372334406,0.0254979696687752,-0.054933460092424016,-0.019454293870546053,-0.0067591561757691645,-0.026362526695514966,0.06889407222816467,-0.009886617560419876,-0.02529040248946147,-0.03076670100466737,-0.016936122488935557,0
0.36463513148743937,-0.017799183068675034,0.09570558749025854,0.1223295753961912,0.0031611846815003007,-0.14000142697549278,0.011414909789693674,-0.055096931846301996,-0.010795748825450912,0.005396881681684324,-0.026883962653949926,0.06753062732946274,-0.00508362302330503,-0.02568249016776034,-0.027063995186928824,-0.016320359033339595,0
0.36328228471272217,-0.020596877393187826,0.09554729014186482,0.098665236395429,-0.019712638732425923,-0.1407242315916691,0.00798337448404679,-0.06224514870982123,-0.017473299663430884,0.014125748083612465,-0.02298118940202918,0.06671770577091796,-0.00351435689653929,-0.026248898582367966,-0.02198175728546279,-0.0153645782150997,0
0.3549822302364462,0.03194918463431306,0.09440095800805966,0.2033287830012191,-0.07927742360672446,-0.1388303670479535,-0.011459812428379129,-0.048446764506584444,-0.006426923059556396,0.0429148547326943,-0.013837563015318952,0.06742556166941756,0.003040979728120635,-0.01219627944363558,-0.005004329882123171,-0.006469834234613066,0
0.35777901507719717,0.010215627889198524,0.0803837052310581,0.15258548988177914,-0.048424107239202645,-0.13234431802267438,0.004717073375462093,-0.04906612830535164,-0.012624477784480587,0.022026272087692648,-0.013530335329993003,0.06709897569090743,-0.004013694413981654,-0.01376661658635816,-0.011237975982897122,-0.008801601836924121,0
0.341689240056895,0.010739135249853612,0.06876054415634901,0.17044436592807022,-0.09446515427034921,-0.1323761519272885,0.007976006012251409,-0.053448463317790684,-0.017695839068296866,0.02827197839328352,-0.0067757241914849255,0.07521088513583515,-0.006776413930259711,-0.0018095840189458767,-0.004801600477020954,-0.007413058309616173,0
0.3416462134440422,0.14579581163382876,-0.0016762793508282405,0.13467461743820908,-0.08087618035214962,-0.06660593493220329,-0.007529309778492699,-0.0029270636228984465,-0.03489669401242987,0.031033941037256704,0.014872300197642735,0.03852099311359319,0.002565511465814476,0.02020588550115007,-0.006792581674576481,0.019946596750803996,1
0.31925653649756086,0.1902183150582272,-0.04645106809475426,0.1244047295002356,-0.053382230629734295,-0.03206909113660639,0.00417348032951743,0.02453917379068959,-0.030381777863142223,0.009531716884012607,0.01332881300495347,0.03001205006333621,-1.9832140527119867e-05,0.031186041691639767,-0.01570814038875401,0.01028552163748537,1
0.3347555535813478,0.18477168297895616,-0.0328500456163453,0.0828189984879861,-0.03823373848580664,-0.03563531313261025,-0.002455856109115506,0.01970659570604159,-0.04424762516748294,0.007384940135041791,0.012994229024721395,0.029744827388944985,0.0004133575833461824,0.026512249664805705,-0.020751402555723546,0.009575179510476067,1
0.3154042000335054,0.2312792334854773,-0.04229345448332573,0.10979048690342848,-0.05053103517085301,-0.028727023506355615,-0.007962200840605749,0.03500354866005297,-0.049493421176064104,-0.00795714512471783,0.013867979541755938,0.03241410275082707,-0.0029185351085969434,0.030386652743140955,-0.028240428847535456,0.001901084053035065,1
0.2823237398313161,0.2844856253134742,-0.06285339437982598,0.07654339639473728,-0.02716505127671474,-0.0038592316088513754,-0.006315835824986145,0.0530038688057071,-0.05446187471144898,-0.03319233609287316,0.010970931644224495,0.023500824157729076,-0.0013470578670282405,0.022792412813739477,-0.03812311484846195,-0.009988025979895513,1
0.30198183854713156,0.23669771163538042,-0.05332629504937162,0.08235245640450112,-0.06207973715946121,-0.0232198708125038,-0.004729568037937353,0.03287738503020629,-0.05401309112212146,-0.015126526685104667,0.010900120916804085,0.03248751179765252,-0.006495290793111369,0.03409051085589777,-0.033158529901637174,-0.0023279214440974564,1
0.2497828811946956,0.26502562110545,-0.08683796517294874,0.08877710840679508,-0.06811396414567916,-0.009502773442725359,0.006665170049354895,0.04238736529122375,-0.03634167545498257,-0.034241749990702744,0.0010055830778945044,0.028337694913314823,-0.008649953987512038,0.027847970755538878,-0.03603029889296393,-0.0050761221465597355,1
0.28183901458692356,0.24869615642367746,-0.0817623020872331,0.07177371821715071,-0.06288015305358349,-0.010837529239217061,0.003899602666711052,0.03932719254272276,-0.042706687225004585,-0.021614297954536826,0.0054506168797447685,0.023399385945783422,-0.005538783013612422,0.03292718932688751,-0.03345061436890717,-0.00054720821706427,1
0.30008296287674435,0.23063599986635058,-0.06915209209198324,0.10427372277207306,-0.07179955337810608,-0.02395119942817554,0.002128724737788591,0.03368604265939357,-0.04220840051318303,-0.012184185377272047,0.010422261549030499,0.029255487731807223,-0.00620986833001685,0.03448732940484528,-0.027353881696599892,0.007196354705459608,1
0.273670469629982,0.2540126904294964,-0.10589342532016509,0.09306416960999393,-0.08248314137985849,-0.01252926950270453,0.009849552314862432,0.038000780396720696,-0.03122059546760485,-0.025790974308093146,0.002290221625097682,0.020126046871872257,-0.007290958232251113,0.03381598461460164,-0.034021470339214016,0.004245103226101037,1
0.2604968544998088,0.26917388578936613,-0.1115022395963416,0.06318269850574398,-0.05583833349857805,-0.003952085907563183,0.010474455679855301,0.04516238384838445,-0.03349899004577551,-0.04288899709964132,-0.0014675060533326444,0.01797061538968919,-0.008626023155109222,0.027808814851187136,-0.04142560418425443,-0.0021349772022730288,1
0.27538591917522387,0.22340952173894849,-0.05825700071178516,0.11426210775398826,-0.08967788695072505,-0.03015980472228871,0.0013522351236841684,0.02789453426644147,-0.04311409330334381,-0.015476784816535177,0.007421379044502522,0.040467275120328806,-0.012265330368446908,0.034589732001880334,-0.026806431698149988,0.01120262293121765,1
-0.24098724495303064,-0.1179143159690953,0.020006210428535752,0.27631357378686966,-0.16131781274211962,0.004638543881226036,-0.0575302914423633,0.039555030962496844,-0.0440156764114673,0.02810472379020443,0.018843818944756206,-0.019484495715858932,-0.029218464547212098,0.017829032659408037,0.042108496095087516,-0.0031272141611170734,0
-0.23917408648201516,-0.13168665249711195,-0.0377498403195179,0.3003226815662978,-0.1402216278038735,0.014979929185481765,-0.08758830122399956,0.01447625536469952,-0.05629352994991042,0.03182131722699857,0.02181600093583645,-0.022128196819187578,-0.03599977019496304,0.025613693613131896,0.04532357787042256,-0.00595930618683864,0
-0.23685085141219533,-0.12154919018142678,0.007875484400405986,0.190395906540972,-0.06311414387037755,0.014634253796763674,-0.044624050181538144,0.04509166871640709,-0.030010040532222174,0.020210802935071766,0.01568450399169107,-0.01445628300267603,-0.027613015467960918,0.014292412871119216,0.0365928363213869,-0.011964387217710011,0
-0.2401338714627348,-0.12344842072460409,-0.037382350572928866,0.21757045113615595,-0.13025585290808853,-0.0011149173554821303,-0.06574702199096955,0.014704434505785239,-0.04726023516896773,0.02671148799166261,0.014495062710222389,-0.010689147727000638,-0.033626536834150206,0.01974574955028776,0.04350365079096944,-0.008687265170091493,0
-0.25064885372892953,-0.12963221565920266,-0.03766621753871862,0.14386664193841853,-0.11928629834461925,-0.010463004436613358,-0.053704551631472,0.01597431079304037,-0.0413064671968971,0.019479337423906486,0.011282633991043482,-0.0069795483692494135,-0.03257655683834488,0.016816911622434188,0.03740655280220466,-0.019884498506100457,0
-0.2556400846025821,-0.10793844139338504,-0.0017994269630148218,0.1959351104587455,-0.12495206315341587,-0.010967155985744045,-0.04408439711768401,0.03036970822241006,-0.03825604852528326,0.021954400871563085,0.015734142996028794,-0.011446140152320662,-0.02836369780189375,0.011850414403986034,0.0373678975811254,-0.00934487992556475,0
-0.2714072673628506,-0.08466237376363811,-0.020287428511061825,0.21196512846473903,-0.10085591427510646,-0.02109090672630714,-0.042750321878518835,0.025123504882212034,-0.036118425632257825,0.019094911372480018,0.016219441630160786,-0.012548940937874481,-0.029574717443523534,0.008555815131724643,0.03723423987067722,-0.013974745720481511,0
-0.2586022118680839,-0.09283059007787925,-0.017982208641036387,0.17728693471771587,-0.10153859511998886,-0.01849222715473498,-0.03849002217481145,0.025123987252165494,-0.03267524415222962,0.01470665150201632,0.01498662968535788,-0.008662905166666483,-0.030613042493917175,0.009549273641725583,0.03816570944611117,-0.011718845435002642,0
-0.2615106414363969,-0.08830804856261303,-0.014052574459794475,0.15955292033889806,-0.06658647281011869,-0.015296239423728904,-0.03176818428937009,0.03098336869837906,-0.024984428365312096,0.007200324434286815,0.016172416973117006,-0.009016584924450165,-0.030557192762973497,0.008489935741362024,0.035053885580434374,-0.02005012339160858,0
-0.23630244969165917,-0.11856431473622411,-0.02040474323823341,0.1624709219473005,-0.07803895478099736,0.0013533919298914351,-0.04567854638276075,0.029637038404106,-0.031007070149302724,0.013993349857426736,0.01507054797055019,-0.009333384309742322,-0.03293492477809491,0.015988999578200602,0.03877206056493451,-0.016438976235597157,0
-0.26571449904283256,-0.08595090257330959,-0.0075961961310784636,0.24065381252670048,-0.13504592983598265,-0.020301421742739353,-0.04518318033711178,0.02556095824923611,-0.04145040257579279,0.029446102914378915,0.01561387376879187,-0.011847419363212233,-0.02736722851167927,0.009883555528964636,0.040296644023098925,-0.005693264661422637,0
-0.24572688844650117,-0.111063859920755,-0.01751665867610105,0.15530071078136,-0.05926281818041165,-0.002497408573661392,-0.040254049500020435,0.03585134949279052,-0.026336820605165547,0.0020454210569208217,0.01888305097564914,-0.01398626467267738,-0.03416946456425791,0.011166479057883053,0.03585907509948929,-0.013088064629434688,0
-0.3919301999736107,-0.09903285760154783,-0.2500120340834916,0.2554266535826793,-0.024191731545794105,-0.02363675129856116,-0.15864485094396635,-0.09468140477778221,-0.05480393878213093,0.07054772428840075,-0.02193351030835858,-0.018862222824671437,-0.019615430298183738,0.003151137335882295,0.015949087139276712,-0.01179196971227487,1
-0.39358265833125344,-0.0809445177530323,-0.24521248435901394,0.21535879159484586,0.00023062336616433998,-0.03550658613974699,-0.13516231034446433,-0.08350587256350787,-0.04757242567758742,0.04645877782758031,-0.023871433866430137,-0.022897239859042257,-0.025172842143258784,-0.003437768217007817,0.012912001791461595,-0.015953618326963393,1
-0.3848974134126349,-0.10687509096075144,-0.2602265728873952,0.19739309540346003,0.043149491159132164,-0.015454464860629905,-0.14621541839480517,-0.08429463289024701,-0.044054441795453037,0.051760026227757834,-0.02012433737851429,-0.02053596838972378,-0.022846197271592695,0.0031592998540107805,0.003499392068233846,-0.015411341548460616,1
-0.3836127399913284,-0.09531698582398232,-0.25266434732255216,0.20217483574503894,0.07915557728384742,-0.013023112311046801,-0.1404630682855626,-0.07594806826662086,-0.04130270651941205,0.04813898440204953,-0.01644283583450504,-0.022394085866583955,-0.02263059536785943,-0.001756152201839154,0.007769577197662907,-0.011702486988038722,1
-0.3710915660443933,-0.11015911193050913,-0.2388258874866372,0.18847666907028945,0.05368797737698815,-0.014853498091077283,-0.13945787301696605,-0.06940220014899194,-0.04445459740094271,0.04595637369124033,-0.01196712500065192,-0.021323341743074018,-0.024592523143613793,0.005478643435906445,0.005444641024507755,-0.015516311125471178,1
-0.37596898153883707,-0.09747898644882917,-0.21084604691788783,0.18320877811815228,-0.013454817832856961,-0.032899249120214864,-0.1284941791247418,-0.06892027385972652,-0.058470808169160095,0.07450288940413011,-0.023191393281348005,-0.010867022265740297,-0.011913943284311803,0.004523809967316277,0.014767936936692948,-0.012634849499132973,1
-0.38085339235739396,-0.12448971211107117,-0.2328260868461861,0.1389669681325354,-0.041919989784000425,-0.03654462653053046,-0.13441516389152983,-0.0783537731253333,-0.060264155386921696,0.07164742298778283,-0.030039580160032525,-0.012393039213386973,-0.011778485570100885,0.007980593360032788,0.00234534663875578,-0.008543694596012296,1
-0.37363007429730516,-0.08834783339187528,-0.2071763198641273,0.2687000406851835,0.006981890915735116,-0.016330851595520807,-0.1462939454052591,-0.07084068963193679,-0.05935340761406815,0.08573921085792743,-0.012871580251225234,-0.013147570373760045,-0.012372107330937306,0.003773503682460588,0.025768548576138445,-0.010959403775216594,1
-0.4027643454869757,-0.06479352656212331,-0.2017747434986396,0.17048094001965433,-0.012370703832139823,-0.05304757825986003,-0.10761695063340568,-0.06457102661731032,-0.05776345130953322,0.07217994865109202,-0.03282108982546717,-0.011624232956692212,-0.007420634105113413,-0.007795438181284845,0.01903725077259056,-0.013882080631798806,1
-0.38991799724957077,-0.06108250606644766,-0.1880446603854844,0.232610887226608,0.006020772145345734,-0.037660982033592694,-0.11863766731164244,-0.05948552729694755,-0.060020303963943304,0.08427160774333223,-0.02244955348256579,-0.010188495868666618,-0.0059854397905041365,-0.006582021455959055,0.028665263340270686,-0.010722606820138727,1
-0.3768783692530914,-0.10081578262136542,-0.21148001330048832,0.1600777221799666,0.03212924406806686,-0.02441933736254702,-0.12527477698423492,-0.06282728109089572,-0.05522032105331408,0.07834654979061423,-0.023510897704778513,-0.009178373422737293,-0.00734700065965702,0.004082700245031001,0.012167443397317257,-0.015704647915345517,1
-0.3822760441202847,-0.08987410030139002,-0.22553543504722387,0.23174012403050331,0.04434766777897015,-0.016162856043412336,-0.1423922395498339,-0.07200185999304014,-0.05291404131908874,0.0752300458646535,-0.01728846895961894,-0.015742793742357375,-0.012962774275260403,-0.0008731602775203421,0.019487659909312595,-0.00892956500687147,1
0.3814518481481746,-0.06315190904416458,0.019881258369048194,0.20365074726238802,0.014754083019783813,-0.1373181453899135,0.0802274622153391,-0.06684897060614281,-0.008610028336394605,-0.04340102592848398,0.0019413549128853877,0.06554054318783009,-0.02204199497968431,0.00592615933708513,-0.036512991922760474,-0.05488603140632776,0
0.3870983112628079,-0.051688861645382424,0.03261376141771118,0.1974595670245741,0.05082834473458745,-0.12976843289380632,0.07104537487762327,-0.05652520732895692,0.0042826686827183175,-0.02601947118994645,-0.0028016688663011604,0.04579340354585994,-0.00933749053234479,-0.008358287569545191,-0.03148382901797168,-0.04567250463698861,0
0.3671436127333756,-0.09154680059635593,-0.01139524932057523,0.22469954663097882,0.009309043485618009,-0.11351166815043452,0.09111697924319219,-0.08090988827835965,-0.00894193953278812,-0.05721635919565183,0.018833513073053282,0.051768411498073374,-0.027608484228150747,0.008359192817821106,-0.028202606238424507,-0.04730787588200348,0
0.34789506854566826,-0.05267873991824301,-0.010583404118419999,0.20857326600100362,0.02979923019010928,-0.08782792192094423,0.07708384205845162,-0.05899423108667017,4.606800347649222e-05,-0.03558395123034027,0.01088668304950063,0.05284759943863521,-0.023907709866565364,0.010372803892586014,-0.021530898320820075,-0.032335017503554456,0
0.33540366795030757,-0.025206268885374146,-0.036422043182991096,0.2155084201205158,0.01859515455927287,-0.07196645290813583,0.07099802906454951,-0.04723612759469685,-0.0013489158649194778,-0.048601320001163614,0.01510536603672596,0.06113725373046083,-0.04037376529960301,0.01995714225920643,-0.0170797635849973,-0.011783806067771147,0
0.3223734362594746,0.010648176198563876,-0.02113242235639281,0.16085451005143875,0.025733094460444847,-0.061643260842613,0.05664073752735172,-0.02498122838400115,-0.0035559595744822305,-0.02342391696262333,0.003698329444003027,0.06322602811389628,-0.02800945140647236,0.018319520247767514,-0.01419867696739222,-0.006753377578438775,0
0.32473888761257275,0.03981076575289511,0.0011284276209874327,0.14944563641563174,-0.019743474491096574,-0.07001398432640943,0.03378879072674606,-0.021510737731680954,-0.009163831172789695,0.015439014694274484,0.0027565600430369016,0.05577393601822692,-0.010468403146045748,0.00990120037161841,0.001563355734504823,0.007282602793944522,0
0.3211701340409779,0.05781141118184279,-0.007653768551061146,0.1637858175830446,-0.02497320754504763,-0.06333224882882711,0.03137024585065627,-0.014685054356000272,-0.006988779707562164,0.015378256800985911,0.004199338834907518,0.05512821614809545,-0.011576860609169633,0.015678291010892156,0.002547374670093151,0.0070260994692773636,0
0.288984806276746,0.060653417728189586,-0.026254795256098987,0.19773933353376913,-0.1063073013974877,-0.06735848193313854,0.028362536538491093,-0.025601660836368986,-0.012777480005607997,0.015210032681149252,0.008427160915985697,0.06889511963643102,-0.023036730440783856,0.030328196018515823,0.009434188871991035,0.022039260572106374,0
0.29603245280414214,0.06753186147448738,-0.018071129218488656,0.12140897989896866,-0.0755509167262642,-0.05813469855424064,0.025065622377640973,-0.017055392805079565,-0.021731975453812055,0.019976830374639307,0.0036912683592849604,0.061430468739292456,-0.015925694341844526,0.022958209892898557,0.006912101716078278,0.0211511427278669,0
0.2780984807156016,0.06133451100933887,-0.045777287083851,0.14204016932180624,-0.05948262857863944,-0.0453679466101287,0.036550748960972074,-0.014565967284583172,-0.011969770486942994,-0.004847305046723486,0.002835200360054411,0.06690239478699474,-0.030396553707488276,0.033073551406085824,-0.00023149293629135038,0.019040602609303275,0
0.27481192475130184,0.09041928356562928,-0.029665052249705854,0.09187822893880872,-0.04715249059587139,-0.04193577102374182,0.02410417208474391,7.361935120173672e-05,-0.025790401552481454,-0.0015069247290895353,-0.00314447772788496,0.06648265957850494,-0.02434168763269634,0.027521403862649507,-0.003237935434754265,0.02231228852451951,0
0.28151192059450986,0.1264243889183776,-0.17216521731030449,0.06638144993874588,-0.12171811459627191,0.012140229897518446,0.03270500473598806,-0.03831238922120848,0.027242805912038186,0.03188308786796051,-0.004842955416443503,-0.017710244271621534,-0.0026986560775993183,0.05929950747456185,-0.003933662078875249,0.05977277508257675,1
0.301339219760798,0.12826348282938008,-0.1535094722074613,0.018887418583890002,-0.06459835508416807,0.014362355798535236,0.038469906319579306,-0.01791154406248295,0.01468310508086814,0.024588634009419165,-0.0022986741870470446,-0.01800919152563467,-0.0006015641620854407,0.052315676236915,-0.00931651278623997,0.04631494607634892,1
0.26857215685227337,0.1615203865135452,-0.1875917732804788,0.03965492246376013,-0.08182079929187173,0.026919655060290364,0.029158923392761264,-0.014369342497715975,0.037286779305896474,0.02517910085831793,-0.012140721177223198,-0.026010996651414507,0.004734771431064321,0.054663272972530715,-0.008606212133903493,0.041844057240015414,1
0.268624908413932,0.17687889530516981,-0.15993253686025907,0.0361371491487806,-0.10845827830661034,0.011939151812668606,0.02430099803619495,-0.0021520426879723443,0.01612901850374603,0.025073342670742217,-0.010999415410346235,-0.016861471512794733,0.004115410536308804,0.05131622293389015,-0.0110726593402012,0.04005613970811765,1
0.23446378943987514,0.24222204612053175,-0.201310427298682,0.019098348715166545,-0.10366956860290569,0.01753156393068474,0.014905995531258655,0.017071179305339513,0.02877199981495361,-0.0005774793417507654,-0.02437798398579574,-0.025497028365450064,0.0072187898595486725,0.03605406028918692,-0.02384491424972772,0.023837264122645033,1
0.247938385941048,0.2353770124476483,-0.16222726293227946,0.07161365295140003,-0.11753351590991451,0.005191270270235031,0.015265542538045702,0.020157388049516656,0.011800983881129306,0.0026722987592349423,-0.013046907889540032,-0.010687008283854757,0.00375281049964221,0.038514610099021455,-0.021038688643332533,0.02532221764663994,1
0.22168066015681795,0.28773687133526005,-0.17096974634689605,0.05242746116485169,-0.1052897903590325,0.006585516592537399,0.00978397625333564,0.037638367210625225,0.005522624583989142,-0.020561560195837315,-0.018617676807833005,-0.01582125523899969,0.007455959417857182,0.017481901731144247,-0.030398383820792678,0.01647702221743077,1
0.23072423939133105,0.2879162740299045,-0.1919890366591909,-0.017588081254965925,-0.08215897972935718,0.013563478408934704,0.010621745654330361,0.036790650740126975,0.002129731861269821,-0.032904720115611935,-0.024870894596796856,-0.023117813491400078,0.004937627194445665,0.021489150329656904,-0.04050367410903943,0.009110717139743001,1
0.191464970819421,0.311050891321075,-0.23758097366376807,0.0050262163063007235,-0.09662715064185647,0.007173325940611706,0.006933701847992117,0.030132767346181154,0.03660148009546039,-0.03860938601742793,-0.03405258505219734,-0.026234536544273098,0.006049223841410605,0.0032638843643833493,-0.03694271364793746,0.005271840430681566,1
0.1900893413678199,0.29622403130219777,-0.2033305386505906,0.007775709815719382,-0.13608604674437094,-0.002545885100778305,0.00820881726337993,0.024061676417336815,0.013777377140246705,-0.03570776016301385,-0.032123496405815216,-0.01891968144648141,0.0008547139199675819,0.01321145559667067,-0.038235566135045335,0.012781724558916902,1
0.21326683675798916,0.33188454070344514,-0.20117511363852952,0.0013057643968233767,-0.14196270591738894,-0.0009285642571170653,0.005294210319245543,0.032370848184680966,-0.005293144440621373,-0.037888329178173974,-0.02978587427619654,-0.02438621186107401,0.007500879938284161,0.011089630893647484,-0.04804390869117934,0.004835731055978903,1
0.21729415872367774,0.33481739396370896,-0.21229007335772132,0.015617367098667546,-0.1309102802001082,0.0018959285669160654,0.005680677423049691,0.03569818822989083,0.004867643876130296,-0.03548842808887353,-0.029749650509443316,-0.02678537092999038,0.010186487096969567,0.007497012108802945,-0.04577361671542772,0.007911073635053114,1
-0.23454093293140735,-0.2615416289380149,-0.08234279602028315,0.20897203229349573,0.05147530338530473,0.09684061636737135,-0.12459306587956193,0.02836251784209796,-0.06464855685468382,0.003991579768180846,0.041568424152435016,-0.050947726545738835,-0.04665989649755062,0.03039820748989063,0.023260675742604375,-0.012114721253520795,0
-0.20464845895644734,-0.28155661582622493,-0.014300736214860374,0.15122644996415596,0.02049153931778637,0.10348594230261489,-0.09424839080949288,0.0527429853278707,-0.05872241427854105,-0.0034886845811542815,0.025047069408195084,-0.04761729501958512,-0.033441688018701836,0.02278366215821965,0.02350676358373429,-0.020148707662384246,0
-0.1719338868797988,-0.27283400804545116,0.021299843619590593,0.1607931203106114,-0.0025979352101351784,0.10319520032724562,-0.07869688979077175,0.06305037258972179,-0.042256341951029015,-0.02212709461778798,0.017749406240972147,-0.04421666889815004,-0.03561088808162283,0.01819641634348285,0.02810916396228966,-0.02016573326960456,0
-0.17227729399558048,-0.2616219026152271,0.01855622665593717,0.14141378654944234,0.011093148045040649,0.0966654325913248,-0.0713946789681726,0.06532829865259444,-0.036422868835633865,-0.02563578519283138,0.017898308536703943,-0.040457046162965124,-0.03737278211109149,0.018674364777200952,0.025786271431406653,-0.022213388117250484,0
-0.18339339537727256,-0.25315230577531234,0.029948073966739867,0.10684346031955548,-0.01348550046291675,0.081685818602646,-0.06310812305032151,0.06486163563156094,-0.03498663360905481,-0.009716905117022381,0.01264744004427682,-0.030992012818273004,-0.0299766975814706,0.01676269846375056,0.024115925793396272,-0.026609323351808812,0
-0.18033902441551805,-0.2535405134399444,-0.01346430301004494,0.10238990685327244,0.03600236475450444,0.08735582485847398,-0.06943349911023164,0.054436016380223516,-0.03775356212889227,-0.024249140635837236,0.02148061588164199,-0.03444743376868727,-0.0407014448329095,0.023687283226468774,0.021858115430262517,-0.025992169616668843,0
-0.17073804967163178,-0.2824305677858423,-0.024975749978060638,0.04013966233515951,0.04490704505613145,0.09359855482071826,-0.06582931767633937,0.045359503790765435,-0.04175734859348335,-0.02561760982059333,0.018532345059471673,-0.030939614719342114,-0.03870624302365341,0.023761008791962718,0.017128180669478937,-0.03132183057622275,0
-0.19054911562974147,-0.25651813231514575,-0.046893620631116434,0.08570178637983175,0.008873393947919207,0.0793944798863732,-0.08007567414690714,0.026346954651987955,-0.05073066712885748,0.00299647569352806,0.01727186827496864,-0.023133973226337676,-0.035625951587733344,0.031566994601454484,0.02222340572621748,-0.034710767151024474,0
-0.1761004722192099,-0.238846504927284,-0.00831130541796451,0.0685838823395843,-0.0001662437259682456,0.07122973788802356,-0.0586987365266893,0.04567439224785608,-0.034954273575508794,-0.009515637078706136,0.01362619512873416,-0.019982648608679834,-0.03493376264136228,0.02336251579254191,0.025383729177745055,-0.02922845126914544,0
-0.17945517242566572,-0.22546263576753428,-0.03332110923691556,0.11472455955478408,0.008805137255013891,0.07427925155325875,-0.07175993014038345,0.030674956733321213,-0.041681474734757924,0.007023561175541148,0.014699463095808427,-0.019169898112669014,-0.03489906976073429,0.030241563260491655,0.02908127163189319,-0.028979223414671487,0
-0.16231386971438405,-0.22519733637957792,0.021436580743793683,0.08260826809626397,-0.011772179968514917,0.07355845800672638,-0.05163789256258391,0.04649518144600139,-0.029432499645783556,0.015378706269221137,0.0032977848251382427,-0.01343452623870771,-0.023067580541779622,0.02047669137909112,0.031551725491018305,-0.028118183959030506,0
-0.1632971931164399,-0.21771654730903095,0.011208329839866376,0.04012873309634727,0.034449538783037595,0.07042464770876031,-0.04165815532188606,0.05132148257922092,-0.02045465619012026,0.0008339169140201824,0.006431076048385316,-0.011907613241900903,-0.027677631907206547,0.02113073577625525,0.026988176575994373,-0.030020355089605755,0
-0.2846100147336329,-0.14776576820991022,-0.18112576990459417,-0.01157514985567864,0.050022537341921594,-0.02714418842790604,-0.07953326008267429,-0.027031619607442922,-0.032658468846197886,0.003599128516570866,-0.0036078830030334573,-0.002021754661343021,-0.035924418447441056,0.026706707258007206,-0.005551910143643705,-0.008088960666897859,1
-0.3009125118512476,-0.13951644394598964,-0.19386373294443346,-0.009742902666514206,0.09086417865981068,-0.025504824022009303,-0.08255387466032543,-0.028678616340393454,-0.03134782269832359,0.0067767351749858235,-0.004920203224891615,-0.003479227257070811,-0.03149978067031852,0.02328249397600579,-0.008980591604423962,-0.009841358962630128,1
-0.3174146505963303,-0.10982573939114744,-0.19876371881858132,0.004981223360291534,0.08217553603374939,-0.04161761103971311,-0.07590435146790996,-0.033307805849733356,-0.02950280140252429,0.00662443130248326,-0.009923152942382663,-0.0033556618252931643,-0.02998487948180503,0.013700159555234894,-0.005225047856856896,-0.0034063443463975625,1
-0.31895570117250677,-0.09853754284774319,-0.17919997052581316,-0.013542215380308514,0.029502170839083713,-0.058409470956115504,-0.061565511438177914,-0.032646006013094656,-0.03003403488236411,0.00818830776326894,-0.015094698542231473,0.0025070254386198236,-0.02860841438334113,0.011480181385951102,-0.0013585432310098684,-0.0056716056744039855,1
-0.3260462558131153,-0.10041938243057012,-0.17349591042990006,0.025125486485393006,0.05527148465224573,-0.047556650510959364,-0.0720261208823831,-0.027020777857228742,-0.03449510629332167,0.018055090570243508,-0.010220264312054887,-0.0029972615417090676,-0.02423213195184635,0.00769005153135367,0.0024205269713730862,-0.00025418429116471405,1
-0.32493935184739803,-0.10110808496381239,-0.17864463720304433,0.0064134222144596135,0.12083183501668797,-0.036649411613016054,-0.06935789351077681,-0.020231952895018508,-0.027235460668647717,0.007901608782854513,-0.005360331644462039,-0.004804620940558769,-0.02446412385769669,0.009757115876504832,-0.002533281080309933,-0.006677799049656411,1
-0.3222024167876568,-0.09654549626746894,-0.1806757794456157,0.023296092726140433,0.11661078074693666,-0.03541108856492797,-0.07160005146475996,-0.02302335355874981,-0.027458765751476665,0.010818682434598539,-0.005647755869800162,-0.0038497580602059565,-0.025475384373405557,0.010238863044328526,-0.00019527085780070188,-0.007548591553915933,1
-0.31808066227584236,-0.09142850066477766,-0.1605106736283006,0.046838990702735506,0.0768495385339757,-0.03863012766297247,-0.06896339263754177,-0.020826765739985157,-0.03025444193502841,0.01788813511026819,-0.005195768936291982,-0.00136244853884942,-0.02496729630125846,0.010292883262175194,0.006152186356880719,-0.011762679166305065,1
-0.3386393377885382,-0.0769506578292204,-0.1863445187790071,0.04903952608998847,0.122039216046475,-0.04116822309220356,-0.0714174188701843,-0.026971520561837423,-0.026858926628486934,0.015738405583886332,-0.008680184959693542,-0.005850448203172163,-0.02342367521101387,0.0037738967775148495,0.003104978821892201,-0.008482785429488071,1
-0.3332304290238636,-0.07438645467040032,-0.1732390528359728,0.04624329710617963,0.10582598195505233,-0.043083294977901074,-0.06641153070197446,-0.024719032129255355,-0.028252887488947897,0.02052377736757572,-0.00929860657316612,-0.001097038626660764,-0.021532877456123818,0.005047155361287452,0.0060832961363596165,-0.009038205434560688,1
-0.335408256947748,-0.09197302565184412,-0.19790470955499012,0.03688653155810991,0.12249477213859372,-0.03632720689662549,-0.07791516819429427,-0.030672228297506682,-0.02825972079600015,0.012356108113955338,-0.008862762442688944,-0.0072047648540326205,-0.025199353574067482,0.0071087914332764405,-0.0019335391238747425,-0.008095041982748226,1
-0.3410578958624705,-0.09485443987897185,-0.20895298208294774,-0.01842285875153235,0.09282996723289422,-0.052064753504339645,-0.06737658835762057,-0.03708567165754002,-0.02758597106990245,0.00569672552216365,-0.017133490816058985,-0.003937429703590216,-0.025261924628587413,0.007782530863979267,-0.00987301586082283,-0.006856511474176479,1
-0.06492786749723195,-0.5392752456532998,-0.7046425368836519,0.1485134187542853,0.0041059299595634716,-0.3285828006839152,0.038478343702108606,0.108985133662377,0.015302468990477745,-0.026749623435846855,-0.0034224759381666983,0.04245666307129564,-0.10150441604750679,0.11755269527982239,-0.1634535224653004,0.07365089615609889,0
-0.08657249344064172,-0.5219505873590818,-0.7490044857154734,0.11842446930367653,0.07669499966396973,-0.3436713687851655,0.01988486274984129,0.15218895065815458,0.024907818086916157,-0.08298019744951925,0.005636359441002549,0.07882312630702534,-0.06167840601246054,0.12963615161690364,-0.1482511987809461,0.11931685377842531,0
0.36558488997106664,-0.07357034631014595,-0.04019568526010079,0.073158571859413,0.05448401294525031,-0.09479498473395148,0.10109745767721304,-0.05540456538733552,-0.033777881360157753,-0.09496049055416718,0.010612823424498194,0.0862483586227176,-0.05537431238893417,0.01804156149824209,-0.04522881609668212,-0.027458011143097972,0
-0.07155154993035936,-0.4938133134531629,-0.7137811390023734,0.24837306783631272,0.1056876505105327,-0.3278521890117896,0.02550017771450479,0.13617483700446964,0.04514759045144567,-0.04822316375304997,0.007372348599117234,0.04031131792458511,-0.07619416530659472,0.15985740710140892,-0.169530344237047,0.061280420627581524,0
-0.08520348260178372,-0.5014109393447029,-0.7261052042026649,0.22655096048660991,0.1119053802180086,-0.33246026452524385,0.02722155742634253,0.15392214076345687,0.053701116413423795,-0.06020592356255448,0.008791224330724025,0.04983041105432254,-0.06513762775056145,0.15766905287140098,-0.16202735843894633,0.06945647833632132,0
0.34923775652447475,-0.007715163897262165,0.01763193584245117,0.07053387817891514,0.021756172824012432,-0.08863768372240742,0.045577818202556845,-0.037403527128585454,-0.02009684578827491,-0.008345129978892338,-0.0025783399502625243,0.05726118659382566,-0.0139050940267916,-0.005278884247772099,-0.015146190852297136,-0.004252896582818525,0
-0.15188785952095601,-0.46584831184024733,-0.790998333473831,0.2357158504581522,0.03887965771931843,-0.33776047405214943,0.016480358364170097,0.21764172574657759,0.07261835906099788,-0.1231155597201221,0.017523850270729564,0.13958591569409526,0.06194005174913973,0.197234809856322,-0.12956973113679218,0.11578168696521746,0
0.33636222343889605,0.006818159500565937,0.027779851973939958,0.05828472663844138,0.01235453254022828,-0.07761406499301185,0.03229217947736994,-0.03182934409804786,-0.017451940244482243,0.012080882697517862,-0.0051373444579506135,0.051447963517158,-0.0057300583735076715,-0.007475746925420838,-0.006372997561400809,-0.00013084410991472266,0
0.3028108221266018,0.0007063679013934978,0.011283558503071216,0.08615076394428808,-0.036642494467570404,-0.0830927856485975,0.03669673457435615,-0.03368173932702283,-0.029050919258044375,-0.014245657832349623,-0.004361770021984432,0.08015335507843308,-0.027895402189688952,0.01080415921490761,-0.01206265363664123,0.01164829751165344,0
0.3274868111295535,0.004428044288944418,0.02584311455459021,0.032779526802704795,0.03427370612951272,-0.07360813936739462,0.034105679130365135,-0.026647727119248097,-0.024333110852147503,-0.01146294865422689,-0.009745555381593229,0.06166625098965526,-0.016085069969538648,-0.004879491096518819,-0.01733638024553661,0.0024637621360887756,0
-0.10255046318762105,-0.5016273160627482,-0.7779669210005751,0.18331144584634945,0.0328742566045298,-0.37156801481413343,0.027757419228955894,0.1844088702888218,0.04431653304530023,-0.07749263999335139,0.006404310916658717,0.0949533113420027,0.0010987658386661377,0.1571208606681977,-0.1358818553205652,0.11207154526466685,0
0.3015122863669818,0.006690420427576791,-0.002710569643882142,0.052062801812736655,-0.02570916856354921,-0.05776092515661166,0.0378186023752516,-0.028986752582841252,-0.01937141265704829,0.008289461884485472,0.00039194521645967553,0.05597045365417787,-0.015494467140115945,0.008875811548915065,0.00036654067564350506,0.012163301155193948,0
0.12003870016571037,0.36600710722846985,-0.2200668540425231,-0.06458882597417606,-0.06190136243044893,0.0012516645752641295,0.004160390392466933,0.03724028418439203,0.01923701716657169,-0.07485853676443932,-0.04263693744806555,-0.02749853874292859,0.008453820959477144,-0.023074772700589923,-0.0375294293611418,-0.01078301685932978,1
0.10557601346934788,0.3379788973148317,-0.25044659054528734,-0.031347074120358406,-0.07013603350398122,-0.003930054003087042,0.0013256013564142248,0.030654145193768984,0.05453891865770397,-0.058657060715299525,-0.0428814262405043,-0.02806212720585479,0.0035553835243060175,-0.026578704712310726,-0.025148990859676142,-0.005676991869419481,1
0.10176572326250102,0.3479758275142401,-0.2963824134058354,-0.06681054325798194,-0.04432899480960234,-0.00259425892329369,-0.00688308744330926,0.028466301685107838,0.07535967648286256,-0.055517509432477616,-0.040320074084460755,-0.030971628486150475,0.005324665481097791,-0.03527587848476366,-0.01781997602268073,-0.018445224667740626,1
0.10197654720325153,0.34158736397695144,-0.32572497375861437,-0.05336484204060408,-0.04146929220895054,0.0019580192727150013,-0.013405018904600116,0.021004081939273268,0.0974994273753052,-0.03835328661386211,-0.034334288820249484,-0.03373897214967623,0.007076217753434947,-0.03760912275094304,-0.009470109746114461,-0.022168983861042945,1
0.12694899650871697,0.3548174353501751,-0.26255802809574924,-0.04169362225215263,-0.10306692011774558,-0.0018219791540927993,-0.001528772817958828,0.027579757954334882,0.049954975613342806,-0.040622857477005156,-0.04445643632152468,-0.03297366807483892,0.014156492562981295,-0.024451186295647822,-0.02746240787531195,-0.012239075842957772,1
0.08655987721508056,0.40923591181032476,-0.27293781938537626,-0.12660472055178656,-0.057923937015588,-0.012141058619831502,-0.004985534007697133,0.030724129013613863,0.03408296589061158,-0.07695607810472807,-0.05024706781942102,-0.031682542266716476,0.013114574515581762,-0.038364544747124356,-0.024961562350969704,-0.024693471878702872,1
0.06939325131302054,0.37438185031874677,-0.3441657078861696,-0.08044048097730425,-0.10319553717503754,-0.027396830950921314,-0.020424972461052324,0.009744116317009792,0.08715835138203054,-0.038431692206721296,-0.03557331814512231,-0.025766876027266707,0.004543039767667876,-0.05374704680329807,-0.0014304181622164399,-0.021023887513648302,1
0.08437292988375286,0.428021964115787,-0.29040368124301796,-0.12434531582521265,-0.06185820396952542,-0.018693184860366533,-0.007128795852716519,0.029254325850406177,0.037272713652034405,-0.07412555798732533,-0.05195985061007205,-0.028772483086703098,0.013933091941954478,-0.04368574429251692,-0.024410486808357005,-0.026800024930430103,1
-0.15998794118593898,-0.47088851396641423,-0.8295438430309015,0.19037122700968254,-0.04783701325480882,-0.35186686185271865,0.04225336200434306,0.2402281989928936,0.05074706524571126,-0.13231717382572528,0.020761318399143237,0.15191004481635145,0.1350084963019423,0.19126977597306924,-0.1045477269305704,0.13581063781114533,1
0.1094052785255595,0.3366241289226032,-0.246935222360768,-0.04340278256296464,-0.1037722968079336,-0.004357751255337067,-0.0010660246528859873,0.02605295758854164,0.046824241918521164,-0.04403419736151644,-0.04446743438331635,-0.03150696511667682,0.009449013160791721,-0.0250939928233994,-0.02173391173046876,0.002055348270956344,1
0.08844399470193327,0.3412959548349257,-0.37198596670237516,-0.0423643569432675,-0.11855191200979946,-0.014123626436119011,-0.02980474805445717,-0.009188260358843585,0.1113719834940021,-0.012483496458285791,-0.02311991076962954,-0.026847161109101455,0.007915801461363796,-0.046571187455099056,0.007696748909618521,-0.01436567105784155,1
0.09785107784961918,0.3274541197419347,-0.3643708373109059,-0.06085859802653082,-0.12005551183685317,-0.009966341935657071,-0.026678492305304353,-0.009107478436863535,0.10772591764812516,-0.013413700106876777,-0.025157256786431256,-0.02549783240676892,0.009089139277596452,-0.0373382475479447,0.007196137263137695,-0.019992558012217936,1
0.042278877167205665,-0.7637927131017681,0.24636421875589026,0.021300527994630614,-0.01898061582094145,-0.07804993679873234,-0.06416279288149088,0.030751496473821683,-0.05387125971119137,-0.2813208638005718,-0.15563815223155436,0.09695698291216276,-0.03920040428665644,-0.02871415694666094,0.032854317352590916,0.01705097555385192,0
0.6934851262003277,-0.46362702731140276,1.0024158030620776,-0.2041212676260305,0.020331136479898718,0.11562431145107638,0.04354690108589215,-0.06448634990642761,-0.17904271140361647,0.13896453257061422,0.13219189850238755,-0.298316500161157,-0.4459178722469035,0.07521302248661689,0.005671566298274008,-0.11535878986007926,0
0.9651460007048756,-0.26157680185579074,0.44497031164444684,-0.14135432182638863,-0.032418178440742094,-0.1315173927006328,0.03913513470088405,0.10923123127359294,0.08966921574173049,0.05638518685159505,-0.13029222696538603,-0.3571892536986886,-0.27578687329295193,0.15172568737956735,0.2846245401729864,-0.26802419788463533,0
0.01880252457239162,-0.553445886617657,0.2378217827962157,-0.0017385343041771103,-0.09518213914479695,-0.046287979874662634,-0.1095297842456844,0.17454464310454537,0.07651904646690598,-0.3176667203658967,-0.07409104008780559,0.08709062294181566,-0.1489549338669777,-0.050464950999903405,0.04574918233463079,0.053353067885514874,0
-0.0783936533321093,-0.46848188424114445,0.05099409687411303,0.10825917665128419,-0.22045430363988572,0.11032061659446334,-0.08639835369793684,0.09279314536100154,-0.02570743831156632,-0.23580062040617217,0.014070200923076285,-0.0056567436219910625,-0.10216933601093921,-0.027910399954205332,0.08859958591524365,-0.009374141121793913,0
-0.09677167971571182,-0.35864890177865977,0.11808882788222637,0.10226291731606833,-0.1574101068837075,0.08829787417486873,-0.0750275314292426,0.09498179998916893,0.012490844747221213,-0.10967104013461623,0.006037410651946934,-0.03821628418759037,-0.05234111133641185,-0.027115288694648437,0.061883393743798726,-0.028274975682342426,0
-0.10184685140517341,-0.3324022615849927,0.1667742976025823,0.11341303325703517,-0.16838370335709016,0.07042130667294774,-0.07720670515006166,0.08708349640597027,0.028543916534848657,-0.05248717262746904,-0.0069083610937905535,-0.03408920189655362,-0.02993045932122815,-0.03083201257311594,0.05437925645052801,-0.03641930887359405,0
-0.1136477369470663,-0.3030368290288917,0.17487845406584598,0.07534653212347817,-0.08783295892899336,0.08129324823387717,-0.059771938662535946,0.09048190449915153,0.03737905018823093,-0.0258106387825514,-0.015019223510098866,-0.03510712341160307,-0.01905845409594753,-0.030325823591137502,0.03672123669326383,-0.032995302713683665,0
-0.15420646822229875,-0.27789855165254307,0.03412710884772772,0.10989762428227175,-0.058938411253703755,0.0906817968593532,-0.0643331740721733,0.0719227293110276,-0.024926834069359586,-0.052500638979819325,0.019288878466585436,-0.03975248763083119,-0.04674115843949542,0.008547715445265358,0.03697237243493868,-0.02254833912109112,0
-0.1608817174407261,-0.23949430155958534,0.0458002581529949,0.1157419392513704,-0.04489411879434634,0.07697495453817692,-0.05421047254801264,0.0740332770814775,-0.016391173187166475,-0.03249715191023389,0.015848967866262876,-0.032926900547090195,-0.0398532473326095,0.010188679336066793,0.03579757768783298,-0.019042953009939502,0
-0.14582083724418005,-0.23292859905981342,0.05018960657379809,0.09455808622355022,-0.03127861735542775,0.07666710832667731,-0.046499786542232406,0.07050854075641509,-0.010115184960968814,-0.026660861704676977,0.011348699357817202,-0.027405504195836528,-0.036251116073841565,0.008858028942724477,0.0369777835255967,-0.017223331839735137,0
-0.14642350167520043,-0.24156629705757332,0.019188500324326677,0.06932832293426565,0.0008094739827583545,0.0810419583883169,-0.04821091404622103,0.060233789766030665,-0.01837957621209686,-0.029564230349779164,0.013623629323760397,-0.02608252021519901,-0.0390843202255908,0.014967140179557779,0.03198050473717388,-0.02228547195100976,0
-0.3027292270238029,-0.14141607444132534,-0.13576646132184683,0.03162727621142853,0.07207089014915295,-0.005541934086162116,-0.0840905492247243,-0.0154882529036392,-0.04497706900026682,0.06166619898834994,-0.005671565128631792,0.0018696810864976914,-0.009548166789422635,0.02398276724342328,0.007270232386733179,-0.02316725067496276,1
-0.325020403001283,-0.13487203477160856,-0.1857335769607288,0.11647779316084869,0.044595060424123804,-0.009721318115127503,-0.11612434166225606,-0.04271632208327418,-0.05036835200656736,0.06037634222913429,-0.0061523287616492405,-0.008048203794245158,-0.017763505024215153,0.02116426401625069,0.006812790702141862,-0.016525087997203092,1
-0.31868518200298984,-0.1233788306890548,-0.18113441525287927,0.09300512998422991,0.06694412501355103,-0.014829026659245511,-0.10143130501908144,-0.03466437199410115,-0.041712457708359275,0.04056936088087429,-0.003906764101953464,-0.007936899300289723,-0.02326936036516062,0.01922588497883403,0.004914252369202359,-0.0188347805096456,1
-0.3459285684048103,-0.06602398798913195,-0.1739382291153112,0.14115142636864178,0.09011305014553363,-0.03193998067190606,-0.08654286026828074,-0.03170923177952148,-0.03634875525495057,0.03877671845871589,-0.006644522583210105,-0.008822109565664111,-0.020080956510103286,0.0018151052542471624,0.01563636642440347,-0.016252081412200987,1
-0.35690486348261735,-0.04804084156914709,-0.1887444455925977,0.09268550541925588,0.11324776290335684,-0.044887149479552614,-0.07012157551070845,-0.03486315767310694,-0.027901780196140643,0.025428338515136182,-0.013503988657827188,-0.006818422363717464,-0.02136985004177994,-0.0013882687572779964,0.010626940836621936,-0.017236388828151813,1
-0.36853962235484,-0.03134863030899972,-0.17760945495271932,0.10323329151073228,0.10279877691882876,-0.0540196537707727,-0.0620753882541648,-0.032055277746944506,-0.02843438988037369,0.027200481360267724,-0.015074807302895898,-0.006760643308831344,-0.019081551912826192,-0.006031998709713058,0.015077297570324345,-0.01632215713565136,1
-0.3683151641513566,-0.03177515270209151,-0.1922794818189796,0.08775897353645878,0.13162644715492444,-0.05013034119865813,-0.061563117851159026,-0.03371786688773557,-0.022381377058838376,0.01688589982791524,-0.014710085940770955,-0.009409392782385,-0.022746096603837706,-0.004724395866062596,0.010324814331085971,-0.02148277343782636,1
-0.36424568169238175,-0.026020805194698612,-0.18195914157640128,0.08324090273339381,0.0968160910634965,-0.06026561540776512,-0.05496033251735129,-0.03386793674637506,-0.024584248403982958,0.017718210666802573,-0.016196591274978255,-0.0053041279643468876,-0.022857037381228167,-0.004689983408349798,0.013133995416739527,-0.01611432307761714,1
-0.3709294001293046,-0.016567468530666603,-0.16952799955346892,0.11570339553425872,0.10003804537920218,-0.058228234724217086,-0.05567797355966951,-0.030278955736359643,-0.027840630749059923,0.029690377069813662,-0.015316603695753727,-0.004450369625553315,-0.01798087071837941,-0.007893448072922998,0.019477772485787536,-0.015650591074975847,1
-0.36248667515684624,-0.032091746569593474,-0.18145889555638908,0.10717662210791115,0.08180732662082567,-0.05470576101332508,-0.06473786625057504,-0.03905407655544665,-0.03157383709824566,0.03739236990705007,-0.019139542752211098,-0.0012912600412102093,-0.018200467219268185,-0.003479147228790899,0.016713015927896282,-0.01655965842889423,1
-0.35749752320785205,-0.04077938458463047,-0.17664836963899044,0.08268325220445276,0.10049713662014097,-0.04970776092216641,-0.061819951263937946,-0.03313937127684982,-0.028743346533403984,0.03252845945792902,-0.01653519776116639,-0.0006038025533540157,-0.01770779789598275,-0.0007112762634733252,0.012833805452069741,-0.020600556499317132,1
-0.3604611525161371,-0.025179546816532887,-0.17371869459104056,0.10662558353472236,0.10758670750016265,-0.05140538584876181,-0.05910085387693286,-0.03201567394179264,-0.027813469737444026,0.0333846314849584,-0.0155293580211744,-0.0008405473699544002,-0.01770734883163751,-0.004124576466013796,0.017796256006632153,-0.017478167328002996,1
0.8891701894854162,-0.21626733994294403,-0.16337482382834767,0.14221926374003394,-0.11409908818810742,-0.13224265715271202,-0.0675980870619075,-0.03127467138772639,0.08644635064024103,-0.07412715820924458,0.12703352538987686,0.04697121003783644,-0.12603520904071416,0.058509228869874724,0.12142360146326217,0.0509910067950019,0
0.8831026694608856,-0.17136583097964575,-0.09062383503900825,0.185278149197214,-0.15310260039177348,-0.22159564300745835,-0.05031630396538581,0.01978700711041423,0.10971594338781308,-0.074009868878494,0.11523505556504686,0.025171812353744848,-0.1326193689006394,0.05794359857034705,0.14578867207659857,0.05326277819776919,0
0.8640789306866166,-0.1463685520847735,-0.08025245729275131,0.19175917645789148,-0.12064349295053874,-0.23257523435028177,-0.03412266443375605,0.022369746774558125,0.1121452817699328,-0.08249452054997818,0.10285120482134799,0.03511546432390117,-0.13449703510788508,0.05130851572641944,0.14679835821138099,0.06351481151661037,0
0.8378422759982012,-0.08105427511221094,-0.21746016502844218,0.26974261135123895,-0.11355564228023994,-0.13177697844263273,0.0018319020488796176,-0.10723802792762921,0.061625855618354174,-0.0855179023711895,0.08684076774212439,0.12766859380825035,-0.19589915049116985,0.06400002978116587,0.14730602768312165,0.1527502504764754,0
0.8216701364273948,0.032975550483457856,-0.3501218278198422,0.23638604471470928,-0.12082026319685224,-0.06628247104398265,0.07805974984073102,-0.2259974818896129,0.007855514461171437,-0.06507869713766523,-0.017237195181263598,0.17505719989207044,-0.24694367720595845,0.1657208412126717,0.12204809095033657,0.2886758166593725,0
0.721754287471223,0.07677256448897558,-0.08863624886643912,0.18418863534067548,-0.15306380008303544,-0.2592577876080331,0.015121296055242036,-0.03425270154524182,-0.02110694650497078,-0.12109412882717115,0.012787530814684913,0.19766882955031817,-0.15845216249325758,0.06879934916531771,0.15725442666350511,0.20879317421420912,0
0.6642594607309348,-0.10358489492654856,0.05650056138776584,0.1785684146656129,-0.09965693572250249,-0.31150016536126546,0.0014215442353522159,0.0307277836506762,0.07494595829982792,-0.17508710261892854,0.0451940412042774,0.08503262336176141,-0.13260149816887665,0.017422490991193557,0.10208468589019533,0.0673246870098696,0
0.5988347842384945,-0.19595667486652513,0.013014902015660464,0.1730396434919515,-0.06531019963503613,-0.27732512464731096,0.04815604520773919,0.03417846987958512,0.05337006826826718,-0.21264389457728938,0.05735879314384293,0.08162915244067921,-0.11471930038901776,0.0076722134012790315,0.04872739073136118,0.023892301182269537,0
0.5125295710300497,-0.20454455039259803,-0.045910034696362324,0.16762633897718085,-0.08731329565053529,-0.21960156074831413,0.09388995264558679,-0.008334127477862698,-0.008311680901824273,-0.223085121103977,0.04440873352482951,0.14229885813824095,-0.125029027855095,0.013789698195300007,0.03410116146323051,0.03055618759472923,0
0.4434177903667039,-0.1713119521307743,-0.11732270356314782,0.19745786791141912,-0.0992877334271053,-0.15517112859625232,0.12072464101543945,-0.05629568768812528,-0.056949677888122566,-0.2317618618159903,0.03098936678070086,0.18543453053588077,-0.15863735705645635,0.03301528047454323,0.020606896643501228,0.04663685794222088,0
0.4324734188599032,-0.1394212139243639,0.06492961649369329,0.19699971806695035,-0.019905768158332872,-0.2498071264708023,0.09149056447684499,-0.07112369321728862,-0.0353171380631877,-0.1384712371121814,-0.012648722806547134,0.11621498610314196,-0.05939121929717474,0.00754309569194026,-0.05997960045932473,-0.07166510284358182,0
0.4135793872057265,-0.08263276047847685,0.08696785209076141,0.22113424539816054,-0.06061058015187729,-0.2298049661066644,0.05414463133081076,-0.08703696346125613,-0.025107330287736897,-0.05616989906722978,-0.015849397775516385,0.09212896804446356,-0.02607342906619378,-0.005273235641673303,-0.05246132175260853,-0.059458999374251933,0
0.1981497215902532,0.18401370001685313,-0.310415331027177,-0.02162788494089111,-0.08940301954030393,0.04148666854793716,-8.784112800442456e-06,-0.04094979233181715,0.09536159958518073,0.010163717586687146,-0.026157928970385498,-0.04501024613910106,0.008496946108010023,0.04435118702422495,0.007726911804164215,0.0449340672534411,1
0.2055383588517415,0.20052209119036749,-0.2808885107972468,-0.015618831445447571,-0.08471533908948564,0.035859525904395534,0.007491390042167467,-0.02125303318383875,0.08133191217882638,0.00554201815556642,-0.028938098499340068,-0.04047768574084358,0.006589786579093842,0.04188290698979532,-0.004677867420512687,0.03463664299439798,1
0.20034554925276893,0.22734832545815836,-0.265501629652775,-0.01547007334434461,-0.08848029240326465,0.024544251919032378,0.008315668082402075,-0.004592710191569408,0.06691074456187696,-0.008532780057470652,-0.030943709658171333,-0.03383483450873373,0.004181671722782337,0.03135290782119739,-0.015193781512389717,0.027062458147518557,1
0.16971238680873307,0.29789610578633646,-0.20255603357702642,-0.0280253375808293,-0.0628025284562995,0.01051421119203458,0.00898932354255983,0.03545356121724908,0.02008656842516632,-0.04979650444582805,-0.03242993399617919,-0.02110086597916997,0.0032497678152859258,0.0018766978969015097,-0.035986308037119934,0.0048289211569722094,1
0.15019474023321044,0.33087808244639516,-0.1926977671646489,-0.04572020147885981,-0.045253137122646045,0.011286252600486893,0.0075005979434867006,0.0422519931199682,0.009405349151261339,-0.06542027253499239,-0.03327186137818602,-0.02245051285144177,0.007028143106458218,-0.010856184932355625,-0.03850798421492844,-0.0007849472867958909,1
0.1788983037312756,0.2996361991606789,-0.17596652260457019,-0.028932397594162808,-0.07051280784177769,0.011458252372976083,0.008299923712682256,0.037523895483402,0.0011173639036132035,-0.04591236878960382,-0.02819318981905412,-0.01892213724355559,0.005119634400782378,0.005456184444230651,-0.03737035651589445,0.006511623506913278,1
0.11485315014447235,0.32896914529605314,-0.2598242971626369,-0.050315915349227344,-0.08805557399314125,-0.006883969212409908,-0.000587759361406495,0.022984300490107256,0.05027273507850179,-0.05545230344007091,-0.04229669394539876,-0.026930223676800223,0.0034596798077071843,-0.02226367483310847,-0.026046783778968956,-0.001933070535978136,1
0.1393637555812291,0.35063067340826476,-0.20430341607945526,-0.03655032377267633,-0.04901593434255809,0.009698174293799766,0.006994784367784639,0.04315038229731528,0.016161064457688078,-0.06284055462196314,-0.03618063188391969,-0.026102930201257254,0.012153131593927667,-0.01879498236664436,-0.03673798957685662,-0.002997609563581902,1
0.1467374792236768,0.3518732667279304,-0.1589596012736654,-0.038684782947855836,-0.09322582007025275,0.0010498340955312029,0.004812267922880488,0.03303025022999779,-0.024853415812239682,-0.07192455970048081,-0.02864756025090893,-0.018079295997151464,0.004886579905985909,-0.009809655016178961,-0.04475291074774616,0.00811111210335941,1
0.155141472536674,0.3409692531422951,-0.17965255008321243,-0.03219610032302344,-0.06967828688894084,0.012155808049078565,0.006151123074544864,0.04195495813116981,-0.0007310698068194937,-0.0507324482090946,-0.030599387782026647,-0.025763531721466223,0.014558656307403633,-0.01147415163280777,-0.03584203853622059,0.0039060809386368203,1
0.12354779548676663,0.3661884938874762,-0.20571409175382907,-0.07183934434137988,-0.0687001001171024,0.002765843706946251,0.004320330453653244,0.035655249736144104,0.005439208566582021,-0.07253107168540528,-0.040138621932683416,-0.028979771199223143,0.010771283615928577,-0.02113199912508555,-0.03819887007419574,-0.002312617878437765,1
0.10691459088289577,0.37986193597478135,-0.24267129735765092,-0.06708433581033131,-0.05899887119775084,-0.004281104868388002,0.0031989085922520667,0.03465950258863495,0.030429051672085212,-0.07294668409310807,-0.04604765993988101,-0.027909744453840268,0.009804393650558223,-0.02951313257187966,-0.03504965077677339,-0.015359113986452354,1
-0.19689377778342368,-0.18965315476865371,0.07273834833413236,-0.08274077845377002,0.12270606370458347,0.06745118544960713,-0.013941136973624833,0.06265177195428305,0.0018323653261632206,0.02512818144518591,-0.009432202110578452,0.008884234861626754,-0.0009540754772079464,0.00904725421532228,0.015096451556524098,-0.023612138696799824,0
-0.22031797151665594,-0.18373603848146342,-0.012463364154687375,-0.07875271012329428,0.14033478410821865,0.04619687991973802,-0.03325590449446,0.03518761901316191,-0.025742739567030975,0.05584844611118689,-0.012808281881218346,0.026336881770650494,0.001290293102885747,0.025536356676946485,0.018236965303078622,-0.038830066505516805,0
-0.1723444401961073,-0.21124826008634234,0.017597990424096734,-0.1579046041640966,0.13003045761529433,0.05741860156122068,-0.01363729414973835,0.03744221450133453,-0.012158543216315508,0.02814584391990619,-0.012770343802069095,0.025818911977156935,-0.005551705642731998,0.02483998785599027,0.01308742785235885,-0.04074700137380089,0
-0.14413199713929134,-0.21018793857437632,0.028616361554197674,-0.11786750285372215,0.13692313104169715,0.06983598521791372,-0.01213673313043276,0.03944470524388539,-0.009481021844241384,0.033008530793044014,-0.018389223054646252,0.024079971084068303,-0.00474017948088485,0.023453668104402147,0.01581841460071737,-0.03702925438190886,0
-0.0925579520671576,-0.2366854547479787,0.06284556084542978,-0.13073812621496944,0.13722027652424362,0.08775569734007556,-0.003915742517885576,0.03976626401927978,0.00017971056607633427,0.029636734736500046,-0.02829614067858938,0.012510625307549724,-0.0004159142131096334,0.008418972736366874,0.01564429045775942,-0.03078326569524561,0
-0.10300032157371539,-0.22396268769868172,0.044358942222677895,-0.1418356578409788,0.10963033928934741,0.07169502025828696,-0.0019060910323841433,0.03384077394664748,-0.004880160676969021,0.02013054490761089,-0.020819890303624175,0.023082603963314897,-0.008007619112382696,0.017281677948217816,0.015732304672366134,-0.03358060665061297,0
-0.08341609197714626,-0.23373059254236475,0.0680033136853104,-0.12746635610260673,0.1087584905465295,0.08103747542658972,-0.002361493972106643,0.03361882411336057,-0.0008059492396012735,0.03443003313631529,-0.030225673177988847,0.01760031112993637,1.8766011091364111e-06,0.007380111483936888,0.017998213586652566,-0.030170107971822933,0
-0.07834767834413287,-0.23654357225236294,0.029563180077956098,-0.15064458997959468,0.15304051835647442,0.08265913443543385,0.003188587124918929,0.030072029574419883,-0.004994743942124819,0.010100687993024854,-0.021413714891688553,0.018798182784625254,-0.009982194247101065,0.01950265861855732,0.01124400223404166,-0.03737506086847136,0
-0.06729628572331851,-0.2498480403440202,0.03434023347555438,-0.14539894773276352,0.11434482255755431,0.08074804913230653,0.001863216404789861,0.025430727101099736,-0.008839984975350912,0.010970080269246608,-0.02172319340746535,0.016238660121258994,-0.010051923870305414,0.013807035544338672,0.013640216401365852,-0.03385075890906305,0
-0.07022022522283747,-0.24717070944702063,0.004376475580353312,-0.187939912937779,0.15483696939322492,0.0784909818055781,0.008187150906110437,0.019266458267781634,-0.011258207843516053,0.0019770865806522054,-0.017563410492441485,0.02340618711415355,-0.015083502463019238,0.02675261812431752,0.007080738352542045,-0.042489522475598694,0
-0.06504234088186943,-0.24749808629694234,0.0198123884785752,-0.1300162847803074,0.08755683471843007,0.07597046834674057,0.00041326045334761844,0.015191236713352499,-0.015871756785473,0.016112641045812753,-0.020725451532431563,0.022341700110559824,-0.011894598030950238,0.0196328007595193,0.016210636966495027,-0.038101410620748746,0
-0.07382244332278139,-0.22221293246213505,0.015018353114820391,-0.08228789591014098,0.11356078401752247,0.07794782094231144,-0.0030210891451640225,0.020066399542899075,-0.011811791230481802,0.019060518937186532,-0.02088336593237222,0.025447403180720495,-0.01318203643870343,0.026315387004424096,0.018547187482560804,-0.04162105507212659,0
-0.18705466886858052,-0.12307072676330723,0.09926036485756505,-0.20462781407467132,0.11201103835469724,0.05253144075976608,0.0033731460955160313,0.0025781533984921235,0.012238421286336508,0.048441053609483,-0.018679688206539532,0.042836700217546334,0.01713375995586151,0.023366306558432467,0.00690845908658201,-0.017338449808055368,1
-0.2144202596001773,-0.07416910581297301,0.07680407278996809,-0.14720427702961206,0.12271929965986647,0.03383503692032362,0.011822631090694579,0.004757045928651777,0.014844694052994023,0.025587034528601213,-0.010817498322845802,0.0466158847394109,0.010272431720107347,0.025374198279967994,0.008037114467028993,-0.023661376197896534,1
-0.223306379153723,-0.06966853215341455,0.08692208299964856,-0.1896127860790317,0.11595965707106652,0.03348603021585066,0.013790801475961,-0.007345528134670535,0.01767705488780832,0.010794628067536966,-0.003972146834197981,0.04272766357894811,0.010674832047775386,0.02358498918232164,0.006456290466128783,-0.023184604435992667,1
-0.23169011483509447,-0.04848976660345365,0.08875149218528988,-0.18800745676119274,0.14541712460475684,0.03426329179987855,0.01850697183739949,-0.009548514856958904,0.023089647135099346,0.0013924592242568325,-0.0011761661798569568,0.04195178485125602,0.012473055759656128,0.022563817096248495,0.007102968454918624,-0.02060298847479941,1
-0.24346570274011967,-0.003690920233403434,0.11476795811460268,-0.14575017186716788,0.1351047130418863,0.03512550739487677,0.027122599826663513,-0.019628497788403237,0.02948320340093991,-0.010858492192302022,0.0019374388343223858,0.03895208632322383,0.01443331219986325,0.016105115356548003,0.009020267355449476,-0.008432448735538643,1
-0.2425276465301065,0.019124957232828137,0.13306195238922863,-0.16158105458744015,0.11533819871668533,0.04019708220508441,0.029213860574592156,-0.03976726031066016,0.029730145792445976,-0.018682033865766074,0.0035523163461901185,0.0389673583235487,0.01533090072929407,0.015842116598356593,0.009994460364220959,-0.01157637860582822,1
-0.2201301414781487,-0.00285460818722525,0.16063859309836778,-0.2667815988690437,0.1524658086867435,0.06892752377993147,0.017071179410542925,-0.06116623125795422,0.03240544973795833,-0.02238619719272661,0.0062338933166229335,0.02908025863518983,0.022950508456468982,0.016918442891522157,0.006242593219976819,-0.004861107117566926,1
-0.24020634844323976,0.018183954077010473,0.16869043042811735,-0.186229205087302,0.12316935044642385,0.06032554867216524,0.024224010465553513,-0.054928889862758956,0.03469862181759755,-0.011965485350347384,0.0011642694789984365,0.03305842884717832,0.022860717365452643,0.014257163320871277,0.006535310907517336,-0.005394437835860588,1
-0.2377811930063374,0.03421549269299035,0.19187575218044334,-0.1647488965040126,0.12866784557452662,0.0705604179780357,0.024538390028300185,-0.05956674633970064,0.04179227716206229,-0.01679659181931878,-0.001084409276858668,0.027777358746592967,0.024419748869869203,0.012815955888100979,0.0030438494159253314,-0.0013776549421658062,1
-0.2464277032604148,0.04669935982392613,0.1885410516127667,-0.21380255340596369,0.11100286509284218,0.06681800783858462,0.023109379953874725,-0.08167145649944352,0.03376328341746452,-0.03522274526701191,0.010723544133726337,0.022919675565883375,0.021458084238662387,0.010099744694236574,0.004565511956996798,0.0007852792992254827,1
-0.27477017057061887,0.04049264539565269,0.14211394617710696,-0.22561503825527102,0.08640951542459248,0.03587256893591826,0.029529101420178748,-0.07387756152696284,0.02545297358377106,-0.046544415486136824,0.02009810906450836,0.027707703753520115,0.013818430808983,0.010700625741176896,0.009617575714255651,-0.007360616449660049,1
-0.2856661264601807,0.07263124580249607,0.13347033304901051,-0.19936514536951977,0.10604685961039134,0.02968311449763203,0.03769242385121212,-0.07137619845582474,0.028098036579530337,-0.059167731530257096,0.021170749356583994,0.02979070751184521,0.01225675561015491,0.010688930721269668,0.011982082548167758,-0.005439503391468796,1
0.260629712191903,0.2166824352720453,-0.06619881131892862,0.09094438644962635,-0.04709122902006536,0.00962110815540306,0.012246152154627146,0.03434796301000269,-0.012324539636869088,0.0432753916507727,0.0008528106643735005,0.01778241624482133,0.02216947249213969,0.030581074177941925,0.0023892207360559055,-0.028455400358544478,0
0.22587936412047172,0.2306583594980716,-0.11386481200726906,0.13044437829023733,0.013303842539780989,0.036264864480649806,0.022573050251582405,0.05378120599961745,0.029277798164975576,0.02956640818814543,-0.004424440229597077,0.005920063316657558,0.025194594754927958,0.016601771057436703,0.008671006353185663,-0.02293362950153565,0
0.24220369011763995,0.18127790100916596,-0.0930596529405491,0.0642455836710987,0.05326967927151494,0.042576317806734446,0.027622810437967674,0.04393175583671734,0.022534120556700715,0.037820799839026135,-0.005634966931472096,0.004237345260752427,0.024031691919162813,0.02196679651280672,0.009418415872956202,-0.02186460380280914,0
0.22779171381489843,0.15325075760586865,-0.10014679989865057,0.06884759720399226,-0.02970752526332292,0.024353477117295127,0.027202759337115676,0.014718555412144552,0.0169155101286748,0.0416335872786279,-0.00853831509231842,0.014728010421145415,0.012075120169791315,0.03450549345982038,0.009693999958524213,-0.010294163814086868,0
0.2324739740593364,0.15405092967522244,-0.10573692827246595,0.045766828877400904,-0.02937126301235351,0.019956590017691296,0.028230130411801207,0.014935244309217877,0.009970742581351317,0.028233700422570108,-0.009997145059510422,0.015548393087416703,0.005741802012697551,0.0350327261325329,0.0035072225545825777,-0.002885008274895385,0
0.2555582527144806,0.16308152032327322,-0.06009313605981029,0.04363101570188072,0.006714211303883951,0.013299783506632114,0.02135312428674176,0.026498658429958907,-0.009412637260895387,0.032084148271488394,-0.005028810279115604,0.0246924967826194,0.012662252607566775,0.02547790961348577,0.0009701737545610268,-0.012451917049759927,0
0.24497212883591513,0.16517244381903168,-0.061258735184983905,0.076581287158055,-0.002132420023244559,0.011908971578816648,0.022031210149852373,0.02783605363402536,-0.0024566309849154266,0.0316996769968977,-0.0057307192278200966,0.030334479343304157,0.00981060911955115,0.027805165576317598,0.0021548461585074435,-0.015444732414195186,0
0.23630795059772797,0.1798331341080117,-0.04163462739652817,0.12118019340517469,-0.02885634629631912,-0.0017389884922790466,0.015795449005232214,0.027861425536398515,-0.009107611842920768,0.03016227688969451,-0.00634202242387981,0.047046218071879566,0.005447598908412098,0.031003638971147496,-0.002124008901450739,-0.023881833329805157,0
0.25137178115799186,0.1516029514125338,-0.02676661140854031,0.0672889542301053,-0.002711963207159613,-0.004607611766086277,0.016906530636433235,0.018186105531684673,-0.02011501658669883,0.02667661117194641,-0.008481216376989564,0.049943208356932535,0.003943686906299257,0.028845734600879785,-0.008824974070430142,-0.022963999821484914,0
0.2576269727510607,0.1409033925405472,-0.04711254425544471,0.05866004617425343,0.0304889918884247,0.00233513868314079,0.028033335866352933,0.021419494849484282,-0.012104284720086247,0.011721591500736097,-0.007945550839262969,0.04593140289606687,-0.0006066577616635942,0.029468818777605776,-0.012560209526410479,-0.022128640586059827,0
0.2814330014093022,0.14817169291247606,-0.006360986458657154,0.04442260901038262,0.060739603739975154,-0.003988739559372285,0.013671689853228383,0.02216664247749193,-0.024460309258497605,0.021431498460369108,-0.010154776585036305,0.04586789603216254,0.009401343306827492,0.01895602135129697,-0.01796902098371474,-0.02732942500012601,0
0.27500759857461843,0.16668744483675355,-0.01573264392280695,0.0993083650484292,0.05277428163598925,-0.005306407558396678,0.014208800304755638,0.03360799858551816,-0.016439952445366553,0.014995722485005573,-0.008239432565431902,0.048685620119765745,0.005416224518092529,0.021857884785353908,-0.01606672123082094,-0.023653567451900143,0
0.34731796202135157,0.24839330255654066,0.07811793644710492,-0.00038795359004054894,0.0650897891838449,-0.003852897069402297,-0.07939199814019993,0.010093867120974298,-0.05649937431587452,0.06551238209782703,0.009468718487089987,-0.0038131304486108677,0.043755313173143004,-0.009663954030845434,-0.02745105678000405,-0.02414080498299906,1
0.2375089213533338,0.3684804547786306,-0.0013182279718187478,-0.05236754874921878,0.0526896306235156,0.05840211893576332,-0.03698385693609959,0.043818683011357336,-0.07815060948869948,-0.007725978487006794,0.026729811841455915,-0.01571699740838743,0.037106031671476865,0.0010516183831365301,-0.03000862275428588,-0.044795221848367386,1
0.24512792979964584,0.3380585300379195,-0.006014087996269277,-0.07106992889620277,0.019945915887817654,0.04626861395034427,-0.036647400386044554,0.03299617429280879,-0.08443109889684479,-0.0014437710233083136,0.02357907626496298,-0.00932643743432041,0.030694473974882494,0.009223504997788285,-0.03403978810257598,-0.041383319221235275,1
0.2327640965152244,0.37840389888108367,0.00482047357251625,-0.013949372722447497,0.0021757176139026954,0.039681591083686005,-0.03919715025275725,0.03250071484485501,-0.08788479176651413,-0.012767508066334364,0.029792893132055735,-0.005364171332765937,0.025993910545180923,0.00649418607493748,-0.034087150491774985,-0.045841161103340425,1
0.15159069613349108,0.45052561722275347,0.02638810577782265,-0.07285088547163998,0.07167969107355976,0.06894574336336058,-0.0236382923783199,0.00591737395298173,-0.09518504825933016,-0.08059528611676006,0.03347531577011021,-0.007247652287368619,0.01730867174634009,0.000482610860818703,-0.04117915216555484,-0.043558370169161406,1
0.1705609859665838,0.41850785964377496,0.035632373422298295,0.0005665650995360791,0.034578354228482454,0.041250633800939164,-0.029977208515155538,0.00893654694404045,-0.09168708945305298,-0.06845244819181273,0.02820772121062896,0.013180529325136112,0.006057973215730553,0.005671241687647089,-0.047588780153846245,-0.039352563522586946,1
0.22083164915284403,0.40234921723860967,0.0762111705779656,-0.0423049228809375,0.029435057153350756,0.04465092275306281,-0.07321978145267458,-0.004381567557655911,-0.10041571537686914,-0.01462041602164267,0.04273546769600813,-0.0053486727610325266,0.013666778078135497,0.006368099624548783,-0.03856590847668348,-0.03897295443490289,1
0.18557324598346095,0.39934457824601655,0.03588142153341765,-0.06840580127652032,0.08102941550367856,0.055614233933398934,-0.03684465943079751,0.009275395419680846,-0.09539194010930047,-0.07134303036066074,0.029435964230103445,0.010100162671724687,0.009326657182475316,0.00611938111116368,-0.05342585429499533,-0.037800519101514087,1
0.19377007838868768,0.40858527869889444,0.07651001361413882,-0.06641638993287081,0.016717289208401747,0.04459755528319414,-0.06628775355749672,-0.019990295621844338,-0.11063488119192313,-0.03626794731964817,0.044312757399423024,0.0004556578299531437,0.00440737117756607,0.007827281583868775,-0.04431741563880186,-0.03421067324921686,1
0.19380741863858525,0.38040942848794024,0.10030012060233438,-0.008932425801824491,0.012563061346297286,0.022614239032014077,-0.0726034188319734,-0.028441983088904072,-0.09967662315637871,-0.036809140098366666,0.029342956144074398,0.026563289374238876,-0.008242123421580802,0.017850377347791057,-0.057934384601245836,-0.02993054210103412,1
0.18902105399816124,0.41716959330589154,0.10564620082178347,-0.09164972339885044,0.07223220465433709,0.05158676925042976,-0.07677975972620874,-0.036729519178296796,-0.1095076613020153,-0.05714755369167323,0.04426707541079113,0.0074645297373566715,-0.004072806306351805,0.011847671711765697,-0.05799451934893611,-0.029021643406111068,1
0.16304334571793294,0.4146570541819749,0.08277949506126334,-0.014592579197477038,0.05100127855573642,0.03638827870802208,-0.047130530994931384,-0.023590508220717156,-0.10046769868595667,-0.07801027300142437,0.027896836628546362,0.030135532597206756,-0.011465828625981783,0.017218865941488373,-0.06425668873331047,-0.03600966171042922,1
-0.15220267744668728,-0.12800230870409432,0.1126702067942035,-0.17887119836493,0.0655200704481507,0.05614545733991441,0.00871966260039224,0.020511865416260818,0.0255246685225447,0.009312708125772942,-0.0006200524606390947,0.01690012594216262,-0.0018964542296747685,0.0038843981742547554,0.03699563411578478,-0.004092196103018064,0
-0.1674689811747097,-0.11599489877241374,0.13012893902688755,-0.2041523357887234,0.09316482652185117,0.06412425244820315,0.010292877503142756,0.011985797709245637,0.03301258050688102,0.0006463089785646689,0.002184068622937766,0.014573941582023806,0.0036516928954224404,0.0058159116376312325,0.030256625385757175,-0.010227516760625548,0
-0.14372806192610676,-0.0802445167770419,0.12657395800224974,-0.10356239408566854,0.09821511949629537,0.06237295411525745,0.014970239056618992,0.02872075221764337,0.042253572625768725,-0.0053089225216051234,-0.0010997628256680656,0.013267241602390515,-0.003313266057689106,0.006527663197806804,0.0399666852379708,-0.006036894176029444,0
-0.14874277980026687,-0.08068203939072818,0.0916432950070627,-0.16628070399162276,0.10496836083732498,0.051039433419125604,0.01991946435915231,0.02039890736272907,0.03468452977010238,-0.025707840565194918,0.009746040620812283,0.014249788137900881,-0.009362877862610728,0.01130327088690363,0.041384558409054265,-0.013384762637334754,0
-0.14158187804886327,-0.08342064503392635,0.12271533583334401,-0.14519217005815754,0.091383564872712,0.06090568952009856,0.014900532522351038,0.023002920582794118,0.043395756861466114,-0.025044236980828947,0.009516283036988782,0.005472388063676211,-0.007315091752339044,0.004762278301837397,0.04094958835207163,-0.0044435257251156405,0
-0.1487170816172309,-0.047438738499756314,0.14729346711955207,-0.07413164206742848,0.0860067726866768,0.06270915989991836,0.017277527818235314,0.023787327846728514,0.055123834353790306,-0.0265067445004444,0.007942075543896965,0.0014572596937437161,-0.0054766882541814775,0.0036937106252951744,0.0407563463820892,-0.0033942902829481062,0
-0.15726749223600447,-0.05767430994393313,0.14256105712572512,-0.10091301236086053,0.053299261360212076,0.0558587298631443,0.015369553422950257,0.015701338049300094,0.04764159755897183,-0.028287207677970883,0.013146040663642037,0.0015905020507183264,-0.00746329176811097,0.0021040306621268293,0.04116970243403802,-0.0036575216834796604,0
-0.16440392844661478,-0.04892019036994845,0.14667351556491734,-0.1381685197061561,0.031833727561486426,0.05397475902416522,0.015802122237142318,-0.0027274332089579838,0.04403444275939276,-0.031710925028717155,0.01889696902872686,0.0004440287299079478,-0.006558995244552399,0.002168926337672551,0.0420061533013058,-0.01067646144005574,0
-0.15759521358913117,-0.04221182309196104,0.17620099425198565,-0.1798972582389621,0.030709571716642,0.06547427901888841,0.007577283963715557,-0.027103638170433656,0.044445708683796666,-0.02448490248053737,0.020609916140720125,-0.005253872356553297,0.0014031961536395215,-0.0017609909850503124,0.04328194056410476,0.0018912757220804256,0
-0.15586702356986257,-0.06403889469570911,0.1745936428755485,-0.17122566549721188,0.004037365425261155,0.06159958880434858,0.0038603234828038994,-0.01775773634061898,0.045194318491317095,-0.02482949750645104,0.023046072155053658,-0.00925293582323394,-0.0031504529195539683,-0.0047666007428213055,0.04325250960265303,0.0033945834365020104,0
-0.1654312366882507,-0.04599439361257305,0.17802876346815014,-0.11907188130036983,0.013885617396548089,0.059746361259989486,0.008017462177822279,-0.009217630162620932,0.05181149143675655,-0.03321207703193718,0.021935915094354674,-0.010396019334417571,-0.004077098218245769,-0.004195874237381299,0.04116176596301819,0.007513136491518769,0
-0.16283299227146775,-0.04618257116641485,0.17731044014474312,-0.1692142974130377,0.018941014398769974,0.0634347652781909,0.006731009203224558,-0.022406011635985098,0.047859166080565715,-0.03551541318950984,0.02630719899392459,-0.012253000031699058,-0.002119207633759388,-0.004651214501710945,0.042531727894051234,0.005856950981108992,0
-0.23669222140184898,-0.0592214112001125,0.2972437145425336,-0.1867792995353207,0.10282758553570581,0.11978106162811561,-0.017393718134309386,-0.06937437153482495,0.07005971823516494,0.063014497765651,-0.0295243013615747,-0.0023317482063654553,0.05154039797646089,0.003441312300557422,-0.00571027334211662,0.0077192017346814626,1
-0.32127679954215393,-0.048548342232355816,0.20259989533949593,-0.25347630431475243,0.13663391306689257,0.07328712594066306,0.015588653220137732,-0.05624577683525571,0.041672899963253386,0.00637262569036193,0.014441098500223392,0.005575418985326125,0.03951236366285075,0.0021104322823438278,-0.007516504823714383,0.0015359280087308429,1
-0.34557664801119975,-0.007737497047333475,0.1810074071569096,-0.21249434604917608,0.1297326208495496,0.051363371021430765,0.028391002228113575,-0.05590296380713023,0.03801002335959328,-0.013163871115470707,0.021565488985148977,0.011054286622641267,0.03265926381541859,0.002015346067371137,-0.004708235585195229,-0.0005641092470314388,1
-0.36263637461651177,0.028827442492121883,0.1325000824462531,-0.1791339590486936,0.13950388387264967,0.019325531763249814,0.038810392988918675,-0.04483936600333478,0.032648682734017144,-0.03089406346657343,0.027416027738091108,0.018846398111928925,0.02380100559779766,0.003803395235224506,0.0034050754252085043,-0.0031247779733204304,1
-0.38358536096316626,0.08039835869157007,0.10942675027825367,-0.1971861231725937,0.13309046389170334,0.0012254054765830566,0.046492810161427686,-0.06392660119508727,0.02834769755834599,-0.04092463060174891,0.02718103685037647,0.030378209321781684,0.020369499953874978,0.00966916160175863,0.014323276590744154,-0.0075158783100108695,1
-0.3880283339683622,0.08808385433655483,0.10765613516962198,-0.1981083196021756,0.1265795607315187,-0.0022907147904577506,0.04709325293890525,-0.06728024823814477,0.026382966196278303,-0.042846065254289696,0.02747692980289665,0.03180184614536177,0.020026164708876703,0.009837302542612296,0.016084943005289516,-0.001287577224627736,1
-0.3825462593658051,0.05300930342425636,0.1172794296908697,-0.17107651735164722,0.10621592191728389,-0.00036161279674366663,0.0429599851771593,-0.05403691779657278,0.026241537650683825,-0.03239294118745848,0.028804084687995644,0.023392112312493107,0.020355787317200422,0.003812164840878277,0.0098787065422863,-0.0013220565809740443,1
-0.3766163546790789,0.12945399449339257,0.15741036849195156,-0.15184307704364114,0.14167417412459543,0.027949048261317232,0.0557431110867941,-0.07471878436829824,0.03631676309564956,-0.053738360372111285,0.02558441308029239,0.029691624323285985,0.02077460260647551,0.00877482559203254,0.011289046280551636,0.005948923350001817,1
-0.3982013244635638,0.08457206971262575,0.1437324962742223,-0.15925379224556716,0.12027717794219539,0.01117691509034948,0.04968001556095567,-0.06515729223173329,0.030673699323480894,-0.03393252731017983,0.02815125904603261,0.026556706700207638,0.02429117442252388,0.005724531807398961,0.008398888495589634,0.004870644180207079,1
-0.4095438902563688,0.12758300413173984,0.14724767639313754,-0.22244911121561398,0.16251860280459338,0.02360442088625026,0.05187124937566826,-0.0866266275319224,0.03478382359989914,-0.05797883249866411,0.031287766305912366,0.03075592727861689,0.021957020110040377,0.01199117983065606,0.011589858316648069,0.0010439278060216982,1
-0.4178761202939891,0.1650179683682024,0.15595674275752722,-0.17923681754691184,0.1582434388266746,0.025322409813505746,0.0585340798131881,-0.08508737325126323,0.03541446252624259,-0.05898452461813689,0.028375325275022442,0.03792399048955268,0.020046256214575318,0.01552267866310713,0.012413817519874953,0.0032491023324465493,1
-0.41843727930467334,0.15580710732243727,0.16410522578851197,-0.17304330416145444,0.14960689669385369,0.026751990141450778,0.057678527547881504,-0.08579071207475543,0.034931211696103005,-0.05492891750612786,0.028270005452991357,0.03571025673779967,0.02144481323894081,0.012636403756346669,0.010556938811103478,0.00969278613810148,1
0.282679050587635,0.024823928393581655,-0.017999741030096817,-0.00024563106637973424,0.06132335636001104,0.01409471103921995,0.03688561609167777,-0.00123749981742326,0.018353592874590534,0.06458771029425671,-0.0010378052283338919,-0.0003740342589287312,0.021758923944288553,-0.0040979289727211534,0.032397817394805316,0.013064479420309236,0
0.27072864864490176,0.047166987353212717,-0.057534112696903485,-0.0013839956451419232,0.09746225373397259,0.03331539280060635,0.044229687063865465,0.013825925049650129,0.024631348683967092,0.0305206100690516,-0.0016080921218787339,0.0019516266789120983,0.006824613731469599,0.011421280797940853,0.019582086169182625,0.011323302939591915,0
0.2775613255360635,0.04054415320164218,-0.043797522445933025,0.02626041253450954,0.10512082440527204,0.026370015657003625,0.047240327634943284,0.010305640411636077,0.026424860182851007,0.02828634236695683,-0.001971486205534134,0.009803185975646056,0.006189399735156426,0.012862660912343428,0.012895787402909682,-0.00674564127145496,0
0.257167597700145,0.05544215020937323,-0.0476705375672718,0.01702412269761118,0.03936026504208627,0.011267056018821258,0.03932936355716129,0.007363732234963741,0.009232588231228066,0.018673177540002365,-0.005416636965273545,0.02903442523068928,-0.0061932360929754585,0.022826153550095766,0.008524305402181694,0.0026191716138939053,0
0.2704819312167961,0.06995435785391496,-0.02044970320110631,0.0497712087574862,0.07083723533294495,0.005692153881338326,0.03363223102271776,0.018395505470752496,0.011234998357592852,0.02203000270121019,-0.0075754742383708955,0.03222359831262933,0.0002883137479794793,0.01494276388910324,0.006203322105923811,-0.006459576255641321,0
0.2649417263827425,0.07971283642143003,-0.037604744036443614,0.05227596454750296,0.07535358048207308,0.011485957240712412,0.03595558084285613,0.02377515155248916,0.013130530334150969,0.011556486592138355,-0.0064174731549156575,0.03209431790628905,-0.004750196642276719,0.018909787954808143,0.0046858397779213495,-0.0025738846474717115,0
0.2775300598077419,0.06990739884280721,0.00017753843211980707,0.041731994214784164,0.11620269727167722,0.00423182695963968,0.031490507740791304,0.025602564384979407,0.010280158450306288,0.013898593088890578,-0.014341651833945528,0.03645283359183141,0.0008372740373335995,0.007536899630258981,-0.0025304096853195185,-0.009241376331425348,0
0.2659902726746217,0.08123240082990325,-0.01749240648904622,0.04746059576795077,0.10166073030373021,0.008570577306589309,0.03386262591431431,0.028069855329130217,0.00941791799752935,0.006382178082939536,-0.012124021538233656,0.040635793801123345,-0.004745221503945332,0.016216865170221414,-0.0037447480962951606,-0.011224827873829923,0
0.27284627739328887,0.09631322303229974,-0.009525640731547174,0.06043821444515974,0.0990227525135151,0.004234502580231825,0.028408069969114318,0.03223779010481592,0.0068377299963761915,0.007530486750211833,-0.012514332289902778,0.04207556077031201,-0.002915933369143675,0.015248380598087278,-0.005263947138366883,-0.012259811295438723,0
0.26758950297055145,0.09786401016319203,-0.005503926506398453,0.023714910103448564,0.11798072652713741,0.009246944931181457,0.02772196405818394,0.032925697380315845,0.00017220821231428923,0.0003924483672050022,-0.016326744623161357,0.04578758782433991,-0.0039458735139423365,0.01500277639793789,-0.011871204805907613,-0.015495716048335936,0
0.2842482963022287,0.09155706282137736,0.00616103906211837,0.04125434215725828,0.12826068871353358,-0.0003081550891469869,0.026152867610075136,0.031011930272770914,0.001345039259461012,0.00031952776546229414,-0.016935074765787733,0.044483403613758396,-0.0023383909036012326,0.009034528522054382,-0.013683989248219496,-0.012402034839041827,0
0.29458099020831285,0.07920060663156765,0.005590832614207819,0.007880212702390572,0.14458814720931865,0.00027842562420294964,0.030990187900360216,0.025731121468256433,-0.0019897307747930885,-0.003147481531234289,-0.017032017541668762,0.04133845561974715,-0.0014510701358787525,0.006684491409815449,-0.01769509416359709,-0.016769614147078383,0
0.30558830776930584,0.1480702545098261,0.06376769481744035,-0.043842107457678144,0.10663911419339041,0.01062085739868029,-0.03295731719865788,0.016954729834313592,-0.0197421785547245,0.05650131935059517,-0.007377903859112927,-0.0011631781869340118,0.03787997253480707,-0.018520536686642435,-0.007352277727969194,0.0015751326369860632,1
0.2787115627817496,0.2387845123851628,0.03400413956472528,-0.10518002172879293,0.07300611304786062,0.031238688497529334,-0.04654404460019803,0.021068933842471212,-0.07009629403325382,0.004363579367034376,0.012822683976653893,0.003661934806009965,0.02094941259618151,0.004298055571463471,-0.03128684144309289,-0.007627570243346459,1
0.24392400515528312,0.2870682372400623,0.0946280512350918,-0.12303112855922593,0.08407375873277938,0.04351521408010521,-0.08514570891640032,-0.007720845284606207,-0.08115398795117121,-0.004846167471709541,0.022214721956705732,0.003049260081905799,0.01651068125566715,-0.0007467563686631465,-0.04014600542787767,-0.0007861896288651356,1
0.22924015179751317,0.2871073299851044,0.10496329044808941,-0.11535756232689959,0.04501390412220742,0.03710739052296599,-0.09148638471531874,-0.019370285212142596,-0.08446971541178329,0.004224189308609909,0.025547894984715155,0.0026381872580686838,0.013759955658013955,-0.002422355414433928,-0.0343776926531237,0.007913173770400695,1
0.2303294448561538,0.29323947896418284,0.11267817350528948,-0.1137910281904502,0.05530563873547169,0.045565875291618374,-0.09807119465640006,-0.015088896120917218,-0.07641285217083,0.023548493514531265,0.026810947537411468,-0.010093431950503773,0.024313994049226652,-0.010559955486836553,-0.023991066189689395,0.010921596157787775,1
0.1955772419482594,0.36746910598615,0.15514007033093805,-0.10362490658253083,0.07466631148684229,0.053204073653315226,-0.11444272478029179,-0.046795962336178554,-0.08112873744518526,-0.01416838504617301,0.040414556278498694,-0.012921605531727807,0.007401046211677032,-0.004096144785917426,-0.04360986130045553,0.0027204158213463983,1
0.18661925095355594,0.3404016586761952,0.1114314286703156,-0.10623958313075102,0.07126628936525704,0.055979549934462344,-0.08274797062098475,-0.021836066168705287,-0.08222222662161584,-0.02607402692971968,0.03202801687995503,-0.00314731812229404,0.009651266606570718,-0.003374817190427055,-0.040248770838072885,0.001351936453108273,1
0.221666425983392,0.373303749855388,0.1612667016887166,-0.09953939531290754,0.10071903256117698,0.049476776940379046,-0.12466255344301409,-0.044637714845611916,-0.07858769026328401,-0.014261483360448789,0.03861389049275789,-0.010100177212035393,0.006796726295644078,-0.0002779187894039968,-0.05076487861156594,-0.0029199065757018233,1
0.22031577484806372,0.34842114925375584,0.1307035800969792,-0.09976503594216561,0.08423249352617464,0.044665579722170806,-0.10371258559352238,-0.032118851011659434,-0.08709016168301262,-0.023215729346077074,0.03320811457561775,0.0029080787790108724,0.005405789025652227,0.0033768342464839656,-0.05210310774681985,-0.005214728722862411,1
0.2116193766810338,0.32716623121338845,0.13127307612199432,-0.11870977549260847,0.0859391766625312,0.04399356447951519,-0.09988043400383197,-0.03862605308476,-0.08851951449601453,-0.02721043105669352,0.027434035722639156,0.01226421961713244,0.003594246870079508,0.006168465865262147,-0.057151241432866734,-0.0021936324642938764,1
0.24355412181403494,0.2868549747409983,0.1136483459487504,-0.0726222168334494,0.052398581438378854,0.025166705059177792,-0.09412641323217044,-0.01901725170289555,-0.07865977518677963,0.007017415599542872,0.01747124269602212,0.015902143265831583,0.011401894945768994,0.0033048386676743304,-0.04380080816578232,-0.002883229460667171,1
0.23849758067281698,0.2863415708691209,0.10305325750143733,-0.11465458926313844,0.04141411763645109,0.02739881424517248,-0.09093244117497329,-0.026637550432460022,-0.0941847717744073,-0.0045950426768048705,0.023505719259180432,0.016588965223026674,0.007472293934103129,0.005970969711656768,-0.04691140103043807,-0.0017369111759488669,1
-0.24005901526687787,-0.19929298765058567,0.03037335142650741,0.10591655161897086,0.11119757380083005,0.07762841836383397,-0.054993846793490946,0.08250555653615174,-0.02647953744514065,0.024948317139689914,0.00485892271855901,-0.022938031446827004,-0.01338519610362545,0.014998314284617427,0.01684287180068378,-0.03828485633114974,0
-0.19934884163333141,-0.2165369711872524,0.09338113462280401,0.032253646530395655,0.05605175326786431,0.07911745515435575,-0.03253845252976145,0.08065038360034955,-0.00595984183658801,0.028855719023219015,-0.01177994345484854,-0.00811103548930303,-0.004652368447062747,0.007358381891633244,0.014371849392590421,-0.03419863556861142,0
-0.18079483085761697,-0.21216180123273645,0.0980815735251587,-0.05344062073820029,0.0370004610652376,0.06803958522029059,-0.018831877845884002,0.06176743494450095,0.0021367614599116748,0.032791877194648426,-0.013912361352603044,0.006780604862441016,-0.003082938570425445,0.005557693439938789,0.016448377516112837,-0.03419418321279255,0
-0.15479510732132615,-0.20664521246401177,0.11403595966650297,-0.08490301821953015,0.06587774553082273,0.07467636795774744,-0.011620462854249444,0.0572364172323577,0.014208910442207304,0.03415337988586865,-0.020693512298914852,0.010286474181725017,0.0005337190944925986,0.002120486843600879,0.01716951597342276,-0.02635120411969485,0
-0.1269808069252073,-0.24045026713581763,0.10020449465876609,-0.1654288179897469,0.045765406247988256,0.07068112359604563,-0.007989162995685863,0.04599667556457094,0.007695827975209294,0.022374061412094363,-0.016839361776996152,0.009565130145662683,-0.004108015230030662,-0.0037566951489127432,0.017717109832367243,-0.02101365669466299,0
-0.11330756732291243,-0.23408530590315668,0.0934827377436726,-0.148638602952019,0.04053238731761877,0.06956813607413909,-0.00689091103996189,0.04143578553202105,0.005306279902674804,0.02833382886179862,-0.02012277160800068,0.013639010328131664,-0.004141145931819101,-0.001367956596909399,0.02226009517282208,-0.023574407900091746,0
-0.10487258259843138,-0.219742570651837,0.07579788979668135,-0.09415238901726146,0.04455039157170552,0.0705574674102129,-0.008020230024357243,0.04030390419826381,0.0019434272361416056,0.031093879897400582,-0.021792262968174752,0.017103776195774516,-0.00673094793212231,0.007207804789244562,0.026632634404193375,-0.032031427393479216,0
-0.0987849498053613,-0.223680440593486,0.07634602248173955,-0.07856939414070316,0.04876570572192119,0.07470035914959232,-0.009445782600193206,0.04150226065560191,0.002871243039452454,0.030115043629002233,-0.022988416352031263,0.014223790153629021,-0.006761815015749403,0.007360265741357635,0.02616726266158702,-0.035552850972453,0
-0.1073583724423758,-0.20726365395049512,0.035560636669151824,-0.0455804112874989,0.0679011902634584,0.07203228370190776,-0.012417284632410286,0.03451617103540026,-0.0073535119275863715,0.02962437247431238,-0.01908222900821129,0.02204865948009929,-0.012433880084288024,0.022320769570525173,0.02696237814258385,-0.042851106012117425,0
-0.11347448059821795,-0.20938986275332633,0.033493919400141264,-0.02773479203475501,0.06546868942275523,0.07240323644632529,-0.01692535689583626,0.03755459408761641,-0.009282922508417939,0.024612570822215244,-0.01631786165640777,0.01781303554063634,-0.014287767265183028,0.022167590535510293,0.025974705434783536,-0.03948820205357264,0
-0.1241155327802669,-0.22068921533447275,0.03252876357118766,-0.12952975786414983,0.03595474410496219,0.05469804524981866,-0.006742234100988016,0.03269063655592658,-0.008493843059891716,0.01369728608210605,-0.011108184854713241,0.02347045591358422,-0.017697679015281253,0.02044572837917546,0.02131762384508158,-0.03997424757640718,0
-0.1092058045898539,-0.21824533974603577,0.040408752413641974,-0.05693182879998713,0.03427983061510427,0.06584981092092114,-0.012853260781196365,0.038199914519599795,-0.006383802953399289,0.010726436790811361,-0.012196463803662022,0.01601753738843799,-0.01895527719195072,0.018690992623722567,0.025226071977026168,-0.03967729550324882,0
-0.385177776510688,-0.17937140566875898,-0.18981620166274996,-0.12994577014631997,0.23892718778299005,0.0008729535697587309,-0.0893940372816738,-0.020779893154111745,-0.046820473100948105,0.09024881840046693,-0.026454744270083746,5.5686623285863285e-05,0.036287019478667935,0.021616778794391316,-0.036276360042298235,-0.03235014364720989,1
-0.3830290701293421,-0.22677306520347598,-0.20499178343161928,-0.12037357435704396,0.18468858377121156,0.0130945176180156,-0.11754315197953964,-0.031166888050162076,-0.06143764119658079,0.11984543747987027,-0.028280022572938643,-0.0064443752046856925,0.044019212992513955,0.025995115356876704,-0.03628236037712529,-0.02200793740010041,1
-0.3924044458911317,-0.19161582601854016,-0.16603666851315224,-0.15256011383086965,0.22066154869283208,-0.003886965808039329,-0.08609040136027457,-0.011170539154361057,-0.04946866919611295,0.09307743224191488,-0.02314765134374207,-0.0027996701156188532,0.04071926570687469,0.01932332112382649,-0.0349404764584538,-0.03457753098092637,1
-0.4046276351507799,-0.07432556436339326,-0.10019507879204456,-0.1429679605285279,0.2583849333473085,-0.039353096307527966,-0.02374796837896239,0.0004391478306675558,-0.017959765979018025,0.051479504719484474,-0.01395995618814205,0.01804915642033634,0.032170732240118266,0.009629068165300987,-0.017078942866672345,-0.03376429949126805,1
-0.36174362780368224,-0.07483341366332841,-0.08691036687245142,-0.13966070803287525,0.2694478216287511,-0.027060261754239798,-0.019598785162840048,0.006143554329719228,-0.00847612705068493,0.035964628151016316,-0.0071425477062759075,0.026012633245089654,0.020224284790098412,0.018864267837553385,-0.014274187045164874,-0.04179183289413694,1
-0.3317893330685665,-0.0676947855089757,-0.0481411563730299,-0.16948294610494039,0.23149167095854672,-0.02316322272178763,-0.004866838710508097,0.0030402875408570857,-0.00042669372086021946,0.025464933163448826,-0.004168839226521586,0.038289598510352914,0.016056670665752743,0.023433432524618894,-0.007821315632150537,-0.042671919957877794,1
-0.33637885649704,-0.04151843771343656,-0.03287150084121772,-0.154857977651947,0.22002057863908686,-0.02611009763651694,0.003803082862329856,-0.0021868023780224027,0.002032036998149047,0.03181373139986087,-0.006852264972518719,0.04606293754655336,0.019506242791686775,0.021015006774055742,-0.0013557394796457924,-0.042327912295354486,1
-0.32145785627896845,-0.02110117503427937,-0.014000858764929087,-0.15011987915798417,0.20390739659966547,-0.0243866611213757,0.014577448672445,-0.004499257991834374,0.010092616216670496,0.008104298072824399,-0.0015200793077049346,0.047088415870885234,0.012287612064444333,0.020882724455145576,0.0019032460472384585,-0.04106643958939275,1
-0.31851130706123987,-0.0028529008870188436,0.004383977318247154,-0.1944407903068175,0.2008020742221067,-0.022322140645089833,0.02385259741249718,-0.01859373856453319,0.01557585384693233,-0.0075063548292793785,0.0018457603473932178,0.05081303780487296,0.014203713963465465,0.022434624797682736,0.004633429758535855,-0.0348886298628451,1
-0.31120329659064133,-0.01772442059234407,0.012041655133352787,-0.22193023098211911,0.1983512989528294,-0.014563873743893542,0.020953699719224346,-0.02173829901026463,0.013898955924800994,-9.194254056824566e-05,1.678171871713888e-05,0.05328039653708336,0.01748404358602677,0.024495097040055012,0.0038479459060555892,-0.03562863112675057,1
-0.34261690098621206,0.017162507710494122,-0.00793103900153614,-0.22477833368812128,0.2017662718740278,-0.0350794575896318,0.02835628770079972,-0.031633900855657635,0.014827476240728844,-0.011636229362608714,-0.00012968970361349082,0.05383398244202705,0.016732043075773934,0.023829269305675294,0.00497309323583209,-0.035611521089108554,1
-0.33290184601057204,0.01371513947528101,-0.0032037205431523753,-0.22550608440145317,0.1927984203275731,-0.03131869893745353,0.027574155636839206,-0.03259566807595582,0.013843994964596295,-0.009117538879875079,-0.001273671678187022,0.056135404870846756,0.016393337193292355,0.02397125032336417,0.006509319374322836,-0.035755827774159595,1
0.6838017832617542,-0.2733551628951889,-0.2550274955087877,0.07731423274509683,0.17638433193626363,0.030581723929988765,0.04902113561957284,-0.07403357206729828,0.0071495027971774025,-0.267558412017038,0.07897870257811422,0.10710943053049794,-0.15233996291395335,0.02656846894110899,0.017191987389403664,0.014826420119224026,0
0.7349822746920278,-0.26934607252619347,-0.05327473557058528,-0.03921686567266434,0.17911791426995602,-0.18470481232899819,0.04337685861265925,0.07760629457662574,0.09697993679553489,-0.24596456561019536,0.07436621112200684,0.041663936326247764,-0.10789104335018346,0.03909321325851907,0.017697480273531352,-0.04565187992867022,0
0.7434152811495672,-0.2195113957667812,-0.029854186711691627,0.04628508564789265,0.19458172692511586,-0.19848935689046487,0.03586906234333372,0.09145759355699598,0.12309804023059032,-0.2356897701282078,0.06217630515554871,0.024692903943046317,-0.11721674349561091,0.0357767019038852,0.041222354364485174,-0.028830986243759953,0
0.6063135548734137,-0.2718532701177927,-0.037067736998234894,0.08521415397633487,0.10272223574548185,-0.19367825855358708,0.08548543612945152,0.04016934200673273,0.05731064310053045,-0.2675250909907246,0.061707916122482234,0.0694398094791269,-0.09675481111829395,0.022373984580764346,-0.0051191844174375105,-0.051849771303532875,0
0.5651513624493073,-0.3330139969469942,0.01181227994785917,0.0011737828442777965,-0.01250649102036479,-0.27127479558812,0.11914675152828838,0.010829710342516287,0.00941127682999499,-0.23834358673502348,0.07043239910574971,0.061382746151359996,-0.059316668964495,0.016609550181434132,-0.04311233054685731,-0.11135658989265555,0
0.4222472775931231,-0.26152366224166573,-0.2613544823526867,0.029327996390728556,-0.058215383805384165,0.001840470598034436,0.1630778337181919,-0.17850509300172654,-0.09540168061848424,-0.218476801258596,0.05271532813864786,0.08769241895171573,-0.12295509873126045,0.042502164246301724,-0.0680304417232634,-0.015112553892028306,0
0.4060683240859579,-0.09522523200024492,0.030290639808316724,-0.06661114954884857,0.019452408909374483,-0.15233706706861805,0.08277393261082286,-0.0825189056998477,-0.06837108562956032,-0.05786539256726926,-0.0076870515736052435,0.10080045868941019,-0.03112243337723154,-0.0029365905521296955,-0.05867676931228141,-0.05496424263464022,0
0.4381174890599712,-0.016928405410899655,0.10089041830028324,0.006499538938873557,0.04410236191306529,-0.15601155255612478,0.01311975970146746,-0.08067071471687953,-0.03707267886737891,-0.004352444284143079,-0.03011151285498457,0.060508917056759794,-0.002177293313826633,-0.036973937719905293,-0.04602129926920609,-0.05496145742989584,0
0.41546829919322836,0.001045380260956086,0.08866750528648908,-0.040218397747633666,0.04067438352780923,-0.1253953142363439,0.005896449754213012,-0.07105590452089584,-0.046330895049947377,0.0086730520397687,-0.023286964786203432,0.05694807430396259,0.0005580688377296476,-0.03556084433110212,-0.03445350309401125,-0.03838370918363898,0
0.4001165132017093,0.02229306659254491,0.07746136055913844,-0.05938846548570451,0.07956662055893608,-0.09019193249053165,0.006526232301241144,-0.050652583854174454,-0.03794332475199984,0.02013916060867976,-0.021497276143136346,0.04046110591630296,0.010000258264004998,-0.036127554501112984,-0.026463896111442793,-0.03327173737429136,0
0.3993895195898631,0.04299804568992035,0.061634956026404376,-0.07680739388362545,0.13668707372460256,-0.05672634400040488,0.011145549407036178,-0.02522009906573469,-0.0253547614476874,0.026116009238083715,-0.017880048174457253,0.016146471044075822,0.020523741663564837,-0.04040262281919439,-0.017194422041866175,-0.02638598065368472,0
0.37539989802456725,0.045133742911420194,0.0609939003010733,-0.056338116305659464,0.11253601818555463,-0.04874306452232596,0.008293805170644958,-0.01900244717295099,-0.01814412295908975,0.033756955639829764,-0.015687364984529672,0.017164721634210865,0.020009564969195183,-0.034274899569239146,-0.00845252950166434,-0.02006521488505223,0
0.28422482631087803,0.0020850658971450836,0.02328967030003034,-0.04208524350510592,0.12372239488884157,-0.0018784610420808823,0.032763286538943816,0.0012038888471875779,0.015199708645351197,0.02058297846755836,-0.009854747902923086,0.008803974145968126,0.0105455959564602,-0.014949959583285105,-0.0032498588580797457,0.011538686585481815,1
0.29926993258120554,-0.009079946622355006,0.020175889037221846,-0.08504768757040095,0.1659578507065908,0.006634266765987283,0.042084589978157734,0.000451670963694893,0.017798141466504762,0.020126064690805846,-0.009559903046156048,-0.0037239661720682503,0.016127858221070022,-0.021148488822084373,-0.006703202319833882,0.004226896945272454,1
0.29145214632106886,-0.009973965504019524,0.014428525705797541,-0.09703776640987628,0.1646767307913407,0.009377646525908933,0.04372410601474636,0.0015738294036426854,0.013980709397944808,0.011795832001918758,-0.009654479164488255,0.001672119776877935,0.010816898854640154,-0.016138157962087583,-0.010215018937097625,0.005291141196146358,1
0.28703539297768016,-0.026429162301646866,0.004401432428482125,-0.10993471737032667,0.1513146940303592,0.008204574480913319,0.05041621089843574,-0.004942587917868051,0.010557894994924436,0.00605621477244376,-0.006497717732240447,0.0043789880202029854,0.00565350522738408,-0.011998534712014676,-0.012076703963181267,0.006581330278713434,1
0.2957279728412862,-0.017682503805670307,0.004492125584853715,-0.10255671696539376,0.16473070921013022,0.00985038369026051,0.0497550405723978,-0.001619840407805517,0.013863660194770805,0.009012283827266461,-0.005811866365608679,-0.0018987283770297706,0.009872942189581978,-0.015392080338899994,-0.010066692647815737,0.006989963675245157,1
0.2744886598687599,-0.000749209969846594,0.0008696864127661375,-0.10184338270569841,0.1463964165310451,0.020006817636580652,0.03977790523231498,0.007453435213257868,0.01412092964398604,0.016961942682989006,-0.006883424840546853,-0.001959367791113755,0.01014933607787457,-0.012120969902339452,-0.0007716085053542636,0.019230702883929765,1
0.27514038176076083,-0.0067886689528441815,-0.01070299504876087,-0.08277874420893341,0.1575342632665188,0.02652612473645238,0.0473624538083212,0.007329510619355553,0.023058024397705476,0.014282450621579507,-0.0043338168850961915,-0.005523855992405618,0.009396205137135231,-0.007277229484298875,-0.0016609020434939718,0.01144552721000657,1
0.29996555964076405,-0.022294548301269996,-0.00706870852289352,-0.08761173816715016,0.17002370363993233,0.01714186935205594,0.05662201674477423,-0.004491937540923638,0.02275726492240133,0.01428865435863052,-0.001321863741782651,-0.011271942723023697,0.01384578537512176,-0.012557374117214918,-0.007596582515721804,-0.00042967502452450447,1
0.2999221693904433,-0.020118986098169554,0.0005084476413700748,-0.07435618084429783,0.15269594018727484,0.013443720724346088,0.05225968392763799,-0.007735882276455059,0.02419160776705431,0.02660717381912592,-0.0015198745858831326,-0.012825938988175458,0.01903140789014489,-0.014478673169677813,-0.0027937868972158835,-0.0031274529158962483,1
0.2756360572672577,0.028975976046351198,0.01852530883594498,-0.08828096044510346,0.15779840319525434,0.03042113442254524,0.02601915295203991,0.018861060352371242,0.022668266983375682,0.04228717391257212,-0.010210728761308335,-0.013847740581750676,0.026155052507833787,-0.019223510611667622,0.009789678309902341,0.012961265921886525,1
0.2913910624240989,0.011249423329216255,-0.0027770728913733495,-0.10395934760722914,0.16579327517853248,0.02523941233468752,0.04288094338640537,0.00968972758726729,0.018841859890859937,0.022894160398882646,-0.004295073666876729,-0.013116927263352346,0.018419338073282738,-0.01272290152314446,-0.0010906978870696366,0.007436317135702795,1
0.29902994607926786,0.02159334069785862,0.024991633928127904,-0.11429547938152516,0.17002360005291225,0.025064287435294284,0.027867523701464468,0.011014330419888555,0.020491719778683536,0.050263606091047644,-0.007926411964093943,-0.025914581667512933,0.03472425877690931,-0.029728187234861623,0.010640912316791989,0.010630265526886557,1
-0.3028572642803767,-0.15350930225764878,0.04200973242365393,-0.12551816239919236,0.13397001249833543,0.028783038748153356,-0.011691830554261913,0.043621353608276896,-0.005138486963302968,0.0179393716003576,0.009483146063635999,0.006521644670179341,0.006594002528249208,0.011009983686204131,1.3044859733829015e-05,-0.05672891172048493,0
-0.3133183664548258,-0.14394003528266178,-0.025110176985109357,-0.1442662041191698,0.12769457534722042,0.0038290312958282895,-0.023384645860392544,0.018537119246723313,-0.022312947779393,0.046430968604438204,-0.005866886640955971,0.02510361211194552,0.010401495008363838,0.017410325013421806,0.006468065180244743,-0.06446763731523177,0
-0.2581439412590879,-0.15756145351551887,0.03622770785611608,-0.1334919353061825,0.09849405706032974,0.03232064816420577,-0.011029919736875367,0.032952996699880555,-0.008275795477277307,0.03152670543753086,-0.0020515643311020703,0.02137609867018158,0.003759029919177087,0.01831562195289154,0.009419130959646058,-0.0544901403825943,0
-0.23895656119720768,-0.16515946590651703,0.01132027755362933,-0.13333019460746548,0.08452592973025266,0.030868137253884896,-0.016244463784200098,0.02476980148424922,-0.016479460807182714,0.04464553792490924,-0.009482533265263242,0.029166120515989772,0.0017438119114549372,0.024202823599310978,0.014772347147781703,-0.05736393798999709,0
-0.23008203019706003,-0.16538804451095349,-0.015441611160491772,-0.12446955071061828,0.08302249389752084,0.027957994229395558,-0.02114527323331432,0.01685080772625676,-0.021894869245507084,0.05211401927343075,-0.013664214729518738,0.034064686791040175,-0.0009396205029524853,0.029864591296891643,0.01793043481247203,-0.06063329715731176,0
-0.22802981429739433,-0.16145977402884168,-0.005152380233267836,-0.1431170101126588,0.07747487874476228,0.026426313432761982,-0.015385625482267571,0.01490747285669028,-0.01948293322275297,0.051667967349488114,-0.01443543704141311,0.037738090598123816,0.000857501265644149,0.029257062669278536,0.018719982607055242,-0.060589099895394724,0
-0.19552959415766857,-0.1914317870688672,-0.01651689404638724,-0.15910781393003146,0.08084187276904613,0.040791060427307464,-0.017617271110902055,0.014593859094985165,-0.021497357861171358,0.04333439104496129,-0.014944267167742862,0.033691940184713595,-0.00531356111894295,0.034492612608278586,0.017345037180266327,-0.06392982064645476,0
-0.20990700827813463,-0.17302982559037144,-0.03341765534156442,-0.14626430203498114,0.08286953184952396,0.02829779302844284,-0.01862620982082648,0.010766138567022389,-0.020791228822803178,0.03799660178092453,-0.013378716314556898,0.03624583929152711,-0.0085152582374874,0.03661631598708562,0.01744509123696006,-0.06617207000464295,0
-0.20403424787540594,-0.1927123138586268,-0.06027664948856058,-0.14409079290900303,0.07060142225357809,0.030751641708546752,-0.028296617198144112,0.0008761119796670315,-0.028754938627700437,0.04334061574425858,-0.016334898448963454,0.03627417985857944,-0.01175461364559342,0.043012681200917155,0.015304042909438393,-0.07212529581833799,0
-0.19754916874188283,-0.2056707181107785,-0.06702065008020493,-0.16516522508655532,0.051995743583723775,0.028930208220128307,-0.028340144645301775,-0.004403555316214894,-0.03225815040098552,0.044277088158723554,-0.018048310947007054,0.03718260453755476,-0.012914167923344627,0.04424019180930931,0.01458359897962439,-0.06895188226467079,0
-0.1993200386730854,-0.20156236730015079,-0.06983515387883635,-0.10365075571123739,0.040159789021582876,0.032858339389552495,-0.03763762392813437,-0.0011701621780915294,-0.03337600916777834,0.03684897171650329,-0.01286063777465262,0.02912727688158182,-0.01864712829542933,0.043035200966348185,0.017180174874128904,-0.0689885107664159,0
-0.22274004498908181,-0.16433844080693377,-0.05571884905073784,-0.12562470407032186,0.09617029345265898,0.022546377105206634,-0.02487436489651406,0.008696277086024032,-0.02130818552177576,0.03662353580010637,-0.012011541754647257,0.034042834037226244,-0.011467298481388595,0.03755098315601417,0.017602772180203525,-0.06783007043193735,0
-0.28471597813012206,-0.05313603843347977,0.08306776839750717,-0.1796989252673697,0.1468222247312282,0.030635645918636455,0.014844602616119945,-0.010796782112317183,0.013633436093174259,0.041147025260938684,-0.006421736099990876,0.045015356639984926,0.02642704548454637,0.02095088576419489,0.0064655657627504005,-0.041264716732387234,1
-0.3479824654549285,0.001885327924629429,0.015149151839543313,-0.1969518126622092,0.1378206044200006,-0.026429819544437363,0.024870696172424628,-0.030350977197628845,0.008870212087145736,0.004307657526663958,0.0014206803762409125,0.04694157215731377,0.01675960883686599,0.017760992647784243,0.008377335845837029,-0.04709938432202239,1
-0.3623907762586313,0.043981360112441956,-0.008266297524838267,-0.22488802578066674,0.13122486099278324,-0.04700483957324413,0.034259356042766906,-0.047263559083075765,0.01016272992621811,-0.018310242458970418,-0.0004886644687408457,0.05000352255385283,0.011801448959814515,0.021634979489527997,0.01314965892580841,-0.038607191396720246,1
-0.37544482019457426,0.06908892441724072,0.015569817827847098,-0.23333513462917238,0.15165416908639154,-0.037969632864559844,0.040607921712511284,-0.055409970124834305,0.01543597281866529,-0.02343983233121718,0.00479569972514506,0.05146226804803004,0.017118464764662094,0.023612704444359315,0.015819437913267766,-0.03611472161243193,1
-0.3871083783879596,0.07840455562491574,0.01575819256509367,-0.2201520437539062,0.13769820604188662,-0.04280783203031984,0.042278592654205915,-0.05760945183105552,0.013395423260514827,-0.016170950204342466,0.0018862926185179306,0.05460467896117563,0.01795500103878858,0.023911966022748452,0.017345798504007262,-0.03951187185168678,1
-0.39622067628810503,0.1158006521482135,0.01823165882175551,-0.2063737368918928,0.16284546088889068,-0.041441435654239946,0.04973985925403299,-0.05912001363105425,0.017285812944975668,-0.023283788033563214,0.0018745155105371082,0.059618903080974686,0.018912292621087783,0.02919506067020769,0.02179716233797343,-0.037936291876236775,1
-0.41375593455190707,0.12803445659999982,0.012927634846946907,-0.2319441890343523,0.1542839999815079,-0.04910236991490311,0.05077452034985985,-0.0686990857740534,0.014885792532635604,-0.022540630816466317,0.00030418289903348645,0.06032429360332421,0.020341129427365236,0.03313187084084757,0.023674124704106497,-0.0294805240377936,1
-0.40730737817981705,0.1147010171124824,0.019554408086565597,-0.20265799860229938,0.17172516717850297,-0.04274205340723425,0.049269514668067824,-0.058045903940235094,0.014990136808965594,-0.010345992792911315,7.473520683679211e-05,0.06127743476395092,0.02436656545276804,0.02757322668849878,0.022590876563601807,-0.028165087188919465,1
-0.4103164549436394,0.13183747129634021,0.0032581028978558644,-0.21984214147900433,0.16816407233777392,-0.050244647137373664,0.0519822890114586,-0.06246554681856469,0.016067476077541602,-0.02307562579020335,-0.002170597310769111,0.06199431208258293,0.019228040789408984,0.034513011089895296,0.0237764031637518,-0.035613155020527136,1
-0.4224296148231409,0.14292573585425508,-0.009149038974537017,-0.20360527410631424,0.1598157425482857,-0.06216861056288046,0.054051135248204006,-0.06006771308547493,0.014144501004424635,-0.019612850242482636,-0.004970022172179776,0.060636858085876995,0.01781081741968301,0.03605367370877641,0.026282916309179435,-0.027897096951051293,1
-0.4183759104418649,0.1440209701429768,-0.0026734327326041166,-0.22989276732469974,0.1292357067297373,-0.06123227264355102,0.05249241680779716,-0.07407882944065597,0.010027615756015766,-0.01869493198337794,-0.007284143120735656,0.065463313552092,0.01809785472841264,0.03786900847780915,0.027392646555170326,-0.029553056188593958,1
-0.4182252515190659,0.12223000524597306,0.012860575427655143,-0.2503601281857029,0.14672747922918053,-0.04859586013279169,0.04875914989566711,-0.07631286713059678,0.010223183683299055,-0.003071246478070227,-0.006640872089760168,0.06799669355191329,0.02620450199536808,0.03396921081465363,0.02418478167916155,-0.03519914950315847,1
0.7835494699610799,-0.24040402072364309,0.041746682475507696,-0.08708103458335961,0.17371760807914585,-0.25831547617562844,0.033155042289842035,0.12722794478361768,0.12473586077578531,-0.23505359283268823,0.049367112220489805,-0.005192816907343492,-0.13473921675452774,0.052297220188708304,0.052662140812878455,-0.07135409646572233,0
0.7015409942707795,-0.2749928714350124,0.13133236375066176,-0.020663186179986703,0.08091295823381595,-0.3176378855209289,0.0412650224932115,0.10105889786286176,0.1127119330713874,-0.24151344178313483,0.04004413703075288,-0.02464378982841914,-0.12240070877964374,0.0556514469027786,0.020357768845936094,-0.09368417271088529,0
0.6320523138412936,-0.33803432763480923,0.07328520246466327,-0.0073397416499664,0.046493822388185876,-0.3092596353803143,0.08578456140526035,0.06276065191638354,0.06328300873873216,-0.24637299457933848,0.06942934028526886,-0.00411519303640844,-0.0671390516586309,0.03304868468934336,-0.03848658999444473,-0.12963285913069744,0
0.534133625226289,-0.35966686990898855,-0.09449008182118242,-0.08240559430143098,0.012961400569168268,-0.18007940646710263,0.16591783680252611,-0.049285341347386734,-0.059251020641830715,-0.24782727270483892,0.09351427444683844,0.07799523162326649,-0.053944919128937015,-0.002929434939536938,-0.07375188266394486,-0.11672379053015883,0
0.4453716123109765,-0.21838769344582734,-0.027081802452456446,-0.07079325430623007,0.0015324695507702383,-0.18206620654171032,0.15820368028368234,-0.09694357256559795,-0.07175179805794722,-0.12474395823672,0.03453403502714064,0.0967467266629336,-0.0393145778563336,0.011982505714488313,-0.07880563927820972,-0.1061322445869003,0
0.4569765999178805,-0.0325543041749111,0.11576569468029217,-0.03649198001266966,0.04653298531134058,-0.1764433340873206,0.0033751909497883956,-0.09878968288730412,-0.05266448043108511,-0.025940277936819058,-0.03753925253844944,0.07000527097019546,-0.012360313684776539,-0.044943095696973794,-0.058140533564541276,-0.05462934369620097,0
0.46069704748412577,-0.018732310933112988,0.11613327536264328,-0.027988909285922656,0.10501615055366993,-0.15219309157404384,0.007796987037203009,-0.08123264996891251,-0.027544657161674,-0.0018817165920850868,-0.04020759074978564,0.03590931527867691,0.006893280781515958,-0.05935534763913003,-0.04794928093018587,-0.05837026391110274,0
0.43733641726347683,0.0010219917018702226,0.09606069272078194,-0.06939959578582668,0.09252490936748749,-0.11776231695301903,0.0041073766133147786,-0.06767963732479974,-0.035276391461881385,0.022254195593043626,-0.02665182324615839,0.02859873154486971,0.014172931627155222,-0.05772177506831966,-0.02588009456098854,-0.03580019400833928,0
0.3971481115439862,-0.013342489759141393,0.07327111721906565,-0.11394266645380352,0.059156287773857084,-0.09300606674470381,0.015105605798079331,-0.06253973790054046,-0.04129097879609368,0.03925415215175086,-0.014037452882051419,0.027421142767614683,0.015512474816052932,-0.04901339116799122,-0.008612937445271343,-0.01669263671689727,0
0.36185314802560564,-0.021516563851546714,0.04333714085991756,-0.08360192643026405,0.07747235635242124,-0.058683700910096996,0.04078857944652079,-0.040792387211034016,-0.016995488764515863,0.042395200803598244,-0.008525140770976818,0.020397400930951253,0.017770545531485174,-0.03138954237814507,-0.001291333514194444,-0.020312942793902847,0
0.3487287956388768,-0.02808000019059574,0.03596678438684149,-0.09571184457861466,0.108898046234898,-0.03856626891545632,0.04690858110625595,-0.0312121898063984,-0.0057613248436304415,0.042158397751154854,-0.008692563776053663,0.009211243869695285,0.020855531789327468,-0.032890588689679076,0.0024170031604012583,-0.016982097390606195,0
0.33176567041146166,-0.017748338397555786,0.029469998964324715,-0.053463711169491134,0.06724129781115407,-0.03463672765054822,0.038932772127601344,-0.027246646401059088,0.0006288620333268479,0.05365049540585406,-0.0035699041633027906,0.007452420347040716,0.02157697918643097,-0.027374926875628796,0.017050615064708792,-0.0035978030959735756,0
0.28829855678488975,-0.060810196045697616,0.012243217007845215,-0.10564288756648098,0.12194523766032116,0.0017467399015627613,0.052207423186332376,-0.020356986372506842,0.015878130253147927,0.024817354315590723,-0.0026275564062090916,-0.005081809017696393,0.01326742099085543,-0.020667497250663552,-0.0014064970283562761,0.0063828454648763066,1
0.2854418303371352,-0.03810726354350317,0.021018376812541237,-0.08302510369374574,0.10269437452586534,-0.004920164628226889,0.04222167733369151,-0.015354812633783526,0.013307897025702089,0.026693319463833225,-0.0054955906942385025,0.003879528489384708,0.011347599522648948,-0.017222311718171124,-0.000355275073587447,0.006154723684862066,1
0.27822950162097626,-0.04273630326086043,0.018544243898600262,-0.10541819457070056,0.1172103659083909,0.003816199895334572,0.04172976542683417,-0.010770020777094047,0.013780967802885737,0.027058687460994334,-0.006226676999664199,-0.0015438909373885288,0.012046521454694458,-0.021891354204409092,0.0032863490268922255,0.017698058145297107,1
0.29226326362011046,-0.05010555157019634,0.018259269068204218,-0.09455293676554635,0.1366441898337301,-0.0012181506816391092,0.04875564093124731,-0.014451646649789207,0.016723824630477533,0.01971715374626023,-0.00529384241147494,-0.0037081293287373434,0.012402568975770738,-0.023956890349160518,-0.0027912269018199503,0.010038372797751896,1
0.2826756223270014,-0.05140256626727739,0.00958790073119109,-0.08081427521326655,0.09442201398851513,-0.0027885602377595935,0.04795946212916053,-0.02076617295730198,0.013930446929184928,0.024757124374729912,-0.001242357219057747,0.00111187781088315,0.010046109020456271,-0.015167577612685914,0.0007631988431161098,0.009276779901180985,1
0.2929013526320911,-0.05770909123987504,0.016316414430523316,-0.12497645581798397,0.13411616080791242,0.0013247950073637564,0.05058195548289705,-0.018270163537379567,0.01353628567783589,0.025264344893370875,-0.003617117585836452,-0.008689654455760844,0.015349702988236902,-0.026463081501125044,-0.0011386566686741111,0.011272757241796194,1
0.2974107570225091,-0.04854456093712644,0.02281567205459949,-0.10812770760973713,0.10931551322246509,-0.006001770621993542,0.042858974376354574,-0.021059888339828484,0.013273941545332795,0.03855433228444507,-0.002337979289063841,-0.011191614142998838,0.020238308169739292,-0.029918008284830107,0.006712296279814197,0.0151836673886255,1
0.2901023584511646,-0.059002713244872385,0.0037809530470308854,-0.0966037749114587,0.09601312583897813,0.0034075601132451485,0.051379949551799586,-0.027532836051250568,0.01738493361937133,0.039422611471856064,0.0033137577975443223,-0.014174143277040294,0.020012026086427173,-0.020004930387395783,0.0073397839306180756,0.008959146609500188,1
0.268016222368579,-0.05079001406572554,-0.0020975521471617116,-0.06622196166201569,0.06496101327751129,0.007960106977655437,0.04558775706566456,-0.023963463839839865,0.018885200895160215,0.03795512172170525,0.002302728950498921,-0.004381614048127145,0.013313117043325136,-0.008138353076562166,0.00976550890894729,0.009500701086297964,1
0.2835372812268622,-0.06393686903189287,-0.021380103977444945,-0.10619088844680757,0.11673573164789096,0.020576558688331064,0.06193857505033384,-0.026209182058798117,0.021118424727196865,0.023117001300174144,0.006191279632020828,-0.015428387960404842,0.01288854501843465,-0.0077714667261936515,-0.0003347859798048552,0.003113602044112285,1
0.3028839925953875,-0.05138871102936733,0.01763746018106362,-0.0940600902919846,0.10594746124293795,0.0010969621322597894,0.047502489609141836,-0.02730651784195523,0.023255075800637195,0.05548929243524495,0.001702288431977974,-0.023336576592299294,0.03053895537650363,-0.0272727175513607,0.011634252809934399,-0.00028199859696190037,1
0.31129485447064087,-0.037791741075622366,0.020810302048893132,-0.14446796035482298,0.1074015379767749,0.0011772744965150295,0.04127291645404355,-0.023555901902768524,0.013127245086991698,0.06033793441447638,0.0011291454964268968,-0.026966399175266553,0.03252346670263391,-0.032787375919360685,0.014063550999633412,0.008117827866098725,1
-0.22776485202001268,-0.28112584217171904,0.030871298242436937,0.14061554592550635,0.1547429444833589,0.12420830596801105,-0.07475854235993767,0.12368906830710423,-0.02849433827324768,-0.07517564668085233,0.03143764234313868,-0.07323295988839844,-0.0475826504148428,0.008623499863012583,0.007430115166737425,-0.02413715212895183,0
-0.22745096433391795,-0.25915205075234504,0.038552997909406826,0.06793137821813133,0.15707292434301007,0.10651505067886283,-0.05827102261290848,0.1111698357023744,-0.022858561539644877,-0.04179564859883493,0.019148938854987387,-0.05342287320939459,-0.03016364933876567,0.005648633894492306,0.005547420494000692,-0.021963510796531506,0
-0.21667235225640746,-0.26317040779399636,0.07092087871621225,-0.0731220607178676,0.10899488665973199,0.08528389218391931,-0.03080174214889834,0.09613104203344087,-0.006108366344655123,-0.030653657262271438,0.009875782071937839,-0.029118669309926706,-0.018503408192900368,-0.0011399145213219582,0.0009563390999318765,-0.02778757830249921,0
-0.2511209200100781,-0.21444733415682035,0.07964322569433753,-0.08441375070456815,0.11747621295621162,0.06345743939267508,-0.019972595775074847,0.08202253322403791,-0.0002429972552204876,-0.009522114904227165,0.01122306282316626,-0.015542269861390607,-0.0069709829593231736,0.0026780202677844337,-0.0014560535438030227,-0.02957542342965155,0
-0.18255671298399906,-0.20287651676376373,0.14282005685503762,-0.08662633043904899,0.11249229906943298,0.08659738792944323,-0.008787081330730343,0.07863949303314133,0.03592952752276347,-0.011267027459153704,-0.00636506268697107,-0.012241126662396996,-0.004722732397815518,-0.004359340882433298,0.004088380591005984,-0.015651912338745973,0
-0.16717665422709896,-0.1961328116696557,0.12883960358740162,-0.07972201400416792,0.06963478071677559,0.07486697117180655,-0.009665332239958958,0.06817180244360314,0.02670181095318101,-0.001506667797048796,-0.006964850141088625,-0.0038501611613964578,-0.007037105385010734,-0.00425982040595252,0.015155607144226584,-0.009958509951658536,0
-0.1520841687665089,-0.2029047670973504,0.11999003051409965,-0.14893629122577032,0.0609901112314201,0.07057660119450876,-0.005368924427477411,0.05352147822115125,0.0241828990069645,-0.0014400887765581335,-0.004424720241913022,0.0009371082895263856,-0.007240040883122031,-0.005191097846204864,0.01918574369706301,-0.009532259745592405,0
-0.16070286979274767,-0.1846372450837677,0.10593557534634954,-0.17094463476516675,0.07407742082161876,0.06399898802073867,-0.0002154894995322024,0.04348546737940799,0.020284346257830856,0.002793859563492943,-0.0032178010027908988,0.009366273806694775,-0.005146558563817803,0.0021488527736086794,0.020341916382401244,-0.014561131085900363,0
-0.1489396076782792,-0.20466672744434625,0.0931582641271384,-0.1989837241147376,0.09714223454792677,0.06918542532742344,0.000720453641505457,0.0468414074964914,0.018712142122652042,-0.0057597626481719144,-0.003273593239885161,0.00712871289491012,-0.007780627134031271,0.004230321066600682,0.01622712340126007,-0.02185892340849397,0
-0.15299986476401298,-0.198945028890781,0.0991742078330461,-0.16260921493096483,0.06846753183744511,0.06529266332531145,-0.002824319605366574,0.045783988782239673,0.014893476502998096,0.009452583261995337,-0.0073161719210873225,0.010326255772478404,-0.005305618119049787,0.002508688004049723,0.01976171008962483,-0.018185233862382008,0
-0.1537338966568626,-0.18482384191298223,0.07692837579222957,-0.14681257294436736,0.07735400826142876,0.06014976738236072,-0.0007075855445272509,0.044262710940881834,0.011171480213720646,0.006432472510646113,-0.006448190583616003,0.01541056486776587,-0.009001935702439878,0.010162719820282792,0.02185960592867253,-0.026240908602285316,0
-0.1566450352883337,-0.19181070427016847,0.06157813923472444,-0.20196916344306642,0.07504372303622678,0.051377877143592675,0.0018822239312547263,0.037095833416562814,0.006960776751004598,-0.0032495762346923087,-0.0009940830439119802,0.017008430466254408,-0.011635230469446211,0.011042284780733705,0.021227991157521685,-0.020129399332626755,0
-0.17791659904922122,-0.10215498517875182,0.10369811840282186,-0.19561126223308598,0.17765877349433645,0.06477838166315616,0.01159061387670216,0.02062209074189448,0.03501450735061539,-0.006645676496065868,0.000169592486114198,0.018644099678294876,0.0059171991870723825,0.020355839443741804,0.0074810842163560405,-0.01416803154828137,1
-0.19822111079370655,-0.09786296424790278,0.0739460641119922,-0.20362192090333897,0.17165365496048282,0.04683132152522744,0.012338424831827477,0.017932022776371993,0.027555175478395047,-0.016421396224165538,0.006660537135961474,0.02252585200855212,0.0010010917405295387,0.023022426442893762,0.0067888421159167074,-0.018925762311650673,1
-0.20812976285758752,-0.069335418717605,0.10850188265197155,-0.19948891782583358,0.17653059301930404,0.05536801637613124,0.01624896708356214,0.005108629046596684,0.03525411492544328,-0.015417721807179374,0.00555424567604379,0.022957067247878382,0.01000724738511053,0.01946021960272404,0.006296217560502329,-0.011425975720847121,1
-0.1986389343035539,-0.04452485978437411,0.15263126891400952,-0.2088666267935694,0.17377324559353444,0.07246652336657453,0.015383326297372709,-0.016509339208991745,0.04280263009208273,-0.010820348457129507,0.0006832334452766333,0.02129864223089655,0.019236073472155557,0.015499808889060772,0.00772430522458414,0.0017607325964514422,1
-0.20826323993164894,-0.04054880408947968,0.1946340289084691,-0.1978891358614839,0.18069103453294513,0.08908481168421344,0.010918113196817715,-0.02583453460195961,0.05393614927971802,-0.001812034594663143,-0.006382718681659087,0.015216554478452654,0.02836316054112594,0.011943566488351367,-1.0146060838404326e-05,0.009151265101729446,1
-0.18405219947858978,-0.10181247454783253,0.1986737575196993,-0.27096398098798113,0.15140445127022817,0.09512804016559488,-0.005794189430646184,-0.030061545086190068,0.04490904838191951,0.027707564554463812,-0.01157711217551848,0.012089235349331784,0.0324426385892027,0.0072999648281128204,0.0017577225821691252,0.014331640009784343,1
-0.21275858371727027,-0.0591958118495272,0.15426435571772856,-0.27434921475126833,0.15878539603897746,0.07036597363677971,0.009989885262405693,-0.035787256958450454,0.034615148159385864,-0.005556126407256683,0.004598498020131583,0.02227280022446925,0.023667423730189128,0.013091899643809794,0.006667731399305969,0.008122827449095859,1
-0.26391541703316035,-0.04072677495783592,0.08975757988288942,-0.23997636544452072,0.19319535383857211,0.034372375390115416,0.020697762056132513,-0.018353738875529366,0.02817162603651955,-0.013347077822574993,0.008929155327755452,0.0353526422994703,0.018771285573672806,0.01901965594100157,0.0049838852961028805,-0.01615312481885189,1
-0.2919423053960437,-0.03869229348123951,0.044525265840414066,-0.2487263301457111,0.14532560011470141,-0.0023303937323841417,0.019628393096686757,-0.025434839993322425,0.015933953864658,-0.018009399968054625,0.011130257560014277,0.038352482961643515,0.011428246561133901,0.017236061715438945,0.006331456559827846,-0.020303405871812504,1
-0.2908530566688444,-0.02254784847825939,0.0676584287496069,-0.2806689211506382,0.1774995150895198,0.01253581706500624,0.02329177520286279,-0.03743857692599056,0.022377275729487906,-0.026642264987533006,0.014419180606162093,0.038470989966740726,0.017585000228605683,0.018352536302848044,0.0069245903669688975,-0.016486328492211613,1
-0.2847676838421467,-0.02349314463329511,0.05229633433115203,-0.3017677978766014,0.1854217557645559,0.008060002568454416,0.022918766733918995,-0.03877797778130959,0.020783952872567457,-0.03206597140235322,0.01370106655646194,0.04059456867042013,0.015277492893028684,0.021383929229705553,0.007493740484920648,-0.01715679296392319,1
-0.27671638091340456,0.00570446632203602,0.08777677595042051,-0.2663489976925518,0.18167249888563325,0.02441237207928491,0.027923036348021756,-0.04653318565448531,0.025132596498571597,-0.028610030473772023,0.011552178091139488,0.042537762064886235,0.019438281755566326,0.018082021989578954,0.011571929925262011,-0.013010650313664749,1
0.2786603020292592,0.009541817888379487,-0.01211235183271294,-0.08796311251881479,0.14024592694073457,0.020559128616892297,0.04562871411939595,0.013195526164866809,0.009420407947376135,0.01356410032745102,-0.01043084544343607,0.014152526210090045,0.002123760089995249,-0.003514864376015498,0.006253697132417625,0.004841161513561107,0
0.25066797069139385,0.016272798107680914,-0.03624038253988926,-0.06518381433021775,0.10319062313218029,0.026988781896356038,0.04567307630410679,0.013033367273369756,0.013091207369716203,0.007823746239271017,-0.010039123920890033,0.021632966486248385,-0.0075342888205980636,0.01293887825995583,0.006769442150237611,0.004125853471354285,0
0.2489345779979118,0.02086394496560818,-0.032402322604327106,-0.09431511097707491,0.13233870877094983,0.034494097854673486,0.04450326033986073,0.020666291961337575,0.012707180682759635,0.006134102105539288,-0.012519678125806831,0.017673330454923458,-0.004946484212528338,0.008691903985702685,0.005993172458551856,0.006202350175549462,0
0.2661363871802475,0.0378114796725528,-0.004992855654760008,-0.06431080077234873,0.1301735132203487,0.019918073657149017,0.03305000058423648,0.024513277857419673,0.006994070599032948,0.011350086774676835,-0.013297151623280812,0.021209648992278583,-2.0109405876262866e-05,-0.0024390597881598034,0.008348654340415982,0.013307116293681611,0
0.2569368730207313,0.0411362710512072,-0.006134327879721282,-0.038124453628666344,0.11847371913968985,0.020414210144871,0.03215818680580574,0.025916474063925013,0.011427858496130693,0.013478297884594264,-0.013814701583346089,0.024969210257561672,-0.001412923188282823,0.0017296730710917299,0.009767929997716713,0.009792698439827613,0
0.2589788249330689,0.04165611077586795,-0.005559395407707205,-0.019400136980247683,0.09467254231697024,0.008709127044216966,0.03226101164928322,0.019533709638606834,0.005787610922512132,0.007407634951654949,-0.013205638563984776,0.03490885045398982,-0.006675168442819707,0.006832951109248952,0.004487967383698361,0.0059167202983613455,0
0.2507417689348676,0.04724419037288664,-0.007119196777493899,-0.0467875171771093,0.09373677455180097,0.013130450541395895,0.029797160605965923,0.021558504227544704,0.0007769251351986772,0.005298464721726162,-0.014635254988278425,0.03563144333461678,-0.007803178499980557,0.007922191670549188,0.003588468318103802,0.008756222128682448,0
0.24361709881417404,0.02862084591194709,-0.03766310149800477,-0.06893080188110097,0.1209096071074562,0.03470440031007386,0.04132560039973379,0.02380701924393315,0.016470636158122557,0.007058418653725215,-0.011490806741428284,0.01702934550128789,-0.006297445096865029,0.009716208083844942,0.01046016260754153,0.01275586998549394,0
0.2278585524880245,0.050324688392345635,-0.02686274591613222,-0.020196607551629147,0.08040094176759184,0.028637940631854465,0.02961495169149752,0.027692077730944297,0.017097817801016622,0.017993758369194247,-0.013148545863802246,0.024945840109172817,-0.005189932154604003,0.011376914551607675,0.01709368929130016,0.01358948210809121,0
0.21935860085354164,0.05023597588749359,-0.025435999591368323,-0.010372797313060277,0.03108835964440964,0.018186140483285446,0.025134612628420448,0.019915441100974898,0.01048714035586745,0.022735533120963818,-0.012869337743095738,0.03130070172192524,-0.008394884413068264,0.015170470475159906,0.019301124883345268,0.01865585947653659,0
0.2286107183749961,0.059033759210237555,-0.024373403071988514,0.001631651569506424,0.0713919554349476,0.023579244945271388,0.028391638491251984,0.027796225822935526,0.016040217852594872,0.015962972436201272,-0.013204297916767289,0.030822390527380443,-0.006673605824460338,0.014373269895084596,0.014305437171804219,0.008221127180316595,0
0.21658796463893973,0.030504835660938385,-0.04994104969071246,0.06511582564405255,-0.0006731735282127393,0.021844521589051754,0.027140502855285506,0.003442256080709457,0.026168003817936786,0.03122879104253316,-0.005101555633841079,0.023075516011206092,-0.008495450144086703,0.020931498680862744,0.029693771952489265,0.023511623559212883,0
0.27032773554697137,0.11165366064662648,-0.008940275081576746,-0.04472684525675208,-0.005794470845386713,0.014689709427921967,0.005613771045101973,0.009623315840037498,-0.010004280825906823,0.08016480449068467,0.0010098285652167128,-0.00519539490117778,0.03286636764107765,0.007280437702224368,0.019832993391262828,0.013742931296657131,1
0.2362731657128308,0.1977972667678183,0.02495415498944495,-0.0601482577636158,0.030287372616380318,0.04203558852909864,-0.029051389737144398,0.034260441144729925,-0.02674091372518229,0.06812865433970444,0.0028032092474096766,-0.010840489041885342,0.03881486799648794,-0.004896114328697329,0.014798389900466056,0.01057580325266681,1
0.2890393443761947,0.15959474936628967,0.040868563501600425,-0.058617131622010446,0.024794564018143422,0.014991119060770075,-0.031697004894573125,0.014021725923150439,-0.03071684575940468,0.08497170941742262,0.003625223646923132,-0.00896136802811193,0.04252376248939463,-0.010709215930423644,0.014486879285128698,0.008779672306745697,1
0.26985412117624985,0.17881989371991389,0.0054622555524730535,-0.06906687109316079,-0.03404621744436501,0.013875738235055739,-0.02246165121361368,0.013031287780158024,-0.045593717712266515,0.06381435885086216,0.007776901044478193,-0.004403116998151117,0.02968137003597881,0.009683642309835391,0.005169344692773682,0.006896548442149125,1
0.2768713045823668,0.1769211547330154,0.038067132683517683,-0.10269948611929319,-0.029681191452103014,-4.9808141860883956e-05,-0.043402786085674334,-0.006830635300227507,-0.07166943247668886,0.04219700663853258,0.010614355752402152,0.009847561502624499,0.017371623906978537,0.004322678715835406,-0.011280485937153716,0.01320598681184882,1
0.2493237696088831,0.25704993109103713,0.07448457593240743,-0.17648933953604934,-0.012328687370789711,0.022322595456644608,-0.08418278160410436,-0.030362219214710204,-0.11241617052255067,0.0044052968638745625,0.03031380412801328,0.004691423957173467,0.006722958158254402,0.00518493028208401,-0.036039758124720205,0.009920442631453226,1
0.2430184756079014,0.32896965848327403,0.1616330288052132,-0.14099125926359132,-0.03698170218142596,0.018697009623883723,-0.15153378747782445,-0.07254690971895825,-0.10779995228630039,0.039706780364598196,0.05701320472227184,-0.0195418903342902,0.009833386729645158,-0.00925044459872657,-0.02440951645587521,0.015145452067863495,1
0.22493778146922605,0.3139005201426329,0.16898582395084952,-0.11089921210390757,-0.0350843217932151,0.013279849404155993,-0.1429113916272847,-0.07673914659719237,-0.09899708847075596,0.031163667801810853,0.042836636582369,-0.0005648385070388073,0.0042972313945687695,-0.0008284842776904043,-0.036809438932843816,0.007427545880121352,1
0.232372667915241,0.3082681618500646,0.15529494840062058,-0.1277370060326422,-0.022062355812687347,0.016845243563170388,-0.13560843142892398,-0.0692723084073609,-0.10344098136549942,0.025286116094223807,0.042070429452149824,0.0007223403349367179,0.005523910425590577,-0.0003520625837500411,-0.03810179806686793,0.006841487634772893,1
0.2826624605319385,0.2749862004423084,0.14712046389048392,-0.07458562135495793,0.025331411317639368,0.004912392937859004,-0.13180580142793666,-0.04029223468138669,-0.07776340922113048,0.04319126345910675,0.02027055147513994,0.006159227846980613,0.018726552616073176,-0.009477775429419919,-0.03523640093279831,0.006363562767478208,1
0.2975122068444672,0.23693718087105908,0.15109506678454027,-0.06917308987647613,0.022137261802976788,-0.011523917990568355,-0.12915858711853057,-0.0484193899719998,-0.07278785569503805,0.05090547306473485,0.008129351277260664,0.016952463812947138,0.020843334627484607,-0.014237446957061592,-0.03819541570232778,0.006709141327923808,1
0.2940113588203059,0.22097722009229662,0.15285328037777188,-0.11376906439417875,0.007643968073110775,-0.012217711608417087,-0.13228645944794265,-0.06194382337234934,-0.08407942934783905,0.05118246948827676,0.011681295066503145,0.017012866729830482,0.018831437140101666,-0.017831553681294507,-0.03517423803184118,0.016594770217357696,1
